"","DownEventID","UpEventID","DownTime","UpTime","ActionTime","DownEvent","UpEvent","Cursorposition","WordCount","TextChange","Activity"
"1","1","1",40969,41165,196,"Leftclick","Leftclick","0","0","NoChange","Nonproduction"
"2","2","2",48912,48912,0,"Shift","Shift","0","0","NoChange","Nonproduction"
"3","3","3",49197,49369,172,"I","I","1","1","I","Input"
"4","4","4",59702,59857,155,"Backspace","Backspace","0","0","I","Remove/Cut"
"5","5","5",66886,66886,0,"Shift","Shift","0","0","NoChange","Nonproduction"
"6","6","6",67387,67387,0,"Shift","Shift","0","0","NoChange","Nonproduction"
"7","7","7",67416,67416,0,"Shift","Shift","0","0","NoChange","Nonproduction"
"8","8","8",67446,67446,0,"Shift","Shift","0","0","NoChange","Nonproduction"
"9","9","9",67486,67486,0,"Shift","Shift","0","0","NoChange","Nonproduction"
"10","10","10",67516,67516,0,"Shift","Shift","0","0","NoChange","Nonproduction"
"11","11","11",67546,67546,0,"Shift","Shift","0","0","NoChange","Nonproduction"
"12","12","12",67586,67586,0,"Shift","Shift","0","0","NoChange","Nonproduction"
"13","13","13",67616,67616,0,"Shift","Shift","0","0","NoChange","Nonproduction"
"14","14","14",67646,67646,0,"Shift","Shift","0","0","NoChange","Nonproduction"
"15","15","15",67676,67676,0,"Shift","Shift","0","0","NoChange","Nonproduction"
"16","16","16",67716,67716,0,"Shift","Shift","0","0","NoChange","Nonproduction"
"17","17","17",67746,67746,0,"Shift","Shift","0","0","NoChange","Nonproduction"
"18","18","18",67788,67788,0,"Shift","Shift","0","0","NoChange","Nonproduction"
"19","19","19",67817,67817,0,"Shift","Shift","0","0","NoChange","Nonproduction"
"20","20","20",67847,67847,0,"Shift","Shift","0","0","NoChange","Nonproduction"
"21","21","21",67876,67876,0,"Shift","Shift","0","0","NoChange","Nonproduction"
"22","22","22",67916,67916,0,"Shift","Shift","0","0","NoChange","Nonproduction"
"23","23","23",67947,67947,0,"Shift","Shift","0","0","NoChange","Nonproduction"
"24","24","24",67977,67977,0,"Shift","Shift","0","0","NoChange","Nonproduction"
"25","25","25",68006,68006,0,"Shift","Shift","0","0","NoChange","Nonproduction"
"26","26","26",68046,68046,0,"Shift","Shift","0","0","NoChange","Nonproduction"
"27","27","27",68076,68076,0,"Shift","Shift","0","0","NoChange","Nonproduction"
"28","28","28",68107,68107,0,"Shift","Shift","0","0","NoChange","Nonproduction"
"29","29","29",68146,68146,0,"Shift","Shift","0","0","NoChange","Nonproduction"
"30","30","30",68176,68176,0,"Shift","Shift","0","0","NoChange","Nonproduction"
"31","31","31",68207,68207,0,"Shift","Shift","0","0","NoChange","Nonproduction"
"32","32","32",68246,68246,0,"Shift","Shift","0","0","NoChange","Nonproduction"
"33","33","33",68288,68288,0,"Shift","Shift","0","0","NoChange","Nonproduction"
"34","34","34",68316,68316,0,"Shift","Shift","0","0","NoChange","Nonproduction"
"35","35","35",68347,68347,0,"Shift","Shift","0","0","NoChange","Nonproduction"
"36","36","36",68375,68375,0,"Shift","Shift","0","0","NoChange","Nonproduction"
"37","37","37",68406,68406,0,"Shift","Shift","0","0","NoChange","Nonproduction"
"38","38","38",68436,68436,0,"Shift","Shift","0","0","NoChange","Nonproduction"
"39","39","39",68476,68476,0,"Shift","Shift","0","0","NoChange","Nonproduction"
"40","40","40",68506,68506,0,"Shift","Shift","0","0","NoChange","Nonproduction"
"41","41","41",68536,68536,0,"Shift","Shift","0","0","NoChange","Nonproduction"
"42","42","42",68576,68576,0,"Shift","Shift","0","0","NoChange","Nonproduction"
"43","43","43",68606,68606,0,"Shift","Shift","0","0","NoChange","Nonproduction"
"44","44","44",68636,68636,0,"Shift","Shift","0","0","NoChange","Nonproduction"
"45","45","45",68666,68666,0,"Shift","Shift","0","0","NoChange","Nonproduction"
"46","46","46",68706,68706,0,"Shift","Shift","0","0","NoChange","Nonproduction"
"47","47","47",68736,68736,0,"Shift","Shift","0","0","NoChange","Nonproduction"
"48","48","48",68779,68779,0,"Shift","Shift","0","0","NoChange","Nonproduction"
"49","49","49",68806,68806,0,"Shift","Shift","0","0","NoChange","Nonproduction"
"50","50","50",68832,68832,0,"Shift","Shift","0","0","NoChange","Nonproduction"
"51","51","51",68867,68867,0,"Shift","Shift","0","0","NoChange","Nonproduction"
"52","52","52",68906,68906,0,"Shift","Shift","0","0","NoChange","Nonproduction"
"53","53","53",68936,68936,0,"Shift","Shift","0","0","NoChange","Nonproduction"
"54","54","54",68966,68966,0,"Shift","Shift","0","0","NoChange","Nonproduction"
"55","55","55",68996,68996,0,"Shift","Shift","0","0","NoChange","Nonproduction"
"56","56","56",69037,69037,0,"Shift","Shift","0","0","NoChange","Nonproduction"
"57","57","57",69072,69072,0,"Shift","Shift","0","0","NoChange","Nonproduction"
"58","58","58",69102,69102,0,"Shift","Shift","0","0","NoChange","Nonproduction"
"59","59","59",69136,69136,0,"Shift","Shift","0","0","NoChange","Nonproduction"
"60","60","60",69166,69166,0,"Shift","Shift","0","0","NoChange","Nonproduction"
"61","61","61",69196,69196,0,"Shift","Shift","0","0","NoChange","Nonproduction"
"62","62","62",69236,69236,0,"Shift","Shift","0","0","NoChange","Nonproduction"
"63","63","63",69266,69266,0,"Shift","Shift","0","0","NoChange","Nonproduction"
"64","64","64",69297,69297,0,"Shift","Shift","0","0","NoChange","Nonproduction"
"65","65","65",69327,69327,0,"Shift","Shift","0","0","NoChange","Nonproduction"
"66","66","66",69362,69362,0,"Shift","Shift","0","0","NoChange","Nonproduction"
"67","67","67",69397,69397,0,"Shift","Shift","0","0","NoChange","Nonproduction"
"68","68","68",69427,69427,0,"Shift","Shift","0","0","NoChange","Nonproduction"
"69","69","69",69466,69466,0,"Shift","Shift","0","0","NoChange","Nonproduction"
"70","70","70",69496,69496,0,"Shift","Shift","0","0","NoChange","Nonproduction"
"71","71","71",69527,69527,0,"Shift","Shift","0","0","NoChange","Nonproduction"
"72","72","72",69566,69566,0,"Shift","Shift","0","0","NoChange","Nonproduction"
"73","73","73",69597,69597,0,"Shift","Shift","0","0","NoChange","Nonproduction"
"74","74","74",69626,69626,0,"Shift","Shift","0","0","NoChange","Nonproduction"
"75","75","75",69656,69656,0,"Shift","Shift","0","0","NoChange","Nonproduction"
"76","76","76",69696,69696,0,"Shift","Shift","0","0","NoChange","Nonproduction"
"77","77","77",69727,69727,0,"Shift","Shift","0","0","NoChange","Nonproduction"
"78","78","78",69756,69756,0,"Shift","Shift","0","0","NoChange","Nonproduction"
"79","79","79",69796,69796,0,"Shift","Shift","0","0","NoChange","Nonproduction"
"80","80","80",69827,69827,0,"Shift","Shift","0","0","NoChange","Nonproduction"
"81","81","81",69856,69856,0,"Shift","Shift","0","0","NoChange","Nonproduction"
"82","82","82",69892,69892,0,"Shift","Shift","0","0","NoChange","Nonproduction"
"83","83","83",69923,69923,0,"Shift","Shift","0","0","NoChange","Nonproduction"
"84","84","84",69956,69956,0,"Shift","Shift","0","0","NoChange","Nonproduction"
"85","85","85",69986,69986,0,"Shift","Shift","0","0","NoChange","Nonproduction"
"86","86","86",70026,70026,0,"Shift","Shift","0","0","NoChange","Nonproduction"
"87","87","87",70056,70056,0,"Shift","Shift","0","0","NoChange","Nonproduction"
"88","88","88",70087,70087,0,"Shift","Shift","0","0","NoChange","Nonproduction"
"89","89","89",70126,70126,0,"Shift","Shift","0","0","NoChange","Nonproduction"
"90","90","90",70156,70156,0,"Shift","Shift","0","0","NoChange","Nonproduction"
"91","91","91",70186,70186,0,"Shift","Shift","0","0","NoChange","Nonproduction"
"92","92","92",70226,70226,0,"Shift","Shift","0","0","NoChange","Nonproduction"
"93","93","93",70257,70257,0,"Shift","Shift","0","0","NoChange","Nonproduction"
"94","94","94",70286,70286,0,"Shift","Shift","0","0","NoChange","Nonproduction"
"95","95","95",70317,70317,0,"Shift","Shift","0","0","NoChange","Nonproduction"
"96","96","96",70356,70356,0,"Shift","Shift","0","0","NoChange","Nonproduction"
"97","97","97",70387,70387,0,"Shift","Shift","0","0","NoChange","Nonproduction"
"98","98","98",70422,70422,0,"Shift","Shift","0","0","NoChange","Nonproduction"
"99","99","99",70453,70453,0,"Shift","Shift","0","0","NoChange","Nonproduction"
"100","100","100",70486,70486,0,"Shift","Shift","0","0","NoChange","Nonproduction"
"101","101","101",70516,70516,0,"Shift","Shift","0","0","NoChange","Nonproduction"
"102","102","102",70556,70556,0,"Shift","Shift","0","0","NoChange","Nonproduction"
"103","103","103",70587,70587,0,"Shift","Shift","0","0","NoChange","Nonproduction"
"104","104","104",70616,70616,0,"Shift","Shift","0","0","NoChange","Nonproduction"
"105","105","105",70646,70646,0,"Shift","Shift","0","0","NoChange","Nonproduction"
"106","106","106",70686,70686,0,"Shift","Shift","0","0","NoChange","Nonproduction"
"107","107","107",70716,70716,0,"Shift","Shift","0","0","NoChange","Nonproduction"
"108","108","108",70746,70746,0,"Shift","Shift","0","0","NoChange","Nonproduction"
"109","109","109",70786,70786,0,"Shift","Shift","0","0","NoChange","Nonproduction"
"110","110","110",70817,70817,0,"Shift","Shift","0","0","NoChange","Nonproduction"
"111","111","111",70847,70847,0,"Shift","Shift","0","0","NoChange","Nonproduction"
"112","112","112",70886,70886,0,"Shift","Shift","0","0","NoChange","Nonproduction"
"113","113","113",70916,70916,0,"Shift","Shift","0","0","NoChange","Nonproduction"
"114","114","114",70946,70946,0,"Shift","Shift","0","0","NoChange","Nonproduction"
"115","115","115",70977,70977,0,"Shift","Shift","0","0","NoChange","Nonproduction"
"116","116","116",71016,71016,0,"Shift","Shift","0","0","NoChange","Nonproduction"
"117","117","117",71046,71046,0,"Shift","Shift","0","0","NoChange","Nonproduction"
"118","118","118",71076,71076,0,"Shift","Shift","0","0","NoChange","Nonproduction"
"119","119","119",71117,71117,0,"Shift","Shift","0","0","NoChange","Nonproduction"
"120","120","120",71146,71146,0,"Shift","Shift","0","0","NoChange","Nonproduction"
"121","121","121",71181,71181,0,"Shift","Shift","0","0","NoChange","Nonproduction"
"122","122","122",71212,71212,0,"Shift","Shift","0","0","NoChange","Nonproduction"
"123","123","123",71244,71244,0,"Shift","Shift","0","0","NoChange","Nonproduction"
"124","124","124",71277,71277,0,"Shift","Shift","0","0","NoChange","Nonproduction"
"125","125","125",71306,71306,0,"Shift","Shift","0","0","NoChange","Nonproduction"
"126","126","126",71346,71346,0,"Shift","Shift","0","0","NoChange","Nonproduction"
"127","127","127",71376,71376,0,"Shift","Shift","0","0","NoChange","Nonproduction"
"128","128","128",71406,71406,0,"Shift","Shift","0","0","NoChange","Nonproduction"
"129","129","129",71446,71446,0,"Shift","Shift","0","0","NoChange","Nonproduction"
"130","130","130",71481,71481,0,"Shift","Shift","0","0","NoChange","Nonproduction"
"131","131","131",71504,71504,0,"Shift","Shift","0","0","NoChange","Nonproduction"
"132","132","132",71546,71546,0,"Shift","Shift","0","0","NoChange","Nonproduction"
"133","133","133",71576,71576,0,"Shift","Shift","0","0","NoChange","Nonproduction"
"134","134","134",71606,71606,0,"Shift","Shift","0","0","NoChange","Nonproduction"
"135","135","135",71636,71636,0,"Shift","Shift","0","0","NoChange","Nonproduction"
"136","136","136",71676,71676,0,"Shift","Shift","0","0","NoChange","Nonproduction"
"137","137","137",71705,71705,0,"Shift","Shift","0","0","NoChange","Nonproduction"
"138","138","138",71751,71751,0,"Shift","Shift","0","0","NoChange","Nonproduction"
"139","139","139",71776,71776,0,"Shift","Shift","0","0","NoChange","Nonproduction"
"140","140","140",71807,71807,0,"Shift","Shift","0","0","NoChange","Nonproduction"
"141","141","141",71836,71836,0,"Shift","Shift","0","0","NoChange","Nonproduction"
"142","142","142",71876,71876,0,"Shift","Shift","0","0","NoChange","Nonproduction"
"143","143","143",71907,71907,0,"Shift","Shift","0","0","NoChange","Nonproduction"
"144","144","144",71936,71936,0,"Shift","Shift","0","0","NoChange","Nonproduction"
"145","145","145",71966,71966,0,"Shift","Shift","0","0","NoChange","Nonproduction"
"146","146","146",72008,72008,0,"Shift","Shift","0","0","NoChange","Nonproduction"
"147","147","147",72039,72039,0,"Shift","Shift","0","0","NoChange","Nonproduction"
"148","148","148",72066,72066,0,"Shift","Shift","0","0","NoChange","Nonproduction"
"149","149","149",72106,72106,0,"Shift","Shift","0","0","NoChange","Nonproduction"
"150","150","150",72136,72136,0,"Shift","Shift","0","0","NoChange","Nonproduction"
"151","151","151",72167,72167,0,"Shift","Shift","0","0","NoChange","Nonproduction"
"152","152","152",72207,72207,0,"Shift","Shift","0","0","NoChange","Nonproduction"
"153","153","153",72237,72237,0,"Shift","Shift","0","0","NoChange","Nonproduction"
"154","154","154",72267,72267,0,"Shift","Shift","0","0","NoChange","Nonproduction"
"155","155","155",72296,72296,0,"Shift","Shift","0","0","NoChange","Nonproduction"
"156","156","156",72336,72336,0,"Shift","Shift","0","0","NoChange","Nonproduction"
"157","157","157",72367,72367,0,"Shift","Shift","0","0","NoChange","Nonproduction"
"158","158","158",72397,72397,0,"Shift","Shift","0","0","NoChange","Nonproduction"
"159","159","159",72438,72438,0,"Shift","Shift","0","0","NoChange","Nonproduction"
"160","160","160",72468,72468,0,"Shift","Shift","0","0","NoChange","Nonproduction"
"161","161","161",72496,72496,0,"Shift","Shift","0","0","NoChange","Nonproduction"
"162","162","162",72539,72539,0,"Shift","Shift","0","0","NoChange","Nonproduction"
"163","163","163",72624,72624,0,"Shift","Shift","0","0","NoChange","Nonproduction"
"164","164","164",72624,72624,0,"Shift","Shift","0","0","NoChange","Nonproduction"
"165","165","165",72636,72636,0,"Shift","Shift","0","0","NoChange","Nonproduction"
"166","166","166",72665,72665,0,"Shift","Shift","0","0","NoChange","Nonproduction"
"167","167","167",72695,72695,0,"Shift","Shift","0","0","NoChange","Nonproduction"
"168","168","168",72726,72726,0,"Shift","Shift","0","0","NoChange","Nonproduction"
"169","169","169",72767,72767,0,"Shift","Shift","0","0","NoChange","Nonproduction"
"170","170","170",72796,72796,0,"Shift","Shift","0","0","NoChange","Nonproduction"
"171","171","171",72827,72827,0,"Shift","Shift","0","0","NoChange","Nonproduction"
"172","172","172",72866,72866,0,"Shift","Shift","0","0","NoChange","Nonproduction"
"173","173","173",72896,72896,0,"Shift","Shift","0","0","NoChange","Nonproduction"
"174","174","174",72926,72926,0,"Shift","Shift","0","0","NoChange","Nonproduction"
"175","175","175",72957,72957,0,"Shift","Shift","0","0","NoChange","Nonproduction"
"176","176","176",72998,72998,0,"Shift","Shift","0","0","NoChange","Nonproduction"
"177","177","177",73037,73037,0,"Shift","Shift","0","0","NoChange","Nonproduction"
"178","178","178",73057,73057,0,"Shift","Shift","0","0","NoChange","Nonproduction"
"179","179","179",73103,73103,0,"Shift","Shift","0","0","NoChange","Nonproduction"
"180","180","180",73126,73126,0,"Shift","Shift","0","0","NoChange","Nonproduction"
"181","181","181",73157,73157,0,"Shift","Shift","0","0","NoChange","Nonproduction"
"182","182","182",73197,73197,0,"Shift","Shift","0","0","NoChange","Nonproduction"
"183","183","183",73226,73226,0,"Shift","Shift","0","0","NoChange","Nonproduction"
"184","184","184",73256,73256,0,"Shift","Shift","0","0","NoChange","Nonproduction"
"185","185","185",73286,73286,0,"Shift","Shift","0","0","NoChange","Nonproduction"
"186","186","186",73326,73326,0,"Shift","Shift","0","0","NoChange","Nonproduction"
"187","187","187",73357,73357,0,"Shift","Shift","0","0","NoChange","Nonproduction"
"188","188","188",73387,73387,0,"Shift","Shift","0","0","NoChange","Nonproduction"
"189","189","189",73426,73426,0,"Shift","Shift","0","0","NoChange","Nonproduction"
"190","190","190",73457,73457,0,"Shift","Shift","0","0","NoChange","Nonproduction"
"191","191","191",73486,73486,0,"Shift","Shift","0","0","NoChange","Nonproduction"
"192","192","192",73526,73526,0,"Shift","Shift","0","0","NoChange","Nonproduction"
"193","193","193",73557,73557,0,"Shift","Shift","0","0","NoChange","Nonproduction"
"194","194","194",73586,73586,0,"Shift","Shift","0","0","NoChange","Nonproduction"
"195","195","195",73616,73616,0,"Shift","Shift","0","0","NoChange","Nonproduction"
"196","196","196",73667,73667,0,"Shift","Shift","0","0","NoChange","Nonproduction"
"197","197","197",73687,73687,0,"Shift","Shift","0","0","NoChange","Nonproduction"
"198","198","198",73717,73717,0,"Shift","Shift","0","0","NoChange","Nonproduction"
"199","199","199",73756,73756,0,"Shift","Shift","0","0","NoChange","Nonproduction"
"200","200","200",73786,73786,0,"Shift","Shift","0","0","NoChange","Nonproduction"
"201","201","201",73816,73816,0,"Shift","Shift","0","0","NoChange","Nonproduction"
"202","202","202",73857,73857,0,"Shift","Shift","0","0","NoChange","Nonproduction"
"203","203","203",73886,73886,0,"Shift","Shift","0","0","NoChange","Nonproduction"
"204","204","204",73917,73917,0,"Shift","Shift","0","0","NoChange","Nonproduction"
"205","205","205",73947,73947,0,"Shift","Shift","0","0","NoChange","Nonproduction"
"206","206","206",73987,73987,0,"Shift","Shift","0","0","NoChange","Nonproduction"
"207","207","207",74016,74016,0,"Shift","Shift","0","0","NoChange","Nonproduction"
"208","208","208",74047,74047,0,"Shift","Shift","0","0","NoChange","Nonproduction"
"209","209","209",74086,74086,0,"Shift","Shift","0","0","NoChange","Nonproduction"
"210","210","210",74116,74116,0,"Shift","Shift","0","0","NoChange","Nonproduction"
"211","211","211",74147,74147,0,"Shift","Shift","0","0","NoChange","Nonproduction"
"212","212","212",74186,74186,0,"Shift","Shift","0","0","NoChange","Nonproduction"
"213","213","213",74216,74216,0,"Shift","Shift","0","0","NoChange","Nonproduction"
"214","214","214",74246,74246,0,"Shift","Shift","0","0","NoChange","Nonproduction"
"215","215","215",74276,74276,0,"Shift","Shift","0","0","NoChange","Nonproduction"
"216","216","216",74315,74315,0,"Shift","Shift","0","0","NoChange","Nonproduction"
"217","217","217",74346,74346,0,"Shift","Shift","0","0","NoChange","Nonproduction"
"218","218","218",74377,74377,0,"Shift","Shift","0","0","NoChange","Nonproduction"
"219","219","219",74417,74417,0,"Shift","Shift","0","0","NoChange","Nonproduction"
"220","220","220",74447,74447,0,"Shift","Shift","0","0","NoChange","Nonproduction"
"221","221","221",74477,74477,0,"Shift","Shift","0","0","NoChange","Nonproduction"
"222","222","222",74516,74516,0,"Shift","Shift","0","0","NoChange","Nonproduction"
"223","223","223",74546,74546,0,"Shift","Shift","0","0","NoChange","Nonproduction"
"224","224","224",74602,74602,0,"Shift","Shift","0","0","NoChange","Nonproduction"
"225","225","225",74606,74606,0,"Shift","Shift","0","0","NoChange","Nonproduction"
"226","226","226",74646,74646,0,"Shift","Shift","0","0","NoChange","Nonproduction"
"227","227","227",74677,74677,0,"Shift","Shift","0","0","NoChange","Nonproduction"
"228","228","228",74712,74712,0,"Shift","Shift","0","0","NoChange","Nonproduction"
"229","229","229",74746,74746,0,"Shift","Shift","0","0","NoChange","Nonproduction"
"230","230","230",74776,74776,0,"Shift","Shift","0","0","NoChange","Nonproduction"
"231","231","231",74806,74806,0,"Shift","Shift","0","0","NoChange","Nonproduction"
"232","232","232",74846,74846,0,"Shift","Shift","0","0","NoChange","Nonproduction"
"233","233","233",74876,74876,0,"Shift","Shift","0","0","NoChange","Nonproduction"
"234","234","234",74906,74906,0,"Shift","Shift","0","0","NoChange","Nonproduction"
"235","235","235",74936,74936,0,"Shift","Shift","0","0","NoChange","Nonproduction"
"236","236","236",74976,74976,0,"Shift","Shift","0","0","NoChange","Nonproduction"
"237","237","237",75006,75006,0,"Shift","Shift","0","0","NoChange","Nonproduction"
"238","238","238",75036,75036,0,"Shift","Shift","0","0","NoChange","Nonproduction"
"239","239","239",75076,75076,0,"Shift","Shift","0","0","NoChange","Nonproduction"
"240","240","240",75106,75106,0,"Shift","Shift","0","0","NoChange","Nonproduction"
"241","241","241",75137,75137,0,"Shift","Shift","0","0","NoChange","Nonproduction"
"242","242","242",75181,75181,0,"Shift","Shift","0","0","NoChange","Nonproduction"
"243","243","243",75212,75212,0,"Shift","Shift","0","0","NoChange","Nonproduction"
"244","244","244",75236,75236,0,"Shift","Shift","0","0","NoChange","Nonproduction"
"245","245","245",75270,75270,0,"Shift","Shift","0","0","NoChange","Nonproduction"
"246","246","246",75306,75306,0,"Shift","Shift","0","0","NoChange","Nonproduction"
"247","247","247",75336,75336,0,"Shift","Shift","0","0","NoChange","Nonproduction"
"248","248","248",75366,75366,0,"Shift","Shift","0","0","NoChange","Nonproduction"
"249","249","249",75406,75406,0,"Shift","Shift","0","0","NoChange","Nonproduction"
"250","250","250",75436,75436,0,"Shift","Shift","0","0","NoChange","Nonproduction"
"251","251","251",75466,75466,0,"Shift","Shift","0","0","NoChange","Nonproduction"
"252","252","252",75506,75506,0,"Shift","Shift","0","0","NoChange","Nonproduction"
"253","253","253",75536,75536,0,"Shift","Shift","0","0","NoChange","Nonproduction"
"254","254","254",75567,75567,0,"Shift","Shift","0","0","NoChange","Nonproduction"
"255","255","255",75597,75597,0,"Shift","Shift","0","0","NoChange","Nonproduction"
"256","256","256",75637,75637,0,"Shift","Shift","0","0","NoChange","Nonproduction"
"257","257","257",75667,75667,0,"Shift","Shift","0","0","NoChange","Nonproduction"
"258","258","258",75697,75697,0,"Shift","Shift","0","0","NoChange","Nonproduction"
"259","259","259",75737,75737,0,"Shift","Shift","0","0","NoChange","Nonproduction"
"260","260","260",75766,75766,0,"Shift","Shift","0","0","NoChange","Nonproduction"
"261","261","261",75796,75796,0,"Shift","Shift","0","0","NoChange","Nonproduction"
"262","262","262",75836,75836,0,"Shift","Shift","0","0","NoChange","Nonproduction"
"263","263","263",75866,75866,0,"Shift","Shift","0","0","NoChange","Nonproduction"
"264","264","264",75896,75896,0,"Shift","Shift","0","0","NoChange","Nonproduction"
"265","265","265",75926,75926,0,"Shift","Shift","0","0","NoChange","Nonproduction"
"266","266","266",75967,75967,0,"Shift","Shift","0","0","NoChange","Nonproduction"
"267","267","267",75997,75997,0,"Shift","Shift","0","0","NoChange","Nonproduction"
"268","268","268",76026,76026,0,"Shift","Shift","0","0","NoChange","Nonproduction"
"269","269","269",76066,76066,0,"Shift","Shift","0","0","NoChange","Nonproduction"
"270","270","270",76097,76097,0,"Shift","Shift","0","0","NoChange","Nonproduction"
"271","271","271",76126,76126,0,"Shift","Shift","0","0","NoChange","Nonproduction"
"272","272","272",76166,76166,0,"Shift","Shift","0","0","NoChange","Nonproduction"
"273","273","273",76197,76197,0,"Shift","Shift","0","0","NoChange","Nonproduction"
"274","274","274",76227,76227,0,"Shift","Shift","0","0","NoChange","Nonproduction"
"275","275","275",76262,76262,0,"Shift","Shift","0","0","NoChange","Nonproduction"
"276","276","276",76292,76292,0,"Shift","Shift","0","0","NoChange","Nonproduction"
"277","277","277",76326,76326,0,"Shift","Shift","0","0","NoChange","Nonproduction"
"278","278","278",76356,76356,0,"Shift","Shift","0","0","NoChange","Nonproduction"
"279","279","279",76396,76396,0,"Shift","Shift","0","0","NoChange","Nonproduction"
"280","280","280",76427,76427,0,"Shift","Shift","0","0","NoChange","Nonproduction"
"281","281","281",76457,76457,0,"Shift","Shift","0","0","NoChange","Nonproduction"
"282","282","282",76497,76497,0,"Shift","Shift","0","0","NoChange","Nonproduction"
"283","283","283",76527,76527,0,"Shift","Shift","0","0","NoChange","Nonproduction"
"284","284","284",76556,76556,0,"Shift","Shift","0","0","NoChange","Nonproduction"
"285","285","285",76586,76586,0,"Shift","Shift","0","0","NoChange","Nonproduction"
"286","286","286",76627,76627,0,"Shift","Shift","0","0","NoChange","Nonproduction"
"287","287","287",76656,76656,0,"Shift","Shift","0","0","NoChange","Nonproduction"
"288","288","288",76687,76687,0,"Shift","Shift","0","0","NoChange","Nonproduction"
"289","289","289",76726,76726,0,"Shift","Shift","0","0","NoChange","Nonproduction"
"290","290","290",76756,76756,0,"Shift","Shift","0","0","NoChange","Nonproduction"
"291","291","291",76796,76796,0,"Shift","Shift","0","0","NoChange","Nonproduction"
"292","292","292",76826,76826,0,"Shift","Shift","0","0","NoChange","Nonproduction"
"293","293","293",76857,76857,0,"Shift","Shift","0","0","NoChange","Nonproduction"
"294","294","294",76886,76886,0,"Shift","Shift","0","0","NoChange","Nonproduction"
"295","295","295",76917,76917,0,"Shift","Shift","0","0","NoChange","Nonproduction"
"296","296","296",76956,76956,0,"Shift","Shift","0","0","NoChange","Nonproduction"
"297","297","297",76986,76986,0,"Shift","Shift","0","0","NoChange","Nonproduction"
"298","298","298",77016,77016,0,"Shift","Shift","0","0","NoChange","Nonproduction"
"299","299","299",77057,77057,0,"Shift","Shift","0","0","NoChange","Nonproduction"
"300","300","300",77087,77087,0,"Shift","Shift","0","0","NoChange","Nonproduction"
"301","301","301",77116,77116,0,"Shift","Shift","0","0","NoChange","Nonproduction"
"302","302","302",77157,77157,0,"Shift","Shift","0","0","NoChange","Nonproduction"
"303","303","303",77182,77182,0,"Shift","Shift","0","0","NoChange","Nonproduction"
"304","304","304",77213,77213,0,"Shift","Shift","0","0","NoChange","Nonproduction"
"305","305","305",77245,77245,0,"Shift","Shift","0","0","NoChange","Nonproduction"
"306","306","306",77286,77286,0,"Shift","Shift","0","0","NoChange","Nonproduction"
"307","307","307",77312,77312,0,"Shift","Shift","0","0","NoChange","Nonproduction"
"308","308","308",77347,77347,0,"Shift","Shift","0","0","NoChange","Nonproduction"
"309","309","309",77386,77386,0,"Shift","Shift","0","0","NoChange","Nonproduction"
"310","310","310",77416,77416,0,"Shift","Shift","0","0","NoChange","Nonproduction"
"311","311","311",77446,77446,0,"Shift","Shift","0","0","NoChange","Nonproduction"
"312","312","312",77486,77486,0,"Shift","Shift","0","0","NoChange","Nonproduction"
"313","313","313",77517,77517,0,"Shift","Shift","0","0","NoChange","Nonproduction"
"314","314","314",77546,77546,0,"Shift","Shift","0","0","NoChange","Nonproduction"
"315","315","315",77576,77576,0,"Shift","Shift","0","0","NoChange","Nonproduction"
"316","316","316",77616,77616,0,"Shift","Shift","0","0","NoChange","Nonproduction"
"317","317","317",77646,77646,0,"Shift","Shift","0","0","NoChange","Nonproduction"
"318","318","318",77676,77676,0,"Shift","Shift","0","0","NoChange","Nonproduction"
"319","319","319",77729,77729,0,"Shift","Shift","0","0","NoChange","Nonproduction"
"320","320","320",77768,77768,0,"Shift","Shift","0","0","NoChange","Nonproduction"
"321","321","321",77776,77776,0,"Shift","Shift","0","0","NoChange","Nonproduction"
"322","322","322",77816,77816,0,"Shift","Shift","0","0","NoChange","Nonproduction"
"323","323","323",77841,77841,0,"Shift","Shift","0","0","NoChange","Nonproduction"
"324","324","324",77887,77887,0,"Shift","Shift","0","0","NoChange","Nonproduction"
"325","325","325",77906,77906,0,"Shift","Shift","0","0","NoChange","Nonproduction"
"326","326","326",77947,77947,0,"Shift","Shift","0","0","NoChange","Nonproduction"
"327","327","327",77976,77976,0,"Shift","Shift","0","0","NoChange","Nonproduction"
"328","328","328",78006,78006,0,"Shift","Shift","0","0","NoChange","Nonproduction"
"329","329","329",78047,78047,0,"Shift","Shift","0","0","NoChange","Nonproduction"
"330","330","330",78076,78076,0,"Shift","Shift","0","0","NoChange","Nonproduction"
"331","331","331",78107,78107,0,"Shift","Shift","0","0","NoChange","Nonproduction"
"332","332","332",78147,78147,0,"Shift","Shift","0","0","NoChange","Nonproduction"
"333","333","333",78176,78176,0,"Shift","Shift","0","0","NoChange","Nonproduction"
"334","334","334",78207,78207,0,"Shift","Shift","0","0","NoChange","Nonproduction"
"335","335","335",78237,78237,0,"Shift","Shift","0","0","NoChange","Nonproduction"
"336","336","336",78277,78277,0,"Shift","Shift","0","0","NoChange","Nonproduction"
"337","337","337",78308,78308,0,"Shift","Shift","0","0","NoChange","Nonproduction"
"338","338","338",78337,78337,0,"Shift","Shift","0","0","NoChange","Nonproduction"
"339","339","339",78372,78372,0,"Shift","Shift","0","0","NoChange","Nonproduction"
"340","340","340",78403,78403,0,"Shift","Shift","0","0","NoChange","Nonproduction"
"341","341","341",78437,78437,0,"Shift","Shift","0","0","NoChange","Nonproduction"
"342","342","342",78469,78677,208,"P","P","1","1","P","Input"
"343","343","343",79437,79677,240,"e","e","2","1","e","Input"
"344","344","344",81886,82029,143,"Backspace","Backspace","1","1","e","Remove/Cut"
"345","345","345",82133,82254,121,"Backspace","Backspace","0","0","P","Remove/Cut"
"346","346","346",82309,82309,0,"Shift","Shift","0","0","NoChange","Nonproduction"
"347","347","347",82493,82629,136,"M","M","1","1","M","Input"
"348","348","348",82741,82965,224,"a","a","2","1","a","Input"
"349","349","349",82797,82997,200,"n","n","3","1","n","Input"
"350","350","350",83308,83477,169,"y","y","4","1","y","Input"
"351","351","351",83413,83573,160,"Space","Space","5","1"," ","Input"
"352","352","352",83677,83853,176,"p","p","6","2","p","Input"
"353","353","353",83805,83950,145,"e","e","7","2","e","Input"
"354","354","354",83901,83997,96,"o","o","8","2","o","Input"
"355","355","355",83973,84285,312,"p","p","9","2","p","Input"
"356","356","356",84101,84366,265,"l","l","10","2","l","Input"
"357","357","357",84229,84389,160,"e","e","11","2","e","Input"
"358","358","358",91669,91854,185,"Space","Space","12","2"," ","Input"
"359","359","359",92285,92566,281,"a","a","13","3","a","Input"
"360","360","360",92509,92757,248,"c","c","14","3","c","Input"
"361","361","361",92709,92941,232,"h","h","15","3","h","Input"
"362","362","362",92965,93205,240,"i","i","16","3","i","Input"
"363","363","363",93085,93269,184,"e","e","17","3","e","Input"
"364","364","364",93325,93549,224,"v","v","18","3","v","Input"
"365","365","365",93429,93662,233,"e","e","19","3","e","Input"
"366","366","366",94077,94253,176,"Space","Space","20","3"," ","Input"
"367","367","367",94301,94455,154,"s","s","21","4","s","Input"
"368","368","368",94429,94606,177,"u","u","22","4","u","Input"
"369","369","369",94669,94757,88,"c","c","23","4","c","Input"
"370","370","370",94861,95109,248,"c","c","24","4","c","Input"
"371","371","371",95046,95157,111,"e","e","25","4","e","Input"
"372","372","372",95332,95405,73,"s","s","26","4","s","Input"
"373","373","373",95485,95701,216,"s","s","27","4","s","Input"
"374","374","374",95606,95797,191,"Space","Space","28","4"," ","Input"
"375","375","375",97222,97382,160,"b","b","29","5","b","Input"
"376","376","376",97781,97973,192,"y","y","30","5","y","Input"
"377","377","377",97901,98085,184,"Space","Space","31","5"," ","Input"
"378","378","378",98437,98437,0,"Shift","Shift","31","5","NoChange","Nonproduction"
"379","379","379",98509,98606,97,"B","B","32","6","B","Input"
"380","380","380",98821,99037,216,"O","O","33","6","O","Input"
"381","381","381",98949,99205,256,"T","T","34","6","T","Input"
"382","382","382",99061,99253,192,"H","H","35","6","H","Input"
"383","383","383",99181,99341,160,"Space","Space","36","6"," ","Input"
"384","384","384",101261,101453,192,"c","c","37","7","c","Input"
"385","385","385",101381,101469,88,"o","o","38","7","o","Input"
"386","386","386",101542,101629,87,"o","o","39","7","o","Input"
"387","387","387",101789,101973,184,"p","p","40","7","p","Input"
"388","388","388",101853,102085,232,"e","e","41","7","e","Input"
"389","389","389",101997,102181,184,"r","r","42","7","r","Input"
"390","390","390",102213,102517,304,"a","a","43","7","a","Input"
"391","391","391",102349,102621,272,"t","t","44","7","t","Input"
"392","392","392",102501,102749,248,"i","i","45","7","i","Input"
"393","393","393",102565,102774,209,"o","o","46","7","o","Input"
"394","394","394",102662,102861,199,"n","n","47","7","n","Input"
"395","395","395",110222,110727,505,"Backspace","Backspace","46","7","n","Remove/Cut"
"396","396","396",110727,110757,30,"Backspace","Backspace","45","7","o","Remove/Cut"
"397","397","397",110757,110789,32,"Backspace","Backspace","44","7","i","Remove/Cut"
"398","398","398",110789,110820,31,"Backspace","Backspace","43","7","t","Remove/Cut"
"399","399","399",110820,110866,46,"Backspace","Backspace","42","7","a","Remove/Cut"
"400","400","400",110866,110898,32,"Backspace","Backspace","41","7","r","Remove/Cut"
"401","401","401",110898,110928,30,"Backspace","Backspace","40","7","e","Remove/Cut"
"402","402","402",110928,110953,25,"Backspace","Backspace","39","7","p","Remove/Cut"
"403","403","403",110953,110984,31,"Backspace","Backspace","38","7","o","Remove/Cut"
"404","404","404",110984,111030,46,"Backspace","Backspace","37","7","o","Remove/Cut"
"405","405","405",111030,111061,31,"Backspace","Backspace","36","6","c","Remove/Cut"
"406","406","406",111061,111091,30,"Backspace","Backspace","35","6"," ","Remove/Cut"
"407","407","407",111091,111120,29,"Backspace","Backspace","34","6","H","Remove/Cut"
"408","408","408",111120,111125,5,"Backspace","Backspace","33","6","T","Remove/Cut"
"409","409","409",111326,111397,71,"Backspace","Backspace","32","6","O","Remove/Cut"
"410","410","410",111542,111605,63,"Backspace","Backspace","31","5","B","Remove/Cut"
"411","411","411",111910,112022,112,"b","b","32","6","b","Input"
"412","412","412",112078,112326,248,"o","o","33","6","o","Input"
"413","413","413",112183,112437,254,"t","t","34","6","t","Input"
"414","414","414",112382,112549,167,"h","h","35","6","h","Input"
"415","415","415",112501,112693,192,"Space","Space","36","6"," ","Input"
"416","416","416",115141,115301,160,"c","c","37","7","c","Input"
"417","417","417",115254,115326,72,"o","o","38","7","o","Input"
"418","418","418",115406,115486,80,"o","o","39","7","o","Input"
"419","419","419",115597,115821,224,"p","p","40","7","p","Input"
"420","420","420",115677,115894,217,"e","e","41","7","e","Input"
"421","421","421",115781,115973,192,"r","r","42","7","r","Input"
"422","422","422",116421,116709,288,"a","a","43","7","a","Input"
"423","423","423",116542,116830,288,"t","t","44","7","t","Input"
"424","424","424",116654,116934,280,"i","i","45","7","i","Input"
"425","425","425",116733,117029,296,"o","o","46","7","o","Input"
"426","426","426",116861,117206,345,"n","n","47","7","n","Input"
"427","427","427",122597,122797,200,"Space","Space","48","7"," ","Input"
"428","428","428",124789,125303,514,"Backspace","Backspace","47","7"," ","Remove/Cut"
"429","429","429",125303,125334,31,"Backspace","Backspace","46","7","n","Remove/Cut"
"430","430","430",125334,125365,31,"Backspace","Backspace","45","7","o","Remove/Cut"
"431","431","431",125365,125397,32,"Backspace","Backspace","44","7","i","Remove/Cut"
"432","432","432",125397,125428,31,"Backspace","Backspace","43","7","t","Remove/Cut"
"433","433","433",125428,125459,31,"Backspace","Backspace","42","7","a","Remove/Cut"
"434","434","434",125459,125486,27,"Backspace","Backspace","41","7","r","Remove/Cut"
"435","435","435",125486,125534,48,"Backspace","Backspace","40","7","e","Remove/Cut"
"436","436","436",125534,125565,31,"Backspace","Backspace","39","7","p","Remove/Cut"
"437","437","437",125565,125596,31,"Backspace","Backspace","38","7","o","Remove/Cut"
"438","438","438",125596,125626,30,"Backspace","Backspace","37","7","o","Remove/Cut"
"439","439","439",125626,125659,33,"Backspace","Backspace","36","6","c","Remove/Cut"
"440","440","440",125659,125690,31,"Backspace","Backspace","35","6"," ","Remove/Cut"
"441","441","441",125690,125709,19,"Backspace","Backspace","34","6","h","Remove/Cut"
"442","442","442",126046,126133,87,"Backspace","Backspace","33","6","t","Remove/Cut"
"443","443","443",126269,126349,80,"Backspace","Backspace","32","6","o","Remove/Cut"
"444","444","444",127029,127093,64,"Backspace","Backspace","31","5","b","Remove/Cut"
"445","445","445",127173,127261,88,"Backspace","Backspace","30","5"," ","Remove/Cut"
"446","446","446",127333,127413,80,"Backspace","Backspace","29","5","y","Remove/Cut"
"447","447","447",127502,127646,144,"Backspace","Backspace","28","4","b","Remove/Cut"
"448","448","448",131806,132006,200,"i","i","29","5","i","Input"
"449","449","449",132150,132381,231,"n","n","30","5","n","Input"
"450","450","450",133150,133293,143,"Space","Space","31","5"," ","Input"
"451","451","451",133382,133493,111,"b","b","32","6","b","Input"
"452","452","452",133566,133821,255,"o","o","33","6","o","Input"
"453","453","453",133677,133941,264,"t","t","34","6","t","Input"
"454","454","454",133790,133997,207,"h","h","35","6","h","Input"
"455","455","455",133893,134133,240,"Space","Space","36","6"," ","Input"
"456","456","456",134205,134349,144,"c","c","37","7","c","Input"
"457","457","457",134261,134373,112,"o","o","38","7","o","Input"
"458","458","458",134430,134517,87,"o","o","39","7","o","Input"
"459","459","459",134630,134869,239,"p","p","40","7","p","Input"
"460","460","460",134726,134949,223,"e","e","41","7","e","Input"
"461","461","461",134797,135053,256,"r","r","42","7","r","Input"
"462","462","462",135126,135429,303,"a","a","43","7","a","Input"
"463","463","463",135253,135525,272,"t","t","44","7","t","Input"
"464","464","464",135309,135725,416,"i","i","45","7","i","Input"
"465","465","465",135406,135701,295,"o","o","46","7","o","Input"
"466","466","466",135502,135781,279,"n","n","47","7","n","Input"
"467","467","467",138334,138549,215,"Space","Space","48","7"," ","Input"
"468","468","468",139310,139310,0,"Shift","Shift","48","7","NoChange","Nonproduction"
"469","469","469",139462,139789,327,"A","A","49","8","A","Input"
"470","470","470",139574,139885,311,"N","n","50","8","N","Input"
"471","471","471",139686,139869,183,"D","d","51","8","D","Input"
"472","472","472",140325,140421,96,"Backspace","Backspace","50","8","D","Remove/Cut"
"473","473","473",140557,140614,57,"Backspace","Backspace","49","8","N","Remove/Cut"
"474","474","474",140718,140885,167,"Backspace","Backspace","48","7","A","Remove/Cut"
"475","475","475",142133,142557,424,"a","a","49","8","a","Input"
"476","476","476",142286,142477,191,"n","n","50","8","n","Input"
"477","477","477",142494,142733,239,"d","d","51","8","d","Input"
"478","478","478",142710,142861,151,"/","/","52","8","/","Input"
"479","479","479",143078,143389,311,"o","o","53","8","o","Input"
"480","480","480",143150,143364,214,"r","r","54","8","r","Input"
"481","481","481",143566,143726,160,"Space","Space","55","8"," ","Input"
"482","482","482",146014,146261,247,"c","c","56","9","c","Input"
"483","483","483",146126,146356,230,"o","o","57","9","o","Input"
"484","484","484",146290,146413,123,"m","m","58","9","m","Input"
"485","485","485",146486,146741,255,"p","p","59","9","p","Input"
"486","486","486",146677,147021,344,"e","e","60","9","e","Input"
"487","487","487",146926,147181,255,"t","t","61","9","t","Input"
"488","488","488",147197,147325,128,"i","i","62","9","i","Input"
"489","489","489",147285,147509,224,"t","t","63","9","t","Input"
"490","490","490",147446,147861,415,"i","i","64","9","i","Input"
"491","491","491",147542,147885,343,"o","o","65","9","o","Input"
"492","492","492",147662,147925,263,"n","n","66","9","n","Input"
"493","493","493",157030,157157,127,"Space","Space","67","9"," ","Input"
"494","494","494",161189,161453,264,"i","i","68","10","i","Input"
"495","495","495",162214,162517,303,"n","n","69","10","n","Input"
"496","496","496",162542,162749,207,"Space","Space","70","10"," ","Input"
"497","497","497",164221,164485,264,"a","a","71","11","a","Input"
"498","498","498",164414,164637,223,"Space","Space","72","11"," ","Input"
"499","499","499",164782,164997,215,"w","w","73","12","w","Input"
"500","500","500",165478,165565,87,"Backspace","Backspace","72","11","w","Remove/Cut"
"501","501","501",165662,165734,72,"Backspace","Backspace","71","11"," ","Remove/Cut"
"502","502","502",165830,165973,143,"Backspace","Backspace","70","10","a","Remove/Cut"
"503","503","503",170253,170405,152,"s","s","71","11","s","Input"
"504","504","504",170565,170789,224,"e","e","72","11","e","Input"
"505","505","505",170694,170805,111,"t","t","73","11","t","Input"
"506","506","506",170887,171029,142,"t","t","74","11","t","Input"
"507","507","507",171006,171246,240,"i","i","75","11","i","Input"
"508","508","508",171142,171357,215,"n","n","76","11","n","Input"
"509","509","509",171197,171333,136,"g","g","77","11","g","Input"
"510","510","510",172374,172573,199,"s","s","78","11","s","Input"
"511","511","511",172847,173045,198,"Space","Space","79","11"," ","Input"
"512","512","512",173069,173245,176,"s","s","80","12","s","Input"
"513","513","513",173221,173477,256,"u","u","81","12","u","Input"
"514","514","514",173373,173669,296,"c","c","82","12","c","Input"
"515","515","515",173437,173701,264,"h","h","83","12","h","Input"
"516","516","516",173589,173829,240,"Space","Space","84","12"," ","Input"
"517","517","517",173902,174230,328,"a","a","85","13","a","Input"
"518","518","518",174094,174317,223,"s","s","86","13","s","Input"
"519","519","519",174214,174421,207,"Space","Space","87","13"," ","Input"
"520","520","520",174510,174741,231,"w","w","88","14","w","Input"
"521","521","521",174630,174805,175,"o","o","89","14","o","Input"
"522","522","522",174838,175117,279,"r","r","90","14","r","Input"
"523","523","523",175014,175197,183,"k","k","91","14","k","Input"
"524","524","524",176126,176389,263,",",",","92","14",",","Input"
"525","525","525",176413,176589,176,"Space","Space","93","14"," ","Input"
"526","526","526",178222,178365,143,"h","h","94","15","h","Input"
"527","527","527",178342,178677,335,"o","o","95","15","o","Input"
"528","528","528",178494,178717,223,"m","m","96","15","m","Input"
"529","529","529",178702,178877,175,"e","e","97","15","e","Input"
"530","530","530",179268,179453,185,",",",","98","15",",","Input"
"531","531","531",179405,179596,191,"Space","Space","99","15"," ","Input"
"532","532","532",180438,180946,508,"Backspace","Backspace","98","15"," ","Remove/Cut"
"533","533","533",180946,180979,33,"Backspace","Backspace","97","15",",","Remove/Cut"
"534","534","534",180979,181003,24,"Backspace","Backspace","96","15","e","Remove/Cut"
"535","535","535",181003,181052,49,"Backspace","Backspace","95","15","m","Remove/Cut"
"536","536","536",181052,181083,31,"Backspace","Backspace","94","15","o","Remove/Cut"
"537","537","537",181083,181115,32,"Backspace","Backspace","93","14","h","Remove/Cut"
"538","538","538",181115,181146,31,"Backspace","Backspace","92","14"," ","Remove/Cut"
"539","539","539",181146,181176,30,"Backspace","Backspace","91","14",",","Remove/Cut"
"540","540","540",181176,181208,32,"Backspace","Backspace","90","14","k","Remove/Cut"
"541","541","541",181208,181236,28,"Backspace","Backspace","89","14","r","Remove/Cut"
"542","542","542",181236,181268,32,"Backspace","Backspace","88","14","o","Remove/Cut"
"543","543","543",181268,181315,47,"Backspace","Backspace","87","13","w","Remove/Cut"
"544","544","544",181315,181341,26,"Backspace","Backspace","86","13"," ","Remove/Cut"
"545","545","545",181750,181845,95,"Backspace","Backspace","85","13","s","Remove/Cut"
"546","546","546",182037,182133,96,"Backspace","Backspace","84","12","a","Remove/Cut"
"547","547","547",182284,182787,503,"Backspace","Backspace","83","12"," ","Remove/Cut"
"548","548","548",182787,182833,46,"Backspace","Backspace","82","12","h","Remove/Cut"
"549","549","549",182833,182865,32,"Backspace","Backspace","81","12","c","Remove/Cut"
"550","550","550",182865,182896,31,"Backspace","Backspace","80","12","u","Remove/Cut"
"551","551","551",182896,182928,32,"Backspace","Backspace","79","11","s","Remove/Cut"
"552","552","552",182928,182958,30,"Backspace","Backspace","78","11"," ","Remove/Cut"
"553","553","553",182958,182986,28,"Backspace","Backspace","77","11","s","Remove/Cut"
"554","554","554",182986,183018,32,"Backspace","Backspace","76","11","g","Remove/Cut"
"555","555","555",183018,183064,46,"Backspace","Backspace","75","11","n","Remove/Cut"
"556","556","556",183064,183085,21,"Backspace","Backspace","74","11","i","Remove/Cut"
"557","557","557",183454,183533,79,"Backspace","Backspace","73","11","t","Remove/Cut"
"558","558","558",183637,183708,71,"Backspace","Backspace","72","11","t","Remove/Cut"
"559","559","559",183806,183973,167,"Backspace","Backspace","71","11","e","Remove/Cut"
"560","560","560",184374,184501,127,"Backspace","Backspace","70","10","s","Remove/Cut"
"561","561","561",185654,185965,311,"w","w","71","11","w","Input"
"562","562","562",185782,185981,199,"o","o","72","11","o","Input"
"563","563","563",187070,187349,279,"r","r","73","11","r","Input"
"564","564","564",188740,189021,281,"k","k","74","11","k","Input"
"565","565","565",191054,191181,127,"Backspace","Backspace","73","11","k","Remove/Cut"
"566","566","566",191309,191412,103,"Backspace","Backspace","72","11","r","Remove/Cut"
"567","567","567",191526,191613,87,"Backspace","Backspace","71","11","o","Remove/Cut"
"568","568","568",191726,191885,159,"Backspace","Backspace","70","10","w","Remove/Cut"
"569","569","569",192238,192317,79,"b","b","71","11","b","Input"
"570","570","570",192477,192677,200,"o","o","72","11","o","Input"
"571","571","571",192598,192885,287,"t","t","73","11","t","Input"
"572","572","572",192742,192956,214,"h","h","74","11","h","Input"
"573","573","573",192942,193149,207,"Space","Space","75","11"," ","Input"
"574","574","574",193405,193669,264,"w","w","76","12","w","Input"
"575","575","575",193758,194005,247,"o","o","77","12","o","Input"
"576","576","576",194038,194308,270,"r","r","78","12","r","Input"
"577","577","577",194292,194445,153,"k","k","79","12","k","Input"
"578","578","578",194789,194989,200,"Space","Space","80","12"," ","Input"
"579","579","579",195326,195853,527,"a","a","81","13","a","Input"
"580","580","580",195469,195877,408,"n","n","82","13","n","Input"
"581","581","581",195765,196069,304,"d","d","83","13","d","Input"
"582","582","582",195917,196108,191,"Space","Space","84","13"," ","Input"
"583","583","583",197510,197893,383,"p","p","85","14","p","Input"
"584","584","584",197821,198013,192,"l","l","86","14","l","Input"
"585","585","585",198341,198572,231,"a","a","87","14","a","Input"
"586","586","586",201966,202349,383,"y","y","88","14","y","Input"
"587","587","587",205414,205549,135,"Space","Space","89","14"," ","Input"
"588","588","588",208254,208429,175,"s","s","90","15","s","Input"
"589","589","589",208622,208861,239,"e","e","91","15","e","Input"
"590","590","590",208790,208917,127,"t","t","92","15","t","Input"
"591","591","591",209078,209220,142,"t","t","93","15","t","Input"
"592","592","592",209678,209997,319,"i","i","94","15","i","Input"
"593","593","593",209846,210101,255,"n","n","95","15","n","Input"
"594","594","594",209973,210085,112,"g","g","96","15","g","Input"
"595","595","595",210222,210381,159,"s","s","97","15","s","Input"
"596","596","596",210309,210477,168,"Space","Space","98","15"," ","Input"
"597","597","597",210517,210685,168,"w","w","99","16","w","Input"
"598","598","598",210598,210877,279,"i","i","100","16","i","Input"
"599","599","599",210766,211005,239,"t","t","101","16","t","Input"
"600","600","600",210894,211133,239,"h","h","102","16","h","Input"
"601","601","601",211029,211221,192,"Space","Space","103","16"," ","Input"
"602","602","602",211357,211620,263,"o","o","104","17","o","Input"
"603","603","603",211470,211829,359,"n","n","105","17","n","Input"
"604","604","604",211606,211869,263,"e","e","106","17","e","Input"
"605","605","605",211774,211973,199,"Space","Space","107","17"," ","Input"
"606","606","606",212094,212333,239,"a","a","108","18","a","Input"
"607","607","607",212174,212405,231,"n","n","109","18","n","Input"
"608","608","608",212318,212629,311,"o","o","110","18","o","Input"
"609","609","609",212500,212765,265,"t","t","111","18","t","Input"
"610","610","610",212654,213133,479,"h","h","112","18","h","Input"
"611","611","611",212838,213157,319,"e","e","113","18","e","Input"
"612","612","612",212982,213229,247,"r","r","114","18","r","Input"
"613","613","613",214822,214965,143,"Space","Space","115","18"," ","Input"
"614","614","614",215021,215288,267,"i","i","116","19","i","Input"
"615","615","615",215173,215493,320,"n","n","117","19","n","Input"
"616","616","616",217462,217589,127,"Backspace","Backspace","116","19","n","Remove/Cut"
"617","617","617",217702,217773,71,"Backspace","Backspace","115","18","i","Remove/Cut"
"618","618","618",217893,218077,184,"Backspace","Backspace","114","18"," ","Remove/Cut"
"619","619","619",220222,220429,207,"Space","Space","115","18"," ","Input"
"620","620","620",220446,220661,215,"a","a","116","19","a","Input"
"621","621","621",220542,220717,175,"r","r","117","19","r","Input"
"622","622","622",220647,220957,310,"o","o","118","19","o","Input"
"623","623","623",220782,221037,255,"u","u","119","19","u","Input"
"624","624","624",220934,221237,303,"n","n","120","19","n","Input"
"625","625","625",221094,221301,207,"d","d","121","19","d","Input"
"626","626","626",221349,221548,199,"Space","Space","122","19"," ","Input"
"627","627","627",222374,222829,455,"t","t","123","20","t","Input"
"628","628","628",222526,222717,191,"h","h","124","20","h","Input"
"629","629","629",222766,223053,287,"e","e","125","20","e","Input"
"630","630","630",222989,223164,175,"m","m","126","20","m","Input"
"631","631","631",223541,223701,160,".",".","127","20",".","Input"
"632","632","632",223662,223845,183,"Space","Space","128","20"," ","Input"
"633","633","633",225358,225358,0,"Shift","Shift","128","20","NoChange","Nonproduction"
"634","634","634",225646,225957,311,"I","i","129","21","I","Input"
"635","635","635",225798,225997,199,"Space","Space","130","21"," ","Input"
"636","636","636",226062,226237,175,"f","f","131","22","f","Input"
"637","637","637",226214,226565,351,"i","i","132","22","i","Input"
"638","638","638",226342,226605,263,"n","n","133","22","n","Input"
"639","639","639",226430,226637,207,"d","d","134","22","d","Input"
"640","640","640",226582,226797,215,"Space","Space","135","22"," ","Input"
"641","641","641",226942,227117,175,"t","t","136","23","t","Input"
"642","642","642",227102,227428,326,"h","h","137","23","h","Input"
"643","643","643",227190,227485,295,"a","a","138","23","a","Input"
"644","644","644",227285,227533,248,"t","t","139","23","t","Input"
"645","645","645",227372,227613,241,"Space","Space","140","23"," ","Input"
"646","646","646",232206,232708,502,"Backspace","Backspace","139","23"," ","Remove/Cut"
"647","647","647",232708,232753,45,"Backspace","Backspace","138","23","t","Remove/Cut"
"648","648","648",232753,232784,31,"Backspace","Backspace","137","23","a","Remove/Cut"
"649","649","649",232784,232816,32,"Backspace","Backspace","136","23","h","Remove/Cut"
"650","650","650",232816,232847,31,"Backspace","Backspace","135","22","t","Remove/Cut"
"651","651","651",232847,232876,29,"Backspace","Backspace","134","22"," ","Remove/Cut"
"652","652","652",232876,232915,39,"Backspace","Backspace","133","22","d","Remove/Cut"
"653","653","653",232915,232916,1,"Backspace","Backspace","132","22","n","Remove/Cut"
"654","654","654",233150,233244,94,"Backspace","Backspace","131","22","i","Remove/Cut"
"655","655","655",233373,233461,88,"Backspace","Backspace","130","21","f","Remove/Cut"
"656","656","656",233758,233941,183,"p","p","131","22","p","Input"
"657","657","657",233886,234005,119,"e","e","132","22","e","Input"
"658","658","658",233967,234069,102,"r","r","133","22","r","Input"
"659","659","659",234190,234396,206,"s","s","134","22","s","Input"
"660","660","660",234294,234485,191,"o","o","135","22","o","Input"
"661","661","661",234447,234621,174,"n","n","136","22","n","Input"
"662","662","662",234654,234821,167,"a","a","137","22","a","Input"
"663","663","663",234774,234845,71,"l","l","138","22","l","Input"
"664","664","664",234902,235029,127,"l","l","139","22","l","Input"
"665","665","665",235174,235341,167,"y","y","140","22","y","Input"
"666","666","666",235269,235429,160,"Space","Space","141","22"," ","Input"
"667","667","667",235734,235901,167,"f","f","142","23","f","Input"
"668","668","668",235959,236197,238,"i","i","143","23","i","Input"
"669","669","669",236046,236379,333,"n","n","144","23","n","Input"
"670","670","670",236134,236356,222,"d","d","145","23","d","Input"
"671","671","671",236926,237133,207,"Space","Space","146","23"," ","Input"
"672","672","672",237214,237381,167,"t","t","147","24","t","Input"
"673","673","673",237430,237677,247,"h","h","148","24","h","Input"
"674","674","674",237590,237837,247,"a","a","149","24","a","Input"
"675","675","675",237710,237909,199,"t","t","150","24","t","Input"
"676","676","676",241319,241517,198,"Space","Space","151","24"," ","Input"
"677","677","677",245894,245997,103,"Backspace","Backspace","150","24"," ","Remove/Cut"
"678","678","678",246078,246166,88,"Backspace","Backspace","149","24","t","Remove/Cut"
"679","679","679",246262,246325,63,"Backspace","Backspace","148","24","a","Remove/Cut"
"680","680","680",246422,246485,63,"Backspace","Backspace","147","24","h","Remove/Cut"
"681","681","681",246574,246677,103,"Backspace","Backspace","146","23","t","Remove/Cut"
"682","682","682",246982,247173,191,"i","i","147","24","i","Input"
"683","683","683",247102,247293,191,"n","n","148","24","n","Input"
"684","684","684",247270,247421,151,"Space","Space","149","24"," ","Input"
"685","685","685",247438,247525,87,"m","m","150","25","m","Input"
"686","686","686",247702,247869,167,"y","y","151","25","y","Input"
"687","687","687",247790,247949,159,"Space","Space","152","25"," ","Input"
"688","688","688",248558,248669,111,"e","e","153","26","e","Input"
"689","689","689",248854,249005,151,"x","x","154","26","x","Input"
"690","690","690",249206,249357,151,"p","p","155","26","p","Input"
"691","691","691",249687,249965,278,"e","e","156","26","e","Input"
"692","692","692",250023,250238,215,"r","r","157","26","r","Input"
"693","693","693",250207,250397,190,"i","i","158","26","i","Input"
"694","694","694",250382,250541,159,"e","e","159","26","e","Input"
"695","695","695",250487,250701,214,"n","n","160","26","n","Input"
"696","696","696",250646,250877,231,"c","c","161","26","c","Input"
"697","697","697",250751,250893,142,"e","e","162","26","e","Input"
"698","698","698",251062,251245,183,"s","s","163","26","s","Input"
"699","699","699",251198,251388,190,"Space","Space","164","26"," ","Input"
"700","700","700",251765,252021,256,"i","i","165","27","i","Input"
"701","701","701",251982,252213,231,"n","n","166","27","n","Input"
"702","702","702",252270,252445,175,"Space","Space","167","27"," ","Input"
"703","703","703",253007,253117,110,"b","b","168","28","b","Input"
"704","704","704",253278,253429,151,"o","o","169","28","o","Input"
"705","705","705",253342,253613,271,"t","t","170","28","t","Input"
"706","706","706",253517,253725,208,"h","h","171","28","h","Input"
"707","707","707",253631,253829,198,"Space","Space","172","28"," ","Input"
"708","708","708",254158,254397,239,"w","w","173","29","w","Input"
"709","709","709",254894,255037,143,"Backspace","Backspace","172","28","w","Remove/Cut"
"710","710","710",255054,255197,143,"t","t","173","29","t","Input"
"711","711","711",255229,255469,240,"h","h","174","29","h","Input"
"712","712","712",255310,255453,143,"e","e","175","29","e","Input"
"713","713","713",255414,255597,183,"Space","Space","176","29"," ","Input"
"714","714","714",255662,255909,247,"w","w","177","30","w","Input"
"715","715","715",255855,256061,206,"o","o","178","30","o","Input"
"716","716","716",255982,256309,327,"r","r","179","30","r","Input"
"717","717","717",256166,256357,191,"k","k","180","30","k","Input"
"718","718","718",258766,259037,271,"p","p","181","30","p","Input"
"719","719","719",258917,259077,160,"l","l","182","30","l","Input"
"720","720","720",259055,259269,214,"a","a","183","30","a","Input"
"721","721","721",259230,259517,287,"c","c","184","30","c","Input"
"722","722","722",259375,259573,198,"e","e","185","30","e","Input"
"723","723","723",260494,260685,191,"Space","Space","186","30"," ","Input"
"724","724","724",260749,261141,392,"a","a","187","31","a","Input"
"725","725","725",260878,261188,310,"n","n","188","31","n","Input"
"726","726","726",261060,261325,265,"d","d","189","31","d","Input"
"727","727","727",262494,262701,207,"Space","Space","190","31"," ","Input"
"728","728","728",268095,268582,487,"Backspace","Backspace","189","31"," ","Remove/Cut"
"729","729","729",270518,270701,183,"Space","Space","190","31"," ","Input"
"730","730","730",276127,276629,502,"Backspace","Backspace","189","31"," ","Remove/Cut"
"731","731","731",276629,276659,30,"Backspace","Backspace","188","31","d","Remove/Cut"
"732","732","732",276659,276696,37,"Backspace","Backspace","187","31","n","Remove/Cut"
"733","733","733",276696,276727,31,"Backspace","Backspace","186","30","a","Remove/Cut"
"734","734","734",276727,276758,31,"Backspace","Backspace","185","30"," ","Remove/Cut"
"735","735","735",276758,276804,46,"Backspace","Backspace","184","30","e","Remove/Cut"
"736","736","736",276804,276835,31,"Backspace","Backspace","183","30","c","Remove/Cut"
"737","737","737",276835,276867,32,"Backspace","Backspace","182","30","a","Remove/Cut"
"738","738","738",276867,276897,30,"Backspace","Backspace","181","30","l","Remove/Cut"
"739","739","739",276897,276929,32,"Backspace","Backspace","180","30","p","Remove/Cut"
"740","740","740",276929,276960,31,"Backspace","Backspace","179","30","k","Remove/Cut"
"741","741","741",276960,276991,31,"Backspace","Backspace","178","30","r","Remove/Cut"
"742","742","742",276991,277022,31,"Backspace","Backspace","177","30","o","Remove/Cut"
"743","743","743",277022,277054,32,"Backspace","Backspace","176","29","w","Remove/Cut"
"744","744","744",277054,277102,48,"Backspace","Backspace","175","29"," ","Remove/Cut"
"745","745","745",277102,277131,29,"Backspace","Backspace","174","29","e","Remove/Cut"
"746","746","746",277131,277162,31,"Backspace","Backspace","173","29","h","Remove/Cut"
"747","747","747",277162,277194,32,"Backspace","Backspace","172","28","t","Remove/Cut"
"748","748","748",277194,277224,30,"Backspace","Backspace","171","28"," ","Remove/Cut"
"749","749","749",277224,277255,31,"Backspace","Backspace","170","28","h","Remove/Cut"
"750","750","750",277255,277287,32,"Backspace","Backspace","169","28","t","Remove/Cut"
"751","751","751",277287,277317,30,"Backspace","Backspace","168","28","o","Remove/Cut"
"752","752","752",277317,277349,32,"Backspace","Backspace","167","27","b","Remove/Cut"
"753","753","753",277655,277773,118,"Backspace","Backspace","166","27"," ","Remove/Cut"
"754","754","754",277862,277973,111,"Backspace","Backspace","165","27","n","Remove/Cut"
"755","755","755",278103,278221,118,"Backspace","Backspace","164","26","i","Remove/Cut"
"756","756","756",280534,280757,223,"i","i","165","27","i","Input"
"757","757","757",280782,280981,199,"n","n","166","27","n","Input"
"758","758","758",282102,282165,63,"Backspace","Backspace","165","27","n","Remove/Cut"
"759","759","759",282270,282421,151,"Backspace","Backspace","164","26","i","Remove/Cut"
"760","760","760",284103,284333,230,"w","w","165","27","w","Input"
"761","761","761",284261,284565,304,"i","i","166","27","i","Input"
"762","762","762",284438,284765,327,"t","t","167","27","t","Input"
"763","763","763",284542,284830,288,"h","h","168","27","h","Input"
"764","764","764",290671,290877,206,"Space","Space","169","27"," ","Input"
"765","765","765",291237,291509,272,"c","c","170","28","c","Input"
"766","766","766",291415,291645,230,"o","o","171","28","o","Input"
"767","767","767",291582,291773,191,"m","m","172","28","m","Input"
"768","768","768",292831,292941,110,"Backspace","Backspace","171","28","m","Remove/Cut"
"769","769","769",293062,293150,88,"Backspace","Backspace","170","28","o","Remove/Cut"
"770","770","770",293245,293413,168,"Backspace","Backspace","169","27","c","Remove/Cut"
"771","771","771",293487,293613,126,"Backspace","Backspace","168","27"," ","Remove/Cut"
"772","772","772",293703,293845,142,"Backspace","Backspace","167","27","h","Remove/Cut"
"773","773","773",294047,294172,125,"Backspace","Backspace","166","27","t","Remove/Cut"
"774","774","774",294285,294388,103,"Backspace","Backspace","165","27","i","Remove/Cut"
"775","775","775",294494,294605,111,"Backspace","Backspace","164","26","w","Remove/Cut"
"776","776","776",295766,296013,247,"i","i","165","27","i","Input"
"777","777","777",296031,296245,214,"n","n","166","27","n","Input"
"778","778","778",296272,296429,157,"Space","Space","167","27"," ","Input"
"779","779","779",296472,296764,292,"t","t","168","28","t","Input"
"780","780","780",296701,296949,248,"h","h","169","28","h","Input"
"781","781","781",296855,297004,149,"e","e","170","28","e","Input"
"782","782","782",297247,297621,374,"s","s","171","28","s","Input"
"783","783","783",297543,297885,342,"e","e","172","28","e","Input"
"784","784","784",299799,299997,198,"Space","Space","173","28"," ","Input"
"785","785","785",300023,300205,182,"s","s","174","29","s","Input"
"786","786","786",300256,300501,245,"c","c","175","29","c","Input"
"787","787","787",300527,300773,246,"a","a","176","29","a","Input"
"788","788","788",300983,301069,86,"Backspace","Backspace","175","29","a","Remove/Cut"
"789","789","789",301055,301215,160,"e","e","176","29","e","Input"
"790","790","790",301239,301389,150,"n","n","177","29","n","Input"
"791","791","791",301351,301621,270,"a","a","178","29","a","Input"
"792","792","792",301495,301638,143,"t","t","179","29","t","Input"
"793","793","793",301911,302005,94,"Backspace","Backspace","178","29","t","Remove/Cut"
"794","794","794",301983,302149,166,"r","r","179","29","r","Input"
"795","795","795",302245,302470,225,"i","i","180","29","i","Input"
"796","796","796",302872,303086,214,"o","o","181","29","o","Input"
"797","797","797",303047,303228,181,"s","s","182","29","s","Input"
"798","798","798",307071,307213,142,"Space","Space","183","29"," ","Input"
"799","799","799",307238,307413,175,"t","t","184","30","t","Input"
"800","800","800",307375,307758,383,"h","h","185","30","h","Input"
"801","801","801",307495,307789,294,"a","a","186","30","a","Input"
"802","802","802",307591,307829,238,"t","t","187","30","t","Input"
"803","803","803",307727,307933,206,"Space","Space","188","30"," ","Input"
"804","804","804",313495,313717,222,"c","c","189","31","c","Input"
"805","805","805",313669,313877,208,"o","o","190","31","o","Input"
"806","806","806",314168,314316,148,"m","m","191","31","m","Input"
"807","807","807",315119,315333,214,"p","p","192","31","p","Input"
"808","808","808",315359,315685,326,"e","e","193","31","e","Input"
"809","809","809",315663,315925,262,"t","t","194","31","t","Input"
"810","810","810",315960,316093,133,"i","i","195","31","i","Input"
"811","811","811",316070,316325,255,"t","t","196","31","t","Input"
"812","812","812",316206,316501,295,"i","i","197","31","i","Input"
"813","813","813",316391,316573,182,"o","o","198","31","o","Input"
"814","814","814",316422,316637,215,"n","n","199","31","n","Input"
"815","815","815",317119,317348,229,"Space","Space","200","31"," ","Input"
"816","816","816",318047,318261,214,"h","h","201","32","h","Input"
"817","817","817",318279,318597,318,"a","a","202","32","a","Input"
"818","818","818",318551,318765,214,"s","s","203","32","s","Input"
"819","819","819",318791,319037,246,"Space","Space","204","32"," ","Input"
"820","820","820",319384,319589,205,"t","t","205","33","t","Input"
"821","821","821",319543,319758,215,"e","e","206","33","e","Input"
"822","822","822",319687,319917,230,"n","n","207","33","n","Input"
"823","823","823",319902,320045,143,"d","d","208","33","d","Input"
"824","824","824",320031,320252,221,"e","e","209","33","e","Input"
"825","825","825",320207,320444,237,"d","d","210","33","d","Input"
"826","826","826",320414,320629,215,"Space","Space","211","33"," ","Input"
"827","827","827",320870,321173,303,"t","t","212","34","t","Input"
"828","828","828",321063,321261,198,"o","o","213","34","o","Input"
"829","829","829",321917,322116,199,"Space","Space","214","34"," ","Input"
"830","830","830",327599,327780,181,"c","c","215","35","c","Input"
"831","831","831",327999,328205,206,"r","r","216","35","r","Input"
"832","832","832",328087,328421,334,"e","e","217","35","e","Input"
"833","833","833",328247,328493,246,"a","a","218","35","a","Input"
"834","834","834",328391,328773,382,"t","t","219","35","t","Input"
"835","835","835",328871,329037,166,"e","e","220","35","e","Input"
"836","836","836",329063,329244,181,"Space","Space","221","35"," ","Input"
"837","837","837",330023,330484,461,"m","m","222","36","m","Input"
"838","838","838",330239,330540,301,"o","o","223","36","o","Input"
"839","839","839",330343,330636,293,"r","r","224","36","r","Input"
"840","840","840",330470,330685,215,"e","e","225","36","e","Input"
"841","841","841",330613,330813,200,"Space","Space","226","36"," ","Input"
"842","842","842",331055,331245,190,"s","s","227","37","s","Input"
"843","843","843",331263,331429,166,"u","u","228","37","u","Input"
"844","844","844",331383,331477,94,"c","c","229","37","c","Input"
"845","845","845",331599,331813,214,"c","c","230","37","c","Input"
"846","846","846",331751,331877,126,"e","e","231","37","e","Input"
"847","847","847",332015,332085,70,"s","s","232","37","s","Input"
"848","848","848",332167,332317,150,"s","s","233","37","s","Input"
"849","849","849",332279,332493,214,"Space","Space","234","37"," ","Input"
"850","850","850",332470,332613,143,"f","f","235","38","f","Input"
"851","851","851",332637,332853,216,"o","o","236","38","o","Input"
"852","852","852",332735,332917,182,"r","r","237","38","r","Input"
"853","853","853",332798,332973,175,"Space","Space","238","38"," ","Input"
"854","854","854",334118,334237,119,"b","b","239","39","b","Input"
"855","855","855",334311,334509,198,"o","o","240","39","o","Input"
"856","856","856",334431,334645,214,"t","t","241","39","t","Input"
"857","857","857",334527,334693,166,"h","h","242","39","h","Input"
"858","858","858",335646,335845,199,"Space","Space","243","39"," ","Input"
"859","859","859",335823,335925,102,"m","m","244","40","m","Input"
"860","860","860",336159,336381,222,"y","y","245","40","y","Input"
"861","861","861",336407,336581,174,"s","s","246","40","s","Input"
"862","862","862",336543,336677,134,"e","e","247","40","e","Input"
"863","863","863",336703,336941,238,"l","l","248","40","l","Input"
"864","864","864",336823,337029,206,"f","f","249","40","f","Input"
"865","865","865",336967,337158,191,"Space","Space","250","40"," ","Input"
"866","866","866",337511,337797,286,"a","a","251","41","a","Input"
"867","867","867",337615,337885,270,"n","n","252","41","n","Input"
"868","868","868",337750,337925,175,"d","d","253","41","d","Input"
"869","869","869",337862,338061,199,"Space","Space","254","41"," ","Input"
"870","870","870",338047,338260,213,"o","o","255","42","o","Input"
"871","871","871",338135,338324,189,"t","t","256","42","t","Input"
"872","872","872",338302,338541,239,"h","h","257","42","h","Input"
"873","873","873",338391,338589,198,"e","e","258","42","e","Input"
"874","874","874",338511,338661,150,"r","r","259","42","r","Input"
"875","875","875",338751,338973,222,"s","s","260","42","s","Input"
"876","876","876",338903,339069,166,"Space","Space","261","42"," ","Input"
"877","877","877",339055,339285,230,"a","a","262","43","a","Input"
"878","878","878",339190,339349,159,"r","r","263","43","r","Input"
"879","879","879",339255,339541,286,"o","o","264","43","o","Input"
"880","880","880",339399,339581,182,"u","u","265","43","u","Input"
"881","881","881",339439,339709,270,"n","n","266","43","n","Input"
"882","882","882",339567,339741,174,"d","d","267","43","d","Input"
"883","883","883",339655,339845,190,"Space","Space","268","43"," ","Input"
"884","884","884",339991,340277,286,"m","m","269","44","m","Input"
"885","885","885",340127,340309,182,"e","e","270","44","e","Input"
"886","886","886",340231,340429,198,"Space","Space","271","44"," ","Input"
"887","887","887",340447,340669,222,"i","i","272","45","i","Input"
"888","888","888",340543,340757,214,"n","n","273","45","n","Input"
"889","889","889",341023,341189,166,"v","v","274","45","v","Input"
"890","890","890",341135,341259,124,"o","o","275","45","o","Input"
"891","891","891",341374,341557,183,"l","l","276","45","l","Input"
"892","892","892",341439,341669,230,"v","v","277","45","v","Input"
"893","893","893",341575,341717,142,"e","e","278","45","e","Input"
"894","894","894",341935,342109,174,"d","d","279","45","d","Input"
"895","895","895",341951,342205,254,".",".","280","45",".","Input"
"896","896","896",342127,342309,182,"Space","Space","281","45"," ","Input"
"897","897","897",349856,349856,0,"Shift","Shift","281","45","NoChange","Nonproduction"
"898","898","898",350358,350358,0,"Shift","Shift","281","45","NoChange","Nonproduction"
"899","899","899",350389,350389,0,"Shift","Shift","281","45","NoChange","Nonproduction"
"900","900","900",350419,350419,0,"Shift","Shift","281","45","NoChange","Nonproduction"
"901","901","901",350459,350459,0,"Shift","Shift","281","45","NoChange","Nonproduction"
"902","902","902",350489,350489,0,"Shift","Shift","281","45","NoChange","Nonproduction"
"903","903","903",350519,350519,0,"Shift","Shift","281","45","NoChange","Nonproduction"
"904","904","904",350549,350549,0,"Shift","Shift","281","45","NoChange","Nonproduction"
"905","905","905",350589,350589,0,"Shift","Shift","281","45","NoChange","Nonproduction"
"906","906","906",350619,350619,0,"Shift","Shift","281","45","NoChange","Nonproduction"
"907","907","907",350651,350651,0,"Shift","Shift","281","45","NoChange","Nonproduction"
"908","908","908",350689,350689,0,"Shift","Shift","281","45","NoChange","Nonproduction"
"909","909","909",350719,350719,0,"Shift","Shift","281","45","NoChange","Nonproduction"
"910","910","910",350749,350749,0,"Shift","Shift","281","45","NoChange","Nonproduction"
"911","911","911",350789,350789,0,"Shift","Shift","281","45","NoChange","Nonproduction"
"912","912","912",350819,350819,0,"Shift","Shift","281","45","NoChange","Nonproduction"
"913","913","913",350849,350849,0,"Shift","Shift","281","45","NoChange","Nonproduction"
"914","914","914",350879,350879,0,"Shift","Shift","281","45","NoChange","Nonproduction"
"915","915","915",350918,350918,0,"Shift","Shift","281","45","NoChange","Nonproduction"
"916","916","916",350949,350949,0,"Shift","Shift","281","45","NoChange","Nonproduction"
"917","917","917",350979,350979,0,"Shift","Shift","281","45","NoChange","Nonproduction"
"918","918","918",351018,351018,0,"Shift","Shift","281","45","NoChange","Nonproduction"
"919","919","919",351049,351049,0,"Shift","Shift","281","45","NoChange","Nonproduction"
"920","920","920",351079,351079,0,"Shift","Shift","281","45","NoChange","Nonproduction"
"921","921","921",351119,351119,0,"Shift","Shift","281","45","NoChange","Nonproduction"
"922","922","922",351149,351149,0,"Shift","Shift","281","45","NoChange","Nonproduction"
"923","923","923",351180,351180,0,"Shift","Shift","281","45","NoChange","Nonproduction"
"924","924","924",351208,351208,0,"Shift","Shift","281","45","NoChange","Nonproduction"
"925","925","925",351249,351249,0,"Shift","Shift","281","45","NoChange","Nonproduction"
"926","926","926",351279,351279,0,"Shift","Shift","281","45","NoChange","Nonproduction"
"927","927","927",351309,351309,0,"Shift","Shift","281","45","NoChange","Nonproduction"
"928","928","928",351348,351348,0,"Shift","Shift","281","45","NoChange","Nonproduction"
"929","929","929",351379,351379,0,"Shift","Shift","281","45","NoChange","Nonproduction"
"930","930","930",351409,351409,0,"Shift","Shift","281","45","NoChange","Nonproduction"
"931","931","931",351449,351449,0,"Shift","Shift","281","45","NoChange","Nonproduction"
"932","932","932",351479,351479,0,"Shift","Shift","281","45","NoChange","Nonproduction"
"933","933","933",351509,351509,0,"Shift","Shift","281","45","NoChange","Nonproduction"
"934","934","934",351539,351539,0,"Shift","Shift","281","45","NoChange","Nonproduction"
"935","935","935",351579,351579,0,"Shift","Shift","281","45","NoChange","Nonproduction"
"936","936","936",351608,351608,0,"Shift","Shift","281","45","NoChange","Nonproduction"
"937","937","937",351639,351639,0,"Shift","Shift","281","45","NoChange","Nonproduction"
"938","938","938",351679,351679,0,"Shift","Shift","281","45","NoChange","Nonproduction"
"939","939","939",351710,351710,0,"Shift","Shift","281","45","NoChange","Nonproduction"
"940","940","940",351739,351739,0,"Shift","Shift","281","45","NoChange","Nonproduction"
"941","941","941",351779,351779,0,"Shift","Shift","281","45","NoChange","Nonproduction"
"942","942","942",351809,351809,0,"Shift","Shift","281","45","NoChange","Nonproduction"
"943","943","943",351839,351839,0,"Shift","Shift","281","45","NoChange","Nonproduction"
"944","944","944",351869,351869,0,"Shift","Shift","281","45","NoChange","Nonproduction"
"945","945","945",351909,351909,0,"Shift","Shift","281","45","NoChange","Nonproduction"
"946","946","946",351939,351939,0,"Shift","Shift","281","45","NoChange","Nonproduction"
"947","947","947",351969,351969,0,"Shift","Shift","281","45","NoChange","Nonproduction"
"948","948","948",352010,352010,0,"Shift","Shift","281","45","NoChange","Nonproduction"
"949","949","949",352038,352038,0,"Shift","Shift","281","45","NoChange","Nonproduction"
"950","950","950",352069,352069,0,"Shift","Shift","281","45","NoChange","Nonproduction"
"951","951","951",352109,352109,0,"Shift","Shift","281","45","NoChange","Nonproduction"
"952","952","952",352139,352139,0,"Shift","Shift","281","45","NoChange","Nonproduction"
"953","953","953",352170,352170,0,"Shift","Shift","281","45","NoChange","Nonproduction"
"954","954","954",352200,352200,0,"Shift","Shift","281","45","NoChange","Nonproduction"
"955","955","955",352232,352232,0,"Shift","Shift","281","45","NoChange","Nonproduction"
"956","956","956",352247,352461,214,"C","c","282","46","C","Input"
"957","957","957",352575,352773,198,"o","o","283","46","o","Input"
"958","958","958",352719,352868,149,"m","m","284","46","m","Input"
"959","959","959",352951,353125,174,"p","p","285","46","p","Input"
"960","960","960",353143,353356,213,"e","e","286","46","e","Input"
"961","961","961",353381,353557,176,"t","t","287","46","t","Input"
"962","962","962",353575,353685,110,"i","i","288","46","i","Input"
"963","963","963",353655,353845,190,"t","t","289","46","t","Input"
"964","964","964",353831,354061,230,"i","i","290","46","i","Input"
"965","965","965",353935,354117,182,"o","o","291","46","o","Input"
"966","966","966",354023,354237,214,"n","n","292","46","n","Input"
"967","967","967",354199,354389,190,"Space","Space","293","46"," ","Input"
"968","968","968",355135,355269,134,"j","j","294","47","j","Input"
"969","969","969",355495,355685,190,"u","u","295","47","u","Input"
"970","970","970",355615,355781,166,"s","s","296","47","s","Input"
"971","971","971",355981,356189,208,"t","t","297","47","t","Input"
"972","972","972",357135,357325,190,"Space","Space","298","47"," ","Input"
"973","973","973",358935,359190,255,"i","i","299","48","i","Input"
"974","974","974",359079,359301,222,"s","s","300","48","s","Input"
"975","975","975",359207,359341,134,"Space","Space","301","48"," ","Input"
"976","976","976",359478,359661,183,"n","n","302","49","n","Input"
"977","977","977",359647,359821,174,"a","a","303","49","a","Input"
"978","978","978",359719,359893,174,"t","t","304","49","t","Input"
"979","979","979",359936,360125,189,"u","u","305","49","u","Input"
"980","980","980",360071,360261,190,"r","r","306","49","r","Input"
"981","981","981",360383,360733,350,"a","a","307","49","a","Input"
"982","982","982",360600,360877,277,"l","l","308","49","l","Input"
"983","983","983",360711,360934,223,"Space","Space","309","49"," ","Input"
"984","984","984",361120,361262,142,"f","f","310","50","f","Input"
"985","985","985",361335,361629,294,"o","o","311","50","o","Input"
"986","986","986",361503,361725,222,"r","r","312","50","r","Input"
"987","987","987",361655,361813,158,"Space","Space","313","50"," ","Input"
"988","988","988",362169,362469,300,"u","u","314","51","u","Input"
"989","989","989",362254,362541,287,"s","s","315","51","s","Input"
"990","990","990",362399,362597,198,"Space","Space","316","51"," ","Input"
"991","991","991",364720,364917,197,"h","h","317","52","h","Input"
"992","992","992",364855,364973,118,"u","u","318","52","u","Input"
"993","993","993",365176,365308,132,"m","m","319","52","m","Input"
"994","994","994",365334,365589,255,"a","a","320","52","a","Input"
"995","995","995",365456,365701,245,"n","n","321","52","n","Input"
"996","996","996",365607,365861,254,"s","s","322","52","s","Input"
"997","997","997",365784,365997,213,"Space","Space","323","52"," ","Input"
"998","998","998",366440,366741,301,"t","t","324","53","t","Input"
"999","999","999",366608,366853,245,"o","o","325","53","o","Input"
"1000","1000","1000",366759,366949,190,"Space","Space","326","53"," ","Input"
"1001","1001","1001",369728,369798,70,"e","e","327","54","e","Input"
"1002","1002","1002",370440,370557,117,"n","n","328","54","n","Input"
"1003","1003","1003",370919,370973,54,"Backspace","Backspace","327","54","n","Remove/Cut"
"1004","1004","1004",371079,371198,119,"Backspace","Backspace","326","53","e","Remove/Cut"
"1005","1005","1005",371223,371421,198,"c","c","327","54","c","Input"
"1006","1006","1006",371743,371813,70,"Backspace","Backspace","326","53","c","Remove/Cut"
"1007","1007","1007",371864,371989,125,"e","e","327","54","e","Input"
"1008","1008","1008",372015,372157,142,"n","n","328","54","n","Input"
"1009","1009","1009",372184,372317,133,"d","d","329","54","d","Input"
"1010","1010","1010",372343,372557,214,"u","u","330","54","u","Input"
"1011","1011","1011",372440,372646,206,"r","r","331","54","r","Input"
"1012","1012","1012",372544,372702,158,"e","e","332","54","e","Input"
"1013","1013","1013",372728,372870,142,"Space","Space","333","54"," ","Input"
"1014","1014","1014",372848,373085,237,"a","a","334","55","a","Input"
"1015","1015","1015",372928,373189,261,"n","n","335","55","n","Input"
"1016","1016","1016",372984,373221,237,"d","d","336","55","d","Input"
"1017","1017","1017",373143,373285,142,"Space","Space","337","55"," ","Input"
"1018","1018","1018",373544,373750,206,"c","c","338","56","c","Input"
"1019","1019","1019",373623,373781,158,"o","o","339","56","o","Input"
"1020","1020","1020",373704,373877,173,"m","m","340","56","m","Input"
"1021","1021","1021",373936,374189,253,"p","p","341","56","p","Input"
"1022","1022","1022",374048,374269,221,"e","e","342","56","e","Input"
"1023","1023","1023",374239,374572,333,"t","t","343","56","t","Input"
"1024","1024","1024",374413,374612,199,"e","e","344","56","e","Input"
"1025","1025","1025",378152,378357,205,"Space","Space","345","56"," ","Input"
"1026","1026","1026",378416,378709,293,"i","i","346","57","i","Input"
"1027","1027","1027",378568,378806,238,"n","n","347","57","n","Input"
"1028","1028","1028",380031,380213,182,"Space","Space","348","57"," ","Input"
"1029","1029","1029",380374,380573,199,"a","a","349","58","a","Input"
"1030","1030","1030",380439,380557,118,"m","m","350","58","m","Input"
"1031","1031","1031",380600,380829,229,"o","o","351","58","o","Input"
"1032","1032","1032",380688,380917,229,"n","n","352","58","n","Input"
"1033","1033","1033",380784,380942,158,"g","g","353","58","g","Input"
"1034","1034","1034",381248,381389,141,"s","s","354","58","s","Input"
"1035","1035","1035",381432,381638,206,"t","t","355","58","t","Input"
"1036","1036","1036",381520,381709,189,"Space","Space","356","58"," ","Input"
"1037","1037","1037",381984,382181,197,"o","o","357","59","o","Input"
"1038","1038","1038",382088,382317,229,"n","n","358","59","n","Input"
"1039","1039","1039",382167,382342,175,"e","e","359","59","e","Input"
"1040","1040","1040",382288,382437,149,"Space","Space","360","59"," ","Input"
"1041","1041","1041",382464,382725,261,"a","a","361","60","a","Input"
"1042","1042","1042",382544,382693,149,"n","n","362","60","n","Input"
"1043","1043","1043",382656,382837,181,"o","o","363","60","o","Input"
"1044","1044","1044",382752,382966,214,"t","t","364","60","t","Input"
"1045","1045","1045",382896,383141,245,"h","h","365","60","h","Input"
"1046","1046","1046",383039,383308,269,"e","e","366","60","e","Input"
"1047","1047","1047",383183,383494,311,"r","r","367","60","r","Input"
"1048","1048","1048",386373,386581,208,"Space","Space","368","60"," ","Input"
"1049","1049","1049",386784,387045,261,"w","w","369","61","w","Input"
"1050","1050","1050",387072,387221,149,"h","h","370","61","h","Input"
"1051","1051","1051",387208,387501,293,"e","e","371","61","e","Input"
"1052","1052","1052",387416,387661,245,"n","n","372","61","n","Input"
"1053","1053","1053",387616,387845,229,"Space","Space","373","61"," ","Input"
"1054","1054","1054",387983,388229,246,"d","d","374","62","d","Input"
"1055","1055","1055",388185,388413,228,"o","o","375","62","o","Input"
"1056","1056","1056",388279,388477,198,"i","i","376","62","i","Input"
"1057","1057","1057",388392,388693,301,"n","n","377","62","n","Input"
"1058","1058","1058",388503,388661,158,"g","g","378","62","g","Input"
"1059","1059","1059",388608,388797,189,"Space","Space","379","62"," ","Input"
"1060","1060","1060",388848,389118,270,"t","t","380","63","t","Input"
"1061","1061","1061",388976,389300,324,"h","h","381","63","h","Input"
"1062","1062","1062",389088,389260,172,"e","e","382","63","e","Input"
"1063","1063","1063",389198,389413,215,"Space","Space","383","63"," ","Input"
"1064","1064","1064",389464,389893,429,"s","s","384","64","s","Input"
"1065","1065","1065",389632,389989,357,"a","a","385","64","a","Input"
"1066","1066","1066",389736,390094,358,"m","m","386","64","m","Input"
"1067","1067","1067",389912,390149,237,"e","e","387","64","e","Input"
"1068","1068","1068",390055,390253,198,"Space","Space","388","64"," ","Input"
"1069","1069","1069",393160,393478,318,"t","t","389","65","t","Input"
"1070","1070","1070",393440,393653,213,"a","a","390","65","a","Input"
"1071","1071","1071",393975,394165,190,"s","s","391","65","s","Input"
"1072","1072","1072",394384,394621,237,"k","k","392","65","k","Input"
"1073","1073","1073",394567,394757,190,"s","s","393","65","s","Input"
"1074","1074","1074",401431,401557,126,"/","/","394","65","/","Input"
"1075","1075","1075",402119,402381,262,"s","s","395","65","s","Input"
"1076","1076","1076",402296,402413,117,"p","p","396","65","p","Input"
"1077","1077","1077",402671,402893,222,"o","o","397","65","o","Input"
"1078","1078","1078",402768,402917,149,"r","r","398","65","r","Input"
"1079","1079","1079",403056,403214,158,"t","t","399","65","t","Input"
"1080","1080","1080",403448,403613,165,"s","s","400","65","s","Input"
"1081","1081","1081",404647,404758,111,"Backspace","Backspace","399","65","s","Remove/Cut"
"1082","1082","1082",404855,404941,86,"Backspace","Backspace","398","65","t","Remove/Cut"
"1083","1083","1083",405024,405109,85,"Backspace","Backspace","397","65","r","Remove/Cut"
"1084","1084","1084",405200,405277,77,"Backspace","Backspace","396","65","o","Remove/Cut"
"1085","1085","1085",405368,405445,77,"Backspace","Backspace","395","65","p","Remove/Cut"
"1086","1086","1086",405544,405645,101,"Backspace","Backspace","394","65","s","Remove/Cut"
"1087","1087","1087",406000,406117,117,"Backspace","Backspace","393","65","/","Remove/Cut"
"1088","1088","1088",406880,407013,133,",",",","394","65",",","Input"
"1089","1089","1089",406992,407149,157,"Space","Space","395","65"," ","Input"
"1090","1090","1090",407168,407317,149,"s","s","396","66","s","Input"
"1091","1091","1091",407279,407381,102,"p","p","397","66","p","Input"
"1092","1092","1092",407504,407733,229,"o","o","398","66","o","Input"
"1093","1093","1093",407576,407709,133,"r","r","399","66","r","Input"
"1094","1094","1094",407816,407965,149,"t","t","400","66","t","Input"
"1095","1095","1095",408128,408309,181,"s","s","401","66","s","Input"
"1096","1096","1096",408271,408501,230,",",",","402","66",",","Input"
"1097","1097","1097",408464,408629,165,"Space","Space","403","66"," ","Input"
"1098","1098","1098",414953,415245,292,"t","t","404","67","t","Input"
"1099","1099","1099",415544,415789,245,"r","r","405","67","r","Input"
"1100","1100","1100",415872,416085,213,"i","i","406","67","i","Input"
"1101","1101","1101",416105,416321,216,"v","v","407","67","v","Input"
"1102","1102","1102",416254,416444,190,"i","i","408","67","i","Input"
"1103","1103","1103",416494,416686,192,"a","a","409","67","a","Input"
"1104","1104","1104",417424,417654,230,",",",","410","67",",","Input"
"1105","1105","1105",417680,417861,181,"Space","Space","411","67"," ","Input"
"1106","1106","1106",418104,418269,165,"w","w","412","68","w","Input"
"1107","1107","1107",418368,418629,261,"h","h","413","68","h","Input"
"1108","1108","1108",418456,418758,302,"a","a","414","68","a","Input"
"1109","1109","1109",418648,418933,285,"t","t","415","68","t","Input"
"1110","1110","1110",419222,419289,67,"e","e","416","68","e","Input"
"1111","1111","1111",419716,419842,126,"v","v","417","68","v","Input"
"1112","1112","1112",419870,420185,315,"e","e","418","68","e","Input"
"1113","1113","1113",420036,420314,278,"r","r","419","68","r","Input"
"1114","1114","1114",420204,420434,230,"Space","Space","420","68"," ","Input"
"1115","1115","1115",420884,421194,310,"i","i","421","69","i","Input"
"1116","1116","1116",420980,421234,254,"t","t","422","69","t","Input"
"1117","1117","1117",421116,421307,191,"Space","Space","423","69"," ","Input"
"1118","1118","1118",421996,422122,126,"m","m","424","70","m","Input"
"1119","1119","1119",422797,423162,365,"a","a","425","70","a","Input"
"1120","1120","1120",423229,423538,309,"y","y","426","70","y","Input"
"1121","1121","1121",423677,423842,165,"Space","Space","427","70"," ","Input"
"1122","1122","1122",423925,424122,197,"b","b","428","71","b","Input"
"1123","1123","1123",424028,424202,174,"e","e","429","71","e","Input"
"1124","1124","1124",424156,424322,166,"Space","Space","430","71"," ","Input"
"1125","1125","1125",424437,424570,133,"t","t","431","72","t","Input"
"1126","1126","1126",424596,424842,246,"h","h","432","72","h","Input"
"1127","1127","1127",424693,424946,253,"a","a","433","72","a","Input"
"1128","1128","1128",424828,425074,246,"t","t","434","72","t","Input"
"1129","1129","1129",425148,425297,149,"Space","Space","435","72"," ","Input"
"1130","1130","1130",425773,426010,237,"w","w","436","73","w","Input"
"1131","1131","1131",425900,426138,238,"e","e","437","73","e","Input"
"1132","1132","1132",426068,426226,158,"Space","Space","438","73"," ","Input"
"1133","1133","1133",426309,426562,253,"a","a","439","74","a","Input"
"1134","1134","1134",426501,426690,189,"s","s","440","74","s","Input"
"1135","1135","1135",426589,426738,149,"Space","Space","441","74"," ","Input"
"1136","1136","1136",426837,427042,205,"a","a","442","75","a","Input"
"1137","1137","1137",426924,427098,174,"Space","Space","443","75"," ","Input"
"1138","1138","1138",427117,427234,117,"g","g","444","76","g","Input"
"1139","1139","1139",427389,427634,245,"r","r","445","76","r","Input"
"1140","1140","1140",427428,427698,270,"o","o","446","76","o","Input"
"1141","1141","1141",427572,427730,158,"u","u","447","76","u","Input"
"1142","1142","1142",427892,428138,246,"p","p","448","76","p","Input"
"1143","1143","1143",427997,428226,229,"Space","Space","449","76"," ","Input"
"1144","1144","1144",428211,428538,327,"a","a","450","77","a","Input"
"1145","1145","1145",428420,428770,350,"r","r","451","77","r","Input"
"1146","1146","1146",428653,428858,205,"e","e","452","77","e","Input"
"1147","1147","1147",429139,429362,223,"Space","Space","453","77"," ","Input"
"1148","1148","1148",433101,433306,205,"a","a","454","78","a","Input"
"1149","1149","1149",433245,433386,141,"m","m","455","78","m","Input"
"1150","1150","1150",433453,433722,269,"o","o","456","78","o","Input"
"1151","1151","1151",433548,433746,198,"n","n","457","78","n","Input"
"1152","1152","1152",433693,433866,173,"g","g","458","78","g","Input"
"1153","1153","1153",434084,434218,134,"s","s","459","78","s","Input"
"1154","1154","1154",434604,434889,285,"t","t","460","78","t","Input"
"1155","1155","1155",434933,435130,197,"Space","Space","461","78"," ","Input"
"1156","1156","1156",435469,435666,197,"o","o","462","79","o","Input"
"1157","1157","1157",435620,435898,278,"n","n","463","79","n","Input"
"1158","1158","1158",435956,436202,246,"e","e","464","79","e","Input"
"1159","1159","1159",436125,436346,221,"Space","Space","465","79"," ","Input"
"1160","1160","1160",436445,436626,181,"a","a","466","80","a","Input"
"1161","1161","1161",436533,436690,157,"n","n","467","80","n","Input"
"1162","1162","1162",436652,436834,182,"o","o","468","80","o","Input"
"1163","1163","1163",436773,436914,141,"t","t","469","80","t","Input"
"1164","1164","1164",436884,437138,254,"h","h","470","80","h","Input"
"1165","1165","1165",436980,437178,198,"e","e","471","80","e","Input"
"1166","1166","1166",437076,437210,134,"r","r","472","80","r","Input"
"1167","1167","1167",437167,437337,170,"Space","Space","473","80"," ","Input"
"1168","1168","1168",437323,437489,166,"d","d","474","81","d","Input"
"1169","1169","1169",437452,437794,342,"o","o","475","81","o","Input"
"1170","1170","1170",437589,437842,253,"i","i","476","81","i","Input"
"1171","1171","1171",437660,437977,317,"n","n","477","81","n","Input"
"1172","1172","1172",437725,437946,221,"g","g","478","81","g","Input"
"1173","1173","1173",438316,438554,238,".",".","479","81",".","Input"
"1174","1174","1174",438429,438602,173,"Space","Space","480","81"," ","Input"
"1175","1175","1175",440125,440125,0,"Shift","Shift","480","81","NoChange","Nonproduction"
"1176","1176","1176",440380,440562,182,"Enter","Enter","481","81","\n","Input"
"1177","1177","1177",441051,441250,199,"Enter","Enter","482","81","\n","Input"
"1178","1178","1178",467250,467250,0,"Shift","Shift","482","81","NoChange","Nonproduction"
"1179","1179","1179",467596,467874,278,"C","c","483","82","C","Input"
"1180","1180","1180",468413,468546,133,"o","o","484","82","o","Input"
"1181","1181","1181",468645,468778,133,"o","o","485","82","o","Input"
"1182","1182","1182",469086,469346,260,"p","p","486","82","p","Input"
"1183","1183","1183",469253,469458,205,"e","e","487","82","e","Input"
"1184","1184","1184",469373,469570,197,"r","r","488","82","r","Input"
"1185","1185","1185",469717,470066,349,"a","a","489","82","a","Input"
"1186","1186","1186",469885,470146,261,"t","t","490","82","t","Input"
"1187","1187","1187",470021,470273,252,"i","i","491","82","i","Input"
"1188","1188","1188",470173,470514,341,"o","o","492","82","o","Input"
"1189","1189","1189",470354,470554,200,"n","n","493","82","n","Input"
"1190","1190","1190",479448,479952,504,"Backspace","Backspace","492","82","n","Remove/Cut"
"1191","1191","1191",479952,479983,31,"Backspace","Backspace","491","82","o","Remove/Cut"
"1192","1192","1192",479983,480014,31,"Backspace","Backspace","490","82","i","Remove/Cut"
"1193","1193","1193",480014,480061,47,"Backspace","Backspace","489","82","t","Remove/Cut"
"1194","1194","1194",480061,480086,25,"Backspace","Backspace","488","82","a","Remove/Cut"
"1195","1195","1195",480238,480325,87,"Backspace","Backspace","487","82","r","Remove/Cut"
"1196","1196","1196",480441,480533,92,"Backspace","Backspace","486","82","e","Remove/Cut"
"1197","1197","1197",480641,480709,68,"Backspace","Backspace","485","82","p","Remove/Cut"
"1198","1198","1198",480824,480894,70,"Backspace","Backspace","484","82","o","Remove/Cut"
"1199","1199","1199",481071,481196,125,"Backspace","Backspace","483","82","o","Remove/Cut"
"1200","1200","1200",481294,481421,127,"Backspace","Backspace","482","81","C","Remove/Cut"
"1201","1201","1201",481496,481496,0,"Shift","Shift","482","81","NoChange","Nonproduction"
"1202","1202","1202",481609,481734,125,"E","e","483","82","E","Input"
"1203","1203","1203",481784,481949,165,"n","n","484","82","n","Input"
"1204","1204","1204",481912,482077,165,"g","g","485","82","g","Input"
"1205","1205","1205",482105,482334,229,"a","a","486","82","a","Input"
"1206","1206","1206",482217,482420,203,"g","g","487","82","g","Input"
"1207","1207","1207",482437,482861,424,"i","i","488","82","i","Input"
"1208","1208","1208",482560,482845,285,"n","n","489","82","n","Input"
"1209","1209","1209",482624,482821,197,"g","g","490","82","g","Input"
"1210","1210","1210",482752,482958,206,"Space","Space","491","82"," ","Input"
"1211","1211","1211",484856,485006,150,"t","t","492","83","t","Input"
"1212","1212","1212",485104,485293,189,"o","o","493","83","o","Input"
"1213","1213","1213",485234,485357,123,"g","g","494","83","g","Input"
"1214","1214","1214",485391,485605,214,"e","e","495","83","e","Input"
"1215","1215","1215",485536,485741,205,"t","t","496","83","t","Input"
"1216","1216","1216",485689,485941,252,"h","h","497","83","h","Input"
"1217","1217","1217",485816,486037,221,"e","e","498","83","e","Input"
"1218","1218","1218",485904,486117,213,"r","r","499","83","r","Input"
"1219","1219","1219",487576,487789,213,"Space","Space","500","83"," ","Input"
"1220","1220","1220",496233,496381,148,"Backspace","Backspace","499","83"," ","Remove/Cut"
"1221","1221","1221",496664,496869,205,",",",","500","83",",","Input"
"1222","1222","1222",496785,496925,140,"Space","Space","501","83"," ","Input"
"1223","1223","1223",496913,497053,140,"c","c","502","84","c","Input"
"1224","1224","1224",497392,497621,229,"r","r","503","84","r","Input"
"1225","1225","1225",497520,497837,317,"e","e","504","84","e","Input"
"1226","1226","1226",497696,497933,237,"a","a","505","84","a","Input"
"1227","1227","1227",497856,498085,229,"t","t","506","84","t","Input"
"1228","1228","1228",498160,498437,277,"i","i","507","84","i","Input"
"1229","1229","1229",498312,498621,309,"n","n","508","84","n","Input"
"1230","1230","1230",498390,498589,199,"g","g","509","84","g","Input"
"1231","1231","1231",498543,498733,190,"Space","Space","510","84"," ","Input"
"1232","1232","1232",498864,499126,262,"r","r","511","85","r","Input"
"1233","1233","1233",499504,499733,229,"i","i","512","85","i","Input"
"1234","1234","1234",500207,500406,199,"v","v","513","85","v","Input"
"1235","1235","1235",502889,503182,293,"a","a","514","85","a","Input"
"1236","1236","1236",503048,503205,157,"l","l","515","85","l","Input"
"1237","1237","1237",503246,503549,303,"r","r","516","85","r","Input"
"1238","1238","1238",503448,503646,198,"y","y","517","85","y","Input"
"1239","1239","1239",503568,503757,189,"Space","Space","518","85"," ","Input"
"1240","1240","1240",503785,504110,325,"a","a","519","86","a","Input"
"1241","1241","1241",503976,504197,221,"n","n","520","86","n","Input"
"1242","1242","1242",504073,504246,173,"d","d","521","86","d","Input"
"1243","1243","1243",504177,504333,156,"Space","Space","522","86"," ","Input"
"1244","1244","1244",504408,504525,117,"t","t","523","87","t","Input"
"1245","1245","1245",504609,504837,228,"r","r","524","87","r","Input"
"1246","1246","1246",504681,504797,116,"y","y","525","87","y","Input"
"1247","1247","1247",504945,505310,365,"i","i","526","87","i","Input"
"1248","1248","1248",505049,505333,284,"n","n","527","87","n","Input"
"1249","1249","1249",505129,505293,164,"g","g","528","87","g","Input"
"1250","1250","1250",505257,505478,221,"Space","Space","529","87"," ","Input"
"1251","1251","1251",505504,505781,277,"t","t","530","88","t","Input"
"1252","1252","1252",505864,506142,278,"o","o","531","88","o","Input"
"1253","1253","1253",506041,506213,172,"Space","Space","532","88"," ","Input"
"1254","1254","1254",506480,506844,364,"o","o","533","89","o","Input"
"1255","1255","1255",506622,506869,247,"u","u","534","89","u","Input"
"1256","1256","1256",506758,506981,223,"t","t","535","89","t","Input"
"1257","1257","1257",507425,507549,124,"-","-","536","89","-","Input"
"1258","1258","1258",507816,508109,293,"d","d","537","89","d","Input"
"1259","1259","1259",507969,508214,245,"o","o","538","89","o","Input"
"1260","1260","1260",508128,508286,158,"Space","Space","539","89"," ","Input"
"1261","1261","1261",512258,512477,219,"e","e","540","90","e","Input"
"1262","1262","1262",512440,512677,237,"a","a","541","90","a","Input"
"1263","1263","1263",512609,512789,180,"c","c","542","90","c","Input"
"1264","1264","1264",512704,512909,205,"h","h","543","90","h","Input"
"1265","1265","1265",512832,513061,229,"o","o","544","90","o","Input"
"1266","1266","1266",512976,513157,181,"t","t","545","90","t","Input"
"1267","1267","1267",513087,513357,270,"h","h","546","90","h","Input"
"1268","1268","1268",513183,513429,246,"e","e","547","90","e","Input"
"1269","1269","1269",513303,513508,205,"r","r","548","90","r","Input"
"1270","1270","1270",515048,515269,221,"Space","Space","549","90"," ","Input"
"1271","1271","1271",515824,516205,381,"a","a","550","91","a","Input"
"1272","1272","1272",515977,516269,292,"n","n","551","91","n","Input"
"1273","1273","1273",516167,516421,254,"d","d","552","91","d","Input"
"1274","1274","1274",516290,516445,155,"Space","Space","553","91"," ","Input"
"1275","1275","1275",517281,517533,252,"b","b","554","92","b","Input"
"1276","1276","1276",517480,517637,157,"e","e","555","92","e","Input"
"1277","1277","1277",517928,518085,157,"Space","Space","556","92"," ","Input"
"1278","1278","1278",518064,518293,229,"n","n","557","93","n","Input"
"1279","1279","1279",518186,518357,171,"o","o","558","93","o","Input"
"1280","1280","1280",518240,518405,165,"t","t","559","93","t","Input"
"1281","1281","1281",518432,518693,261,"i","i","560","93","i","Input"
"1282","1282","1282",518577,518750,173,"c","c","561","93","c","Input"
"1283","1283","1283",518680,518829,149,"e","e","562","93","e","Input"
"1284","1284","1284",519169,519357,188,"d","d","563","93","d","Input"
"1285","1285","1285",519665,519837,172,"Space","Space","564","93"," ","Input"
"1286","1286","1286",520072,520285,213,"a","a","565","94","a","Input"
"1287","1287","1287",520208,520373,165,"s","s","566","94","s","Input"
"1288","1288","1288",520312,520485,173,"Space","Space","567","94"," ","Input"
"1289","1289","1289",520537,520885,348,"t","t","568","95","t","Input"
"1290","1290","1290",520713,521021,308,"h","h","569","95","h","Input"
"1291","1291","1291",520841,521054,213,"e","e","570","95","e","Input"
"1292","1292","1292",521009,521214,205,"Space","Space","571","95"," ","Input"
"1293","1293","1293",521712,522045,333,"b","b","572","96","b","Input"
"1294","1294","1294",521890,522309,419,"e","e","573","96","e","Input"
"1295","1295","1295",522097,522285,188,"s","s","574","96","s","Input"
"1296","1296","1296",523224,523501,277,"t","t","575","96","t","Input"
"1297","1297","1297",523880,524062,182,"Space","Space","576","96"," ","Input"
"1298","1298","1298",524224,524509,285,"o","o","577","97","o","Input"
"1299","1299","1299",524326,524557,231,"f","f","578","97","f","Input"
"1300","1300","1300",524528,524733,205,"Space","Space","579","97"," ","Input"
"1301","1301","1301",524914,525253,339,"t","t","580","98","t","Input"
"1302","1302","1302",525192,525493,301,"h","h","581","98","h","Input"
"1303","1303","1303",526096,526301,205,"e","e","582","98","e","Input"
"1304","1304","1304",527368,527573,205,"Space","Space","583","98"," ","Input"
"1305","1305","1305",531438,531525,87,"Backspace","Backspace","582","98"," ","Remove/Cut"
"1306","1306","1306",531617,531693,76,"Backspace","Backspace","581","98","e","Remove/Cut"
"1307","1307","1307",531793,531861,68,"Backspace","Backspace","580","98","h","Remove/Cut"
"1308","1308","1308",531953,532061,108,"Backspace","Backspace","579","97","t","Remove/Cut"
"1309","1309","1309",532393,532597,204,"a","a","580","98","a","Input"
"1310","1310","1310",532496,532565,69,"l","l","581","98","l","Input"
"1311","1311","1311",532752,532917,165,"l","l","582","98","l","Input"
"1312","1312","1312",532849,533013,164,"Space","Space","583","98"," ","Input"
"1313","1313","1313",533041,533213,172,"t","t","584","99","t","Input"
"1314","1314","1314",533144,533340,196,"h","h","585","99","h","Input"
"1315","1315","1315",533239,533373,134,"e","e","586","99","e","Input"
"1316","1316","1316",533302,533509,207,"Space","Space","587","99"," ","Input"
"1317","1317","1317",533456,533597,141,"o","o","588","100","o","Input"
"1318","1318","1318",533528,533689,161,"t","t","589","100","t","Input"
"1319","1319","1319",533665,533885,220,"h","h","590","100","h","Input"
"1320","1320","1320",533752,533949,197,"e","e","591","100","e","Input"
"1321","1321","1321",533856,534005,149,"r","r","592","100","r","Input"
"1322","1322","1322",534304,534477,173,"s","s","593","100","s","Input"
"1323","1323","1323",534432,534613,181,"Space","Space","594","100"," ","Input"
"1324","1324","1324",534649,534821,172,"d","d","595","101","d","Input"
"1325","1325","1325",534777,535046,269,"o","o","596","101","o","Input"
"1326","1326","1326",534912,535149,237,"i","i","597","101","i","Input"
"1327","1327","1327",535001,535269,268,"n","n","598","101","n","Input"
"1328","1328","1328",535120,535294,174,"g","g","599","101","g","Input"
"1329","1329","1329",535208,535381,173,"Space","Space","600","101"," ","Input"
"1330","1330","1330",535480,535749,269,"t","t","601","102","t","Input"
"1331","1331","1331",535601,535925,324,"h","h","602","102","h","Input"
"1332","1332","1332",535737,535901,164,"e","e","603","102","e","Input"
"1333","1333","1333",535824,536021,197,"Space","Space","604","102"," ","Input"
"1334","1334","1334",536170,536429,259,"s","s","605","103","s","Input"
"1335","1335","1335",536285,536605,320,"a","a","606","103","a","Input"
"1336","1336","1336",536359,536685,326,"m","m","607","103","m","Input"
"1337","1337","1337",536520,536701,181,"e","e","608","103","e","Input"
"1338","1338","1338",536641,536789,148,"Space","Space","609","103"," ","Input"
"1339","1339","1339",536864,537021,157,"t","t","610","104","t","Input"
"1340","1340","1340",536945,537085,140,"h","h","611","104","h","Input"
"1341","1341","1341",537064,537341,277,"i","i","612","104","i","Input"
"1342","1342","1342",537223,537541,318,"n","n","613","104","n","Input"
"1343","1343","1343",537325,537509,184,"g","g","614","104","g","Input"
"1344","1344","1344",537527,537741,214,"Space","Space","615","104"," ","Input"
"1345","1345","1345",538905,539173,268,"i","i","616","105","i","Input"
"1346","1346","1346",539976,540149,173,"s","s","617","105","s","Input"
"1347","1347","1347",540128,540317,189,"Space","Space","618","105"," ","Input"
"1348","1348","1348",540432,540620,188,"s","s","619","106","s","Input"
"1349","1349","1349",540672,540981,309,"o","o","620","106","o","Input"
"1350","1350","1350",540865,541061,196,"m","m","621","106","m","Input"
"1351","1351","1351",541048,541253,205,"e","e","622","106","e","Input"
"1352","1352","1352",541192,541405,213,"t","t","623","106","t","Input"
"1353","1353","1353",541376,541541,165,"h","h","624","106","h","Input"
"1354","1354","1354",541568,541813,245,"i","i","625","106","i","Input"
"1355","1355","1355",541696,542005,309,"n","n","626","106","n","Input"
"1356","1356","1356",541841,542045,204,"g","g","627","106","g","Input"
"1357","1357","1357",542032,542204,172,"Space","Space","628","106"," ","Input"
"1358","1358","1358",542920,543197,277,"t","t","629","107","t","Input"
"1359","1359","1359",543152,543605,453,"h","h","630","107","h","Input"
"1360","1360","1360",543408,543669,261,"a","a","631","107","a","Input"
"1361","1361","1361",543558,543765,207,"t","t","632","107","t","Input"
"1362","1362","1362",543655,543837,182,"Space","Space","633","107"," ","Input"
"1363","1363","1363",543856,543856,0,"Shift","Shift","633","107","NoChange","Nonproduction"
"1364","1364","1364",543944,544189,245,"I","i","634","108","I","Input"
"1365","1365","1365",544064,544228,164,"Space","Space","635","108"," ","Input"
"1366","1366","1366",544216,544405,189,"t","t","636","109","t","Input"
"1367","1367","1367",544312,544453,141,"h","h","637","109","h","Input"
"1368","1368","1368",544432,544573,141,"i","i","638","109","i","Input"
"1369","1369","1369",544592,544861,269,"n","n","639","109","n","Input"
"1370","1370","1370",544736,544909,173,"k","k","640","109","k","Input"
"1371","1371","1371",544824,545021,197,"Space","Space","641","109"," ","Input"
"1372","1372","1372",545269,545525,256,"i","i","642","110","i","Input"
"1373","1373","1373",545376,545549,173,"s","s","643","110","s","Input"
"1374","1374","1374",545505,545701,196,"Space","Space","644","110"," ","Input"
"1375","1375","1375",546169,546413,244,"s","s","645","111","s","Input"
"1376","1376","1376",546360,546605,245,"a","a","646","111","a","Input"
"1377","1377","1377",546504,546756,252,"f","f","647","111","f","Input"
"1378","1378","1378",546694,546869,175,"e","e","648","111","e","Input"
"1379","1379","1379",546773,546925,152,"Space","Space","649","111"," ","Input"
"1380","1380","1380",546950,547101,151,"t","t","650","112","t","Input"
"1381","1381","1381",547008,547173,165,"o","o","651","112","o","Input"
"1382","1382","1382",547077,547260,183,"Space","Space","652","112"," ","Input"
"1383","1383","1383",547352,547589,237,"a","a","653","113","a","Input"
"1384","1384","1384",547512,547621,109,"c","c","654","113","c","Input"
"1385","1385","1385",547705,547853,148,"c","c","655","113","c","Input"
"1386","1386","1386",547832,548061,229,"u","u","656","113","u","Input"
"1387","1387","1387",548009,548181,172,"r","r","657","113","r","Input"
"1388","1388","1388",548136,548364,228,"a","a","658","113","a","Input"
"1389","1389","1389",548301,548589,288,"t","t","659","113","t","Input"
"1390","1390","1390",548423,548669,246,"e","e","660","113","e","Input"
"1391","1391","1391",548609,548693,84,"l","l","661","113","l","Input"
"1392","1392","1392",548856,549029,173,"y","y","662","113","y","Input"
"1393","1393","1393",548961,549173,212,"Space","Space","663","113"," ","Input"
"1394","1394","1394",549224,549468,244,"s","s","664","114","s","Input"
"1395","1395","1395",549337,549653,316,"a","a","665","114","a","Input"
"1396","1396","1396",549408,549701,293,"y","y","666","114","y","Input"
"1397","1397","1397",550800,550981,181,"Space","Space","667","114"," ","Input"
"1398","1398","1398",551000,551236,236,"i","i","668","115","i","Input"
"1399","1399","1399",551087,551213,126,"s","s","669","115","s","Input"
"1400","1400","1400",551151,551300,149,"Space","Space","670","115"," ","Input"
"1401","1401","1401",551357,551509,152,"s","s","671","116","s","Input"
"1402","1402","1402",551592,551917,325,"o","o","672","116","o","Input"
"1403","1403","1403",551742,551869,127,"m","m","673","116","m","Input"
"1404","1404","1404",551801,551997,196,"e","e","674","116","e","Input"
"1405","1405","1405",551944,552109,165,"t","t","675","116","t","Input"
"1406","1406","1406",552032,552156,124,"h","h","676","116","h","Input"
"1407","1407","1407",552143,552421,278,"i","i","677","116","i","Input"
"1408","1408","1408",552264,552565,301,"n","n","678","116","n","Input"
"1409","1409","1409",552336,552509,173,"g","g","679","116","g","Input"
"1410","1410","1410",552544,552733,189,"Space","Space","680","116"," ","Input"
"1411","1411","1411",554238,554469,231,"a","a","681","117","a","Input"
"1412","1412","1412",554367,554493,126,"n","n","682","117","n","Input"
"1413","1413","1413",554688,554845,157,"y","y","683","117","y","Input"
"1414","1414","1414",554905,555084,179,"b","b","684","117","b","Input"
"1415","1415","1415",555841,555989,148,"o","o","685","117","o","Input"
"1416","1416","1416",556281,556573,292,"d","d","686","117","d","Input"
"1417","1417","1417",556432,556629,197,"y","y","687","117","y","Input"
"1418","1418","1418",556824,557005,181,"Space","Space","688","117"," ","Input"
"1419","1419","1419",557104,557501,397,"i","i","689","118","i","Input"
"1420","1420","1420",557349,557644,295,"n","n","690","118","n","Input"
"1421","1421","1421",557537,557757,220,"Space","Space","691","118"," ","Input"
"1422","1422","1422",558329,558525,196,"t","t","692","119","t","Input"
"1423","1423","1423",558921,559037,116,"Backspace","Backspace","691","118","t","Remove/Cut"
"1424","1424","1424",559001,559165,164,"s","s","692","119","s","Input"
"1425","1425","1425",559097,559405,308,"a","a","693","119","a","Input"
"1426","1426","1426",559256,559517,261,"i","i","694","119","i","Input"
"1427","1427","1427",559329,559549,220,"d","d","695","119","d","Input"
"1428","1428","1428",559503,559653,150,"Space","Space","696","119"," ","Input"
"1429","1429","1429",559793,559981,188,"s","s","697","120","s","Input"
"1430","1430","1430",560286,560477,191,"c","c","698","120","c","Input"
"1431","1431","1431",560416,560637,221,"e","e","699","120","e","Input"
"1432","1432","1432",560600,560813,213,"n","n","700","120","n","Input"
"1433","1433","1433",560984,561229,245,"a","a","701","120","a","Input"
"1434","1434","1434",561144,561181,37,"d","d","702","120","d","Input"
"1435","1435","1435",561585,561685,100,"Backspace","Backspace","701","120","d","Remove/Cut"
"1436","1436","1436",561640,561828,188,"r","r","702","120","r","Input"
"1437","1437","1437",561912,562197,285,"i","i","703","120","i","Input"
"1438","1438","1438",562022,562269,247,"o","o","704","120","o","Input"
"1439","1439","1439",562152,562375,223,"Space","Space","705","120"," ","Input"
"1440","1440","1440",562352,562541,189,"w","w","706","121","w","Input"
"1441","1441","1441",562464,562597,133,"o","o","707","121","o","Input"
"1442","1442","1442",562577,563013,436,"u","u","708","121","u","Input"
"1443","1443","1443",562720,563069,349,"l","l","709","121","l","Input"
"1444","1444","1444",562824,562997,173,"d","d","710","121","d","Input"
"1445","1445","1445",562881,563133,252,"Space","Space","711","121"," ","Input"
"1446","1446","1446",563152,563508,356,"w","w","712","122","w","Input"
"1447","1447","1447",563367,563845,478,"a","a","713","122","a","Input"
"1448","1448","1448",563440,563733,293,"n","n","714","122","n","Input"
"1449","1449","1449",563824,564132,308,"t","t","715","122","t","Input"
"1450","1450","1450",566048,566245,197,"Space","Space","716","122"," ","Input"
"1451","1451","1451",566232,566453,221,"a","a","717","123","a","Input"
"1452","1452","1452",566400,566589,189,"s","s","718","123","s","Input"
"1453","1453","1453",566512,566693,181,"Space","Space","719","123"," ","Input"
"1454","1454","1454",566888,567085,197,"a","a","720","124","a","Input"
"1455","1455","1455",566998,567165,167,"Space","Space","721","124"," ","Input"
"1456","1456","1456",567264,567500,236,"r","r","722","125","r","Input"
"1457","1457","1457",567392,567541,149,"e","e","723","125","e","Input"
"1458","1458","1458",567664,567701,37,"s","s","724","125","s","Input"
"1459","1459","1459",568072,568221,149,"u","u","725","125","u","Input"
"1460","1460","1460",568360,568541,181,"l","l","726","125","l","Input"
"1461","1461","1461",568456,568621,165,"t","t","727","125","t","Input"
"1462","1462","1462",568856,569069,213,".",".","728","125",".","Input"
"1463","1463","1463",569000,569173,173,"Space","Space","729","125"," ","Input"
"1464","1464","1464",569649,569649,0,"Shift","Shift","729","125","NoChange","Nonproduction"
"1465","1465","1465",569904,569973,69,"N","N","730","126","N","Input"
"1466","1466","1466",570136,570269,133,"o","o","731","126","o","Input"
"1467","1467","1467",570480,570605,125,"b","b","732","126","b","Input"
"1468","1468","1468",570688,570885,197,"o","o","733","126","o","Input"
"1469","1469","1469",571657,571901,244,"d","d","734","126","d","Input"
"1470","1470","1470",572144,572324,180,"y","y","735","126","y","Input"
"1471","1471","1471",573296,573501,205,"Space","Space","736","126"," ","Input"
"1472","1472","1472",573488,573645,157,"w","w","737","127","w","Input"
"1473","1473","1473",573569,573853,284,"a","a","738","127","a","Input"
"1474","1474","1474",573672,573813,141,"n","n","739","127","n","Input"
"1475","1475","1475",573953,574133,180,"t","t","740","127","t","Input"
"1476","1476","1476",574471,574677,206,"s","s","741","127","s","Input"
"1477","1477","1477",576176,576381,205,"Space","Space","742","127"," ","Input"
"1478","1478","1478",578261,578573,312,"t","t","743","128","t","Input"
"1479","1479","1479",579121,579365,244,"o","o","744","128","o","Input"
"1480","1480","1480",579929,580197,268,"Space","Space","745","128"," ","Input"
"1481","1481","1481",581068,581245,177,"a","a","746","129","a","Input"
"1482","1482","1482",581192,581268,76,"p","p","747","129","p","Input"
"1483","1483","1483",581366,581581,215,"p","p","748","129","p","Input"
"1484","1484","1484",581448,581772,324,"e","e","749","129","e","Input"
"1485","1485","1485",581562,581797,235,"a","a","750","129","a","Input"
"1486","1486","1486",581704,581924,220,"r","r","751","129","r","Input"
"1487","1487","1487",581894,582068,174,"Space","Space","752","129"," ","Input"
"1488","1488","1488",582088,582405,317,"t","t","753","130","t","Input"
"1489","1489","1489",582257,582428,171,"o","o","754","130","o","Input"
"1490","1490","1490",582318,582508,190,"Space","Space","755","130"," ","Input"
"1491","1491","1491",582760,583013,253,"b","b","756","131","b","Input"
"1492","1492","1492",582897,583085,188,"e","e","757","131","e","Input"
"1493","1493","1493",583000,583173,173,"Space","Space","758","131"," ","Input"
"1494","1494","1494",583329,583541,212,"l","l","759","132","l","Input"
"1495","1495","1495",583569,583773,204,"e","e","760","132","e","Input"
"1496","1496","1496",583673,583797,124,"s","s","761","132","s","Input"
"1497","1497","1497",583921,584085,164,"s","s","762","132","s","Input"
"1498","1498","1498",584024,584212,188,"Space","Space","763","132"," ","Input"
"1499","1499","1499",584192,584357,165,"g","g","764","133","g","Input"
"1500","1500","1500",584336,584405,69,"o","o","765","133","o","Input"
"1501","1501","1501",584504,584725,221,"o","o","766","133","o","Input"
"1502","1502","1502",584585,584765,180,"d","d","767","133","d","Input"
"1503","1503","1503",585128,585333,205,"Space","Space","768","133"," ","Input"
"1504","1504","1504",585464,585732,268,"a","a","769","134","a","Input"
"1505","1505","1505",585689,585837,148,"t","t","770","134","t","Input"
"1506","1506","1506",585784,585933,149,"Space","Space","771","134"," ","Input"
"1507","1507","1507",585961,586077,116,"s","s","772","135","s","Input"
"1508","1508","1508",586032,586221,189,"o","o","773","135","o","Input"
"1509","1509","1509",586137,586269,132,"m","m","774","135","m","Input"
"1510","1510","1510",586249,586445,196,"e","e","775","135","e","Input"
"1511","1511","1511",586353,586517,164,"t","t","776","135","t","Input"
"1512","1512","1512",586425,586557,132,"h","h","777","135","h","Input"
"1513","1513","1513",586593,586789,196,"i","i","778","135","i","Input"
"1514","1514","1514",586688,586909,221,"n","n","779","135","n","Input"
"1515","1515","1515",586769,586885,116,"g","g","780","135","g","Input"
"1516","1516","1516",586825,586989,164,"Space","Space","781","135"," ","Input"
"1517","1517","1517",587049,587196,147,"t","t","782","136","t","Input"
"1518","1518","1518",587144,587276,132,"h","h","783","136","h","Input"
"1519","1519","1519",587253,587493,240,"a","a","784","136","a","Input"
"1520","1520","1520",587384,587581,197,"n","n","785","136","n","Input"
"1521","1521","1521",587472,587645,173,"Space","Space","786","136"," ","Input"
"1522","1522","1522",587673,587861,188,"s","s","787","137","s","Input"
"1523","1523","1523",587752,587901,149,"o","o","788","137","o","Input"
"1524","1524","1524",587842,588021,179,"m","m","789","137","m","Input"
"1525","1525","1525",587984,588140,156,"e","e","790","137","e","Input"
"1526","1526","1526",588121,588365,244,"o","o","791","137","o","Input"
"1527","1527","1527",588206,588557,351,"n","n","792","137","n","Input"
"1528","1528","1528",588312,588453,141,"e","e","793","137","e","Input"
"1529","1529","1529",588408,588597,189,"Space","Space","794","137"," ","Input"
"1530","1530","1530",588576,588701,125,"e","e","795","138","e","Input"
"1531","1531","1531",588728,588925,197,"l","l","796","138","l","Input"
"1532","1532","1532",588864,589037,173,"s","s","797","138","s","Input"
"1533","1533","1533",588952,589149,197,"e","e","798","138","e","Input"
"1534","1534","1534",590058,590141,83,",",",","799","138",",","Input"
"1535","1535","1535",590310,590461,151,"Space","Space","800","138"," ","Input"
"1536","1536","1536",591065,591333,268,"a","a","801","139","a","Input"
"1537","1537","1537",591145,591373,228,"n","n","802","139","n","Input"
"1538","1538","1538",591273,591444,171,"d","d","803","139","d","Input"
"1539","1539","1539",591361,591557,196,"Space","Space","804","139"," ","Input"
"1540","1540","1540",591729,591933,204,"i","i","805","140","i","Input"
"1541","1541","1541",591848,592029,181,"f","f","806","140","f","Input"
"1542","1542","1542",592008,592172,164,"Space","Space","807","140"," ","Input"
"1543","1543","1543",592217,592429,212,"w","w","808","141","w","Input"
"1544","1544","1544",592337,592581,244,"e","e","809","141","e","Input"
"1545","1545","1545",592497,592637,140,"Space","Space","810","141"," ","Input"
"1546","1546","1546",592712,592901,189,"h","h","811","142","h","Input"
"1547","1547","1547",592784,593005,221,"a","a","812","142","a","Input"
"1548","1548","1548",592921,593060,139,"d","d","813","142","d","Input"
"1549","1549","1549",592985,593165,180,"Space","Space","814","142"," ","Input"
"1550","1550","1550",593634,593829,195,"t","t","815","143","t","Input"
"1551","1551","1551",593737,593941,204,"h","h","816","143","h","Input"
"1552","1552","1552",593807,593965,158,"e","e","817","143","e","Input"
"1553","1553","1553",593897,594069,172,"Space","Space","818","143"," ","Input"
"1554","1554","1554",594169,594324,155,"c","c","819","144","c","Input"
"1555","1555","1555",594233,594405,172,"h","h","820","144","h","Input"
"1556","1556","1556",594345,594636,291,"o","o","821","144","o","Input"
"1557","1557","1557",594497,594621,124,"i","i","822","144","i","Input"
"1558","1558","1558",594696,595029,333,"c","c","823","144","c","Input"
"1559","1559","1559",594929,595133,204,"e","e","824","144","e","Input"
"1560","1560","1560",595074,595253,179,"Space","Space","825","144"," ","Input"
"1561","1561","1561",595297,595517,220,"t","t","826","145","t","Input"
"1562","1562","1562",595361,595549,188,"o","o","827","145","o","Input"
"1563","1563","1563",595431,595588,157,"Space","Space","828","145"," ","Input"
"1564","1564","1564",595758,595972,214,"b","b","829","146","b","Input"
"1565","1565","1565",595873,596053,180,"e","e","830","146","e","Input"
"1566","1566","1566",596000,596140,140,"Space","Space","831","146"," ","Input"
"1567","1567","1567",596312,596312,0,"Shift","Shift","831","146","NoChange","Nonproduction"
"1568","1568","1568",596821,596821,0,"Shift","Shift","831","146","NoChange","Nonproduction"
"1569","1569","1569",596851,596851,0,"Shift","Shift","831","146","NoChange","Nonproduction"
"1570","1570","1570",597001,597189,188,"n","n","832","147","n","Input"
"1571","1571","1571",597121,597268,147,"u","u","833","147","u","Input"
"1572","1572","1572",597600,597709,109,"Backspace","Backspace","832","147","u","Remove/Cut"
"1573","1573","1573",597737,597737,0,"Shift","Shift","832","147","NoChange","Nonproduction"
"1574","1574","1574",597793,597925,132,"Backspace","Backspace","831","146","n","Remove/Cut"
"1575","1575","1575",598145,598253,108,"!","!","832","146","!","Input"
"1576","1576","1576",598552,598552,0,"Shift","Shift","832","146","NoChange","Nonproduction"
"1577","1577","1577",598657,598773,116,"Backspace","Backspace","831","146","!","Remove/Cut"
"1578","1578","1578",598689,598845,156,"@","@","832","146","@","Input"
"1579","1579","1579",599201,599292,91,"Backspace","Backspace","831","146","@","Remove/Cut"
"1580","1580","1580",599536,599725,189,"n","n","832","147","n","Input"
"1581","1581","1581",599664,599765,101,"u","u","833","147","u","Input"
"1582","1582","1582",599680,599740,60,"i","i","834","147","i","Input"
"1583","1583","1583",600481,600557,76,"Backspace","Backspace","833","147","i","Remove/Cut"
"1584","1584","1584",600809,600908,99,"m","m","834","147","m","Input"
"1585","1585","1585",601112,601285,173,"b","b","835","147","b","Input"
"1586","1586","1586",601176,601365,189,"e","e","836","147","e","Input"
"1587","1587","1587",601257,601445,188,"r","r","837","147","r","Input"
"1588","1588","1588",601729,601853,124,"-","-","838","147","-","Input"
"1589","1589","1589",602088,602253,165,"o","o","839","147","o","Input"
"1590","1590","1590",602161,602341,180,"n","n","840","147","n","Input"
"1591","1591","1591",602200,602357,157,"e","e","841","147","e","Input"
"1592","1592","1592",602961,603036,75,"Backspace","Backspace","840","147","e","Remove/Cut"
"1593","1593","1593",603119,603204,85,"Backspace","Backspace","839","147","n","Remove/Cut"
"1594","1594","1594",603297,603365,68,"Backspace","Backspace","838","147","o","Remove/Cut"
"1595","1595","1595",603447,603533,86,"Backspace","Backspace","837","147","-","Remove/Cut"
"1596","1596","1596",603515,603685,170,"Space","Space","838","147"," ","Input"
"1597","1597","1597",603961,603961,0,"Shift","Shift","838","147","NoChange","Nonproduction"
"1598","1598","1598",604472,604693,221,"o","o","839","148","o","Input"
"1599","1599","1599",604577,604805,228,"n","n","840","148","n","Input"
"1600","1600","1600",604617,604788,171,"e","e","841","148","e","Input"
"1601","1601","1601",605729,605877,148,"Space","Space","842","148"," ","Input"
"1602","1602","1602",606895,607188,293,"o","o","843","149","o","Input"
"1603","1603","1603",606998,607165,167,"r","r","844","149","r","Input"
"1604","1604","1604",607136,607309,173,"Space","Space","845","149"," ","Input"
"1605","1605","1605",607582,607877,295,"n","n","846","150","n","Input"
"1606","1606","1606",607761,607901,140,"u","u","847","150","u","Input"
"1607","1607","1607",608049,608141,92,"m","m","848","150","m","Input"
"1608","1608","1608",608312,608557,245,"b","b","849","150","b","Input"
"1609","1609","1609",608413,608637,224,"e","e","850","150","e","Input"
"1610","1610","1610",608520,608733,213,"r","r","851","150","r","Input"
"1611","1611","1611",608889,609085,196,"Space","Space","852","150"," ","Input"
"1612","1612","1612",609017,609172,155,"t","t","853","151","t","Input"
"1613","1613","1613",609353,609629,276,"w","w","854","151","w","Input"
"1614","1614","1614",609416,609613,197,"o","o","855","151","o","Input"
"1615","1615","1615",611448,611717,269,",",",","856","151",",","Input"
"1616","1616","1616",611665,611861,196,"Space","Space","857","151"," ","Input"
"1617","1617","1617",615721,615909,188,"w","w","858","152","w","Input"
"1618","1618","1618",615816,616005,189,"e","e","859","152","e","Input"
"1619","1619","1619",615889,616077,188,"Space","Space","860","152"," ","Input"
"1620","1620","1620",616288,616444,156,"w","w","861","153","w","Input"
"1621","1621","1621",616367,616508,141,"o","o","862","153","o","Input"
"1622","1622","1622",616488,616765,277,"u","u","863","153","u","Input"
"1623","1623","1623",616641,616877,236,"l","l","864","153","l","Input"
"1624","1624","1624",616721,616916,195,"d","d","865","153","d","Input"
"1625","1625","1625",616809,616988,179,"Space","Space","866","153"," ","Input"
"1626","1626","1626",617969,618466,497,"Backspace","Backspace","865","153"," ","Remove/Cut"
"1627","1627","1627",618466,618497,31,"Backspace","Backspace","864","153","d","Remove/Cut"
"1628","1628","1628",618497,618501,4,"Backspace","Backspace","863","153","l","Remove/Cut"
"1629","1629","1629",619969,620471,502,"Backspace","Backspace","862","153","u","Remove/Cut"
"1630","1630","1630",620471,620502,31,"Backspace","Backspace","861","153","o","Remove/Cut"
"1631","1631","1631",620502,620533,31,"Backspace","Backspace","860","152","w","Remove/Cut"
"1632","1632","1632",620533,620565,32,"Backspace","Backspace","859","152"," ","Remove/Cut"
"1633","1633","1633",620565,620596,31,"Backspace","Backspace","858","152","e","Remove/Cut"
"1634","1634","1634",620596,620641,45,"Backspace","Backspace","857","151","w","Remove/Cut"
"1635","1635","1635",620641,620672,31,"Backspace","Backspace","856","151"," ","Remove/Cut"
"1636","1636","1636",620672,620704,32,"Backspace","Backspace","855","151",",","Remove/Cut"
"1637","1637","1637",620704,620735,31,"Backspace","Backspace","854","151","o","Remove/Cut"
"1638","1638","1638",620735,620766,31,"Backspace","Backspace","853","151","w","Remove/Cut"
"1639","1639","1639",620766,620796,30,"Backspace","Backspace","852","150","t","Remove/Cut"
"1640","1640","1640",620796,620827,31,"Backspace","Backspace","851","150"," ","Remove/Cut"
"1641","1641","1641",620827,620873,46,"Backspace","Backspace","850","150","r","Remove/Cut"
"1642","1642","1642",620873,620904,31,"Backspace","Backspace","849","150","e","Remove/Cut"
"1643","1643","1643",620904,620935,31,"Backspace","Backspace","848","150","b","Remove/Cut"
"1644","1644","1644",620935,620966,31,"Backspace","Backspace","847","150","m","Remove/Cut"
"1645","1645","1645",620966,620996,30,"Backspace","Backspace","846","150","u","Remove/Cut"
"1646","1646","1646",620996,621027,31,"Backspace","Backspace","845","149","n","Remove/Cut"
"1647","1647","1647",621027,621059,32,"Backspace","Backspace","844","149"," ","Remove/Cut"
"1648","1648","1648",621059,621104,45,"Backspace","Backspace","843","149","r","Remove/Cut"
"1649","1649","1649",621104,621135,31,"Backspace","Backspace","842","148","o","Remove/Cut"
"1650","1650","1650",621135,621166,31,"Backspace","Backspace","841","148"," ","Remove/Cut"
"1651","1651","1651",621166,621197,31,"Backspace","Backspace","840","148","e","Remove/Cut"
"1652","1652","1652",621197,621227,30,"Backspace","Backspace","839","148","n","Remove/Cut"
"1653","1653","1653",621227,621260,33,"Backspace","Backspace","838","147","o","Remove/Cut"
"1654","1654","1654",621260,621291,31,"Backspace","Backspace","837","147"," ","Remove/Cut"
"1655","1655","1655",621291,621332,41,"Backspace","Backspace","836","147","r","Remove/Cut"
"1656","1656","1656",621332,621364,32,"Backspace","Backspace","835","147","e","Remove/Cut"
"1657","1657","1657",621364,621395,31,"Backspace","Backspace","834","147","b","Remove/Cut"
"1658","1658","1658",621395,621427,32,"Backspace","Backspace","833","147","m","Remove/Cut"
"1659","1659","1659",621427,621460,33,"Backspace","Backspace","832","147","u","Remove/Cut"
"1660","1660","1660",621460,621489,29,"Backspace","Backspace","831","146","n","Remove/Cut"
"1661","1661","1661",621489,621520,31,"Backspace","Backspace","830","146"," ","Remove/Cut"
"1662","1662","1662",621520,621551,31,"Backspace","Backspace","829","146","e","Remove/Cut"
"1663","1663","1663",621551,621599,48,"Backspace","Backspace","828","145","b","Remove/Cut"
"1664","1664","1664",621599,621630,31,"Backspace","Backspace","827","145"," ","Remove/Cut"
"1665","1665","1665",621630,621661,31,"Backspace","Backspace","826","145","o","Remove/Cut"
"1666","1666","1666",621661,621693,32,"Backspace","Backspace","825","144","t","Remove/Cut"
"1667","1667","1667",621693,621725,32,"Backspace","Backspace","824","144"," ","Remove/Cut"
"1668","1668","1668",621725,621756,31,"Backspace","Backspace","823","144","e","Remove/Cut"
"1669","1669","1669",621756,621787,31,"Backspace","Backspace","822","144","c","Remove/Cut"
"1670","1670","1670",621787,621818,31,"Backspace","Backspace","821","144","i","Remove/Cut"
"1671","1671","1671",621818,621864,46,"Backspace","Backspace","820","144","o","Remove/Cut"
"1672","1672","1672",621864,621885,21,"Backspace","Backspace","819","144","h","Remove/Cut"
"1673","1673","1673",623641,624141,500,"Backspace","Backspace","818","143","c","Remove/Cut"
"1674","1674","1674",624141,624185,44,"Backspace","Backspace","817","143"," ","Remove/Cut"
"1675","1675","1675",624185,624218,33,"Backspace","Backspace","816","143","e","Remove/Cut"
"1676","1676","1676",624218,624248,30,"Backspace","Backspace","815","143","h","Remove/Cut"
"1677","1677","1677",624248,624280,32,"Backspace","Backspace","814","142","t","Remove/Cut"
"1678","1678","1678",624280,624312,32,"Backspace","Backspace","813","142"," ","Remove/Cut"
"1679","1679","1679",624312,624343,31,"Backspace","Backspace","812","142","d","Remove/Cut"
"1680","1680","1680",624343,624376,33,"Backspace","Backspace","811","142","a","Remove/Cut"
"1681","1681","1681",624376,624406,30,"Backspace","Backspace","810","141","h","Remove/Cut"
"1682","1682","1682",624406,624445,39,"Backspace","Backspace","809","141"," ","Remove/Cut"
"1683","1683","1683",624777,624869,92,"Backspace","Backspace","808","141","e","Remove/Cut"
"1684","1684","1684",625001,625133,132,"Backspace","Backspace","807","140","w","Remove/Cut"
"1685","1685","1685",634617,634877,260,"w","w","808","141","w","Input"
"1686","1686","1686",634841,635084,243,"e","e","809","141","e","Input"
"1687","1687","1687",635049,635292,243,"Space","Space","810","141"," ","Input"
"1688","1688","1688",636464,636725,261,"h","h","811","142","h","Input"
"1689","1689","1689",636601,636892,291,"a","a","812","142","a","Input"
"1690","1690","1690",637409,637509,100,"Backspace","Backspace","811","142","a","Remove/Cut"
"1691","1691","1691",637673,637813,140,"Backspace","Backspace","810","141","h","Remove/Cut"
"1692","1692","1692",638097,638325,228,"h","h","811","142","h","Input"
"1693","1693","1693",638177,638341,164,"a","a","812","142","a","Input"
"1694","1694","1694",638253,638453,200,"d","d","813","142","d","Input"
"1695","1695","1695",638408,638589,181,"Space","Space","814","142"," ","Input"
"1696","1696","1696",639976,640085,109,"Backspace","Backspace","813","142"," ","Remove/Cut"
"1697","1697","1697",640185,640349,164,"Backspace","Backspace","812","142","d","Remove/Cut"
"1698","1698","1698",640577,640677,100,"Backspace","Backspace","811","142","a","Remove/Cut"
"1699","1699","1699",640817,640901,84,"Backspace","Backspace","810","141","h","Remove/Cut"
"1700","1700","1700",641209,641380,171,"Backspace","Backspace","809","141"," ","Remove/Cut"
"1701","1701","1701",642112,642221,109,"Backspace","Backspace","808","141","e","Remove/Cut"
"1702","1702","1702",642432,642565,133,"Backspace","Backspace","807","140","w","Remove/Cut"
"1703","1703","1703",642706,642805,99,"Backspace","Backspace","806","140"," ","Remove/Cut"
"1704","1704","1704",643048,643157,109,"Backspace","Backspace","805","140","f","Remove/Cut"
"1705","1705","1705",643465,643533,68,"Backspace","Backspace","804","139","i","Remove/Cut"
"1706","1706","1706",646889,647133,244,"w","w","805","140","w","Input"
"1707","1707","1707",647041,647245,204,"e","e","806","140","e","Input"
"1708","1708","1708",647162,647292,130,"Space","Space","807","140"," ","Input"
"1709","1709","1709",647330,647484,154,"w","w","808","141","w","Input"
"1710","1710","1710",647398,647525,127,"o","o","809","141","o","Input"
"1711","1711","1711",647513,647773,260,"u","u","810","141","u","Input"
"1712","1712","1712",647633,647818,185,"l","l","811","141","l","Input"
"1713","1713","1713",647697,647877,180,"d","d","812","141","d","Input"
"1714","1714","1714",647801,647933,132,"Space","Space","813","141"," ","Input"
"1715","1715","1715",648057,648293,236,"a","a","814","142","a","Input"
"1716","1716","1716",648170,648356,186,"l","l","815","142","l","Input"
"1717","1717","1717",648344,648509,165,"w","w","816","142","w","Input"
"1718","1718","1718",648449,648789,340,"a","a","817","142","a","Input"
"1719","1719","1719",648584,648805,221,"y","y","818","142","y","Input"
"1720","1720","1720",648713,648940,227,"s","s","819","142","s","Input"
"1721","1721","1721",648833,649013,180,"Space","Space","820","142"," ","Input"
"1722","1722","1722",649145,649332,187,"w","w","821","143","w","Input"
"1723","1723","1723",649665,650045,380,"a","a","822","143","a","Input"
"1724","1724","1724",649785,650069,284,"n","n","823","143","n","Input"
"1725","1725","1725",649922,650108,186,"t","t","824","143","t","Input"
"1726","1726","1726",650025,650196,171,"Space","Space","825","143"," ","Input"
"1727","1727","1727",650186,650428,242,"a","a","826","144","a","Input"
"1728","1728","1728",650256,650476,220,"n","n","827","144","n","Input"
"1729","1729","1729",650360,650492,132,"d","d","828","144","d","Input"
"1730","1730","1730",650406,650556,150,"Space","Space","829","144"," ","Input"
"1731","1731","1731",650614,650796,182,"c","c","830","145","c","Input"
"1732","1732","1732",650728,650909,181,"h","h","831","145","h","Input"
"1733","1733","1733",650825,650957,132,"o","o","832","145","o","Input"
"1734","1734","1734",651241,651461,220,"o","o","833","145","o","Input"
"1735","1735","1735",651370,651581,211,"s","s","834","145","s","Input"
"1736","1736","1736",651481,651629,148,"e","e","835","145","e","Input"
"1737","1737","1737",651569,651717,148,"Space","Space","836","145"," ","Input"
"1738","1738","1738",651737,651909,172,"t","t","837","146","t","Input"
"1739","1739","1739",651809,652020,211,"o","o","838","146","o","Input"
"1740","1740","1740",651870,652092,222,"Space","Space","839","146"," ","Input"
"1741","1741","1741",651992,652213,221,"w","w","840","147","w","Input"
"1742","1742","1742",652159,652557,398,"a","a","841","147","a","Input"
"1743","1743","1743",652985,653085,100,"Backspace","Backspace","840","147","a","Remove/Cut"
"1744","1744","1744",653153,653236,83,"Backspace","Backspace","839","146","w","Remove/Cut"
"1745","1745","1745",653489,653565,76,"b","b","840","147","b","Input"
"1746","1746","1746",653505,653637,132,"e","e","841","147","e","Input"
"1747","1747","1747",653529,653540,11,"h","h","842","147","h","Input"
"1748","1748","1748",653872,653964,92,"Backspace","Backspace","841","147","h","Remove/Cut"
"1749","1749","1749",654073,654109,36,"Backspace","Backspace","840","147","e","Remove/Cut"
"1750","1750","1750",654529,654693,164,"e","e","841","147","e","Input"
"1751","1751","1751",654618,654789,171,"Space","Space","842","147"," ","Input"
"1752","1752","1752",654777,655005,228,"n","n","843","148","n","Input"
"1753","1753","1753",654937,655069,132,"u","u","844","148","u","Input"
"1754","1754","1754",655193,655293,100,"m","m","845","148","m","Input"
"1755","1755","1755",655433,655621,188,"b","b","846","148","b","Input"
"1756","1756","1756",655529,655685,156,"e","e","847","148","e","Input"
"1757","1757","1757",655592,655757,165,"r","r","848","148","r","Input"
"1758","1758","1758",655841,656021,180,"Space","Space","849","148"," ","Input"
"1759","1759","1759",656089,656324,235,"o","o","850","149","o","Input"
"1760","1760","1760",656185,656469,284,"n","n","851","149","n","Input"
"1761","1761","1761",656273,656485,212,"e","e","852","149","e","Input"
"1762","1762","1762",656448,656701,253,"Space","Space","853","149"," ","Input"
"1763","1763","1763",659417,659540,123,"v","v","854","150","v","Input"
"1764","1764","1764",659584,659804,220,"e","e","855","150","e","Input"
"1765","1765","1765",659712,659868,156,"r","r","856","150","r","Input"
"1766","1766","1766",659984,660132,148,"s","s","857","150","s","Input"
"1767","1767","1767",660121,660436,315,"u","u","858","150","u","Input"
"1768","1768","1768",660256,660452,196,"s","s","859","150","s","Input"
"1769","1769","1769",660792,660996,204,"Space","Space","860","150"," ","Input"
"1770","1770","1770",662112,662516,404,"n","n","861","151","n","Input"
"1771","1771","1771",662337,662499,162,"u","u","862","151","u","Input"
"1772","1772","1772",662689,662788,99,"m","m","863","151","m","Input"
"1773","1773","1773",662977,663220,243,"b","b","864","151","b","Input"
"1774","1774","1774",663088,663340,252,"e","e","865","151","e","Input"
"1775","1775","1775",663249,663420,171,"r","r","866","151","r","Input"
"1776","1776","1776",663385,663564,179,"Space","Space","867","151"," ","Input"
"1777","1777","1777",663545,663708,163,"t","t","868","152","t","Input"
"1778","1778","1778",663784,664012,228,"w","w","869","152","w","Input"
"1779","1779","1779",663856,664028,172,"o","o","870","152","o","Input"
"1780","1780","1780",664464,664660,196,",",",","871","152",",","Input"
"1781","1781","1781",664592,664732,140,"Space","Space","872","152"," ","Input"
"1782","1782","1782",664712,664860,148,"t","t","873","153","t","Input"
"1783","1783","1783",664955,665172,217,"h","h","874","153","h","Input"
"1784","1784","1784",665057,665220,163,"r","r","875","153","r","Input"
"1785","1785","1785",665161,665244,83,"e","e","876","153","e","Input"
"1786","1786","1786",665349,665556,207,"e","e","877","153","e","Input"
"1787","1787","1787",665705,665900,195,",",",","878","153",",","Input"
"1788","1788","1788",665809,665996,187,"Space","Space","879","153"," ","Input"
"1789","1789","1789",666049,666356,307,"e","e","880","154","e","Input"
"1790","1790","1790",666209,666372,163,"t","t","881","154","t","Input"
"1791","1791","1791",666544,666764,220,"c","c","882","154","c","Input"
"1792","1792","1792",667737,667845,108,"Backspace","Backspace","881","154","c","Remove/Cut"
"1793","1793","1793",668785,669053,268,"c","c","882","154","c","Input"
"1794","1794","1794",668873,669092,219,".",".","883","154",".","Input"
"1795","1795","1795",669032,669180,148,"Space","Space","884","154"," ","Input"
"1796","1796","1796",674657,674657,0,"Shift","Shift","884","154","NoChange","Nonproduction"
"1797","1797","1797",675161,675161,0,"Shift","Shift","884","154","NoChange","Nonproduction"
"1798","1798","1798",675191,675191,0,"Shift","Shift","884","154","NoChange","Nonproduction"
"1799","1799","1799",675221,675221,0,"Shift","Shift","884","154","NoChange","Nonproduction"
"1800","1800","1800",675260,675260,0,"Shift","Shift","884","154","NoChange","Nonproduction"
"1801","1801","1801",675291,675291,0,"Shift","Shift","884","154","NoChange","Nonproduction"
"1802","1802","1802",675320,675320,0,"Shift","Shift","884","154","NoChange","Nonproduction"
"1803","1803","1803",675361,675361,0,"Shift","Shift","884","154","NoChange","Nonproduction"
"1804","1804","1804",675391,675391,0,"Shift","Shift","884","154","NoChange","Nonproduction"
"1805","1805","1805",675431,675431,0,"Shift","Shift","884","154","NoChange","Nonproduction"
"1806","1806","1806",675451,675451,0,"Shift","Shift","884","154","NoChange","Nonproduction"
"1807","1807","1807",675491,675491,0,"Shift","Shift","884","154","NoChange","Nonproduction"
"1808","1808","1808",675520,675520,0,"Shift","Shift","884","154","NoChange","Nonproduction"
"1809","1809","1809",675548,675548,0,"Shift","Shift","884","154","NoChange","Nonproduction"
"1810","1810","1810",675590,675590,0,"Shift","Shift","884","154","NoChange","Nonproduction"
"1811","1811","1811",675621,675621,0,"Shift","Shift","884","154","NoChange","Nonproduction"
"1812","1812","1812",675651,675651,0,"Shift","Shift","884","154","NoChange","Nonproduction"
"1813","1813","1813",675690,675690,0,"Shift","Shift","884","154","NoChange","Nonproduction"
"1814","1814","1814",675721,675721,0,"Shift","Shift","884","154","NoChange","Nonproduction"
"1815","1815","1815",675750,675750,0,"Shift","Shift","884","154","NoChange","Nonproduction"
"1816","1816","1816",675781,675781,0,"Shift","Shift","884","154","NoChange","Nonproduction"
"1817","1817","1817",675821,675821,0,"Shift","Shift","884","154","NoChange","Nonproduction"
"1818","1818","1818",675850,675850,0,"Shift","Shift","884","154","NoChange","Nonproduction"
"1819","1819","1819",675881,675881,0,"Shift","Shift","884","154","NoChange","Nonproduction"
"1820","1820","1820",675920,675920,0,"Shift","Shift","884","154","NoChange","Nonproduction"
"1821","1821","1821",675946,675946,0,"Shift","Shift","884","154","NoChange","Nonproduction"
"1822","1822","1822",675981,675981,0,"Shift","Shift","884","154","NoChange","Nonproduction"
"1823","1823","1823",676020,676020,0,"Shift","Shift","884","154","NoChange","Nonproduction"
"1824","1824","1824",676050,676050,0,"Shift","Shift","884","154","NoChange","Nonproduction"
"1825","1825","1825",676082,676082,0,"Shift","Shift","884","154","NoChange","Nonproduction"
"1826","1826","1826",676111,676111,0,"Shift","Shift","884","154","NoChange","Nonproduction"
"1827","1827","1827",676152,676152,0,"Shift","Shift","884","154","NoChange","Nonproduction"
"1828","1828","1828",676186,676186,0,"Shift","Shift","884","154","NoChange","Nonproduction"
"1829","1829","1829",676220,676220,0,"Shift","Shift","884","154","NoChange","Nonproduction"
"1830","1830","1830",676251,676251,0,"Shift","Shift","884","154","NoChange","Nonproduction"
"1831","1831","1831",676280,676280,0,"Shift","Shift","884","154","NoChange","Nonproduction"
"1832","1832","1832",676311,676311,0,"Shift","Shift","884","154","NoChange","Nonproduction"
"1833","1833","1833",676351,676351,0,"Shift","Shift","884","154","NoChange","Nonproduction"
"1834","1834","1834",676381,676381,0,"Shift","Shift","884","154","NoChange","Nonproduction"
"1835","1835","1835",676410,676410,0,"Shift","Shift","884","154","NoChange","Nonproduction"
"1836","1836","1836",676441,676441,0,"Shift","Shift","884","154","NoChange","Nonproduction"
"1837","1837","1837",676476,676476,0,"Shift","Shift","884","154","NoChange","Nonproduction"
"1838","1838","1838",676507,676507,0,"Shift","Shift","884","154","NoChange","Nonproduction"
"1839","1839","1839",676541,676541,0,"Shift","Shift","884","154","NoChange","Nonproduction"
"1840","1840","1840",676581,676581,0,"Shift","Shift","884","154","NoChange","Nonproduction"
"1841","1841","1841",676611,676611,0,"Shift","Shift","884","154","NoChange","Nonproduction"
"1842","1842","1842",676641,676641,0,"Shift","Shift","884","154","NoChange","Nonproduction"
"1843","1843","1843",676680,676680,0,"Shift","Shift","884","154","NoChange","Nonproduction"
"1844","1844","1844",676711,676711,0,"Shift","Shift","884","154","NoChange","Nonproduction"
"1845","1845","1845",676741,676741,0,"Shift","Shift","884","154","NoChange","Nonproduction"
"1846","1846","1846",676771,676771,0,"Shift","Shift","884","154","NoChange","Nonproduction"
"1847","1847","1847",676811,676811,0,"Shift","Shift","884","154","NoChange","Nonproduction"
"1848","1848","1848",676840,676840,0,"Shift","Shift","884","154","NoChange","Nonproduction"
"1849","1849","1849",676871,676871,0,"Shift","Shift","884","154","NoChange","Nonproduction"
"1850","1850","1850",676911,676911,0,"Shift","Shift","884","154","NoChange","Nonproduction"
"1851","1851","1851",676941,676941,0,"Shift","Shift","884","154","NoChange","Nonproduction"
"1852","1852","1852",676971,676971,0,"Shift","Shift","884","154","NoChange","Nonproduction"
"1853","1853","1853",677007,677007,0,"Shift","Shift","884","154","NoChange","Nonproduction"
"1854","1854","1854",677039,677039,0,"Shift","Shift","884","154","NoChange","Nonproduction"
"1855","1855","1855",677072,677072,0,"Shift","Shift","884","154","NoChange","Nonproduction"
"1856","1856","1856",677104,677104,0,"Shift","Shift","884","154","NoChange","Nonproduction"
"1857","1857","1857",677142,677142,0,"Shift","Shift","884","154","NoChange","Nonproduction"
"1858","1858","1858",677172,677172,0,"Shift","Shift","884","154","NoChange","Nonproduction"
"1859","1859","1859",677202,677202,0,"Shift","Shift","884","154","NoChange","Nonproduction"
"1860","1860","1860",677240,677240,0,"Shift","Shift","884","154","NoChange","Nonproduction"
"1861","1861","1861",677269,677269,0,"Shift","Shift","884","154","NoChange","Nonproduction"
"1862","1862","1862",677298,677298,0,"Shift","Shift","884","154","NoChange","Nonproduction"
"1863","1863","1863",677337,677337,0,"Shift","Shift","884","154","NoChange","Nonproduction"
"1864","1864","1864",677370,677370,0,"Shift","Shift","884","154","NoChange","Nonproduction"
"1865","1865","1865",677400,677400,0,"Shift","Shift","884","154","NoChange","Nonproduction"
"1866","1866","1866",677432,677432,0,"Shift","Shift","884","154","NoChange","Nonproduction"
"1867","1867","1867",677471,677471,0,"Shift","Shift","884","154","NoChange","Nonproduction"
"1868","1868","1868",677501,677501,0,"Shift","Shift","884","154","NoChange","Nonproduction"
"1869","1869","1869",677536,677536,0,"Shift","Shift","884","154","NoChange","Nonproduction"
"1870","1870","1870",677570,677570,0,"Shift","Shift","884","154","NoChange","Nonproduction"
"1871","1871","1871",677600,677600,0,"Shift","Shift","884","154","NoChange","Nonproduction"
"1872","1872","1872",677631,677631,0,"Shift","Shift","884","154","NoChange","Nonproduction"
"1873","1873","1873",677671,677671,0,"Shift","Shift","884","154","NoChange","Nonproduction"
"1874","1874","1874",677700,677700,0,"Shift","Shift","884","154","NoChange","Nonproduction"
"1875","1875","1875",677731,677731,0,"Shift","Shift","884","154","NoChange","Nonproduction"
"1876","1876","1876",677761,677761,0,"Shift","Shift","884","154","NoChange","Nonproduction"
"1877","1877","1877",677801,677801,0,"Shift","Shift","884","154","NoChange","Nonproduction"
"1878","1878","1878",677831,677831,0,"Shift","Shift","884","154","NoChange","Nonproduction"
"1879","1879","1879",677861,677861,0,"Shift","Shift","884","154","NoChange","Nonproduction"
"1880","1880","1880",677901,677901,0,"Shift","Shift","884","154","NoChange","Nonproduction"
"1881","1881","1881",677931,677931,0,"Shift","Shift","884","154","NoChange","Nonproduction"
"1882","1882","1882",677961,677961,0,"Shift","Shift","884","154","NoChange","Nonproduction"
"1883","1883","1883",678001,678001,0,"Shift","Shift","884","154","NoChange","Nonproduction"
"1884","1884","1884",678031,678031,0,"Shift","Shift","884","154","NoChange","Nonproduction"
"1885","1885","1885",678067,678067,0,"Shift","Shift","884","154","NoChange","Nonproduction"
"1886","1886","1886",678096,678096,0,"Shift","Shift","884","154","NoChange","Nonproduction"
"1887","1887","1887",678131,678131,0,"Shift","Shift","884","154","NoChange","Nonproduction"
"1888","1888","1888",678161,678161,0,"Shift","Shift","884","154","NoChange","Nonproduction"
"1889","1889","1889",678190,678190,0,"Shift","Shift","884","154","NoChange","Nonproduction"
"1890","1890","1890",678231,678231,0,"Shift","Shift","884","154","NoChange","Nonproduction"
"1891","1891","1891",678261,678261,0,"Shift","Shift","884","154","NoChange","Nonproduction"
"1892","1892","1892",678290,678290,0,"Shift","Shift","884","154","NoChange","Nonproduction"
"1893","1893","1893",678331,678331,0,"Shift","Shift","884","154","NoChange","Nonproduction"
"1894","1894","1894",678360,678360,0,"Shift","Shift","884","154","NoChange","Nonproduction"
"1895","1895","1895",678391,678391,0,"Shift","Shift","884","154","NoChange","Nonproduction"
"1896","1896","1896",678421,678421,0,"Shift","Shift","884","154","NoChange","Nonproduction"
"1897","1897","1897",678461,678461,0,"Shift","Shift","884","154","NoChange","Nonproduction"
"1898","1898","1898",678490,678490,0,"Shift","Shift","884","154","NoChange","Nonproduction"
"1899","1899","1899",678521,678521,0,"Shift","Shift","884","154","NoChange","Nonproduction"
"1900","1900","1900",678560,678560,0,"Shift","Shift","884","154","NoChange","Nonproduction"
"1901","1901","1901",678597,678597,0,"Shift","Shift","884","154","NoChange","Nonproduction"
"1902","1902","1902",678631,678631,0,"Shift","Shift","884","154","NoChange","Nonproduction"
"1903","1903","1903",678660,678660,0,"Shift","Shift","884","154","NoChange","Nonproduction"
"1904","1904","1904",678690,678690,0,"Shift","Shift","884","154","NoChange","Nonproduction"
"1905","1905","1905",678720,678720,0,"Shift","Shift","884","154","NoChange","Nonproduction"
"1906","1906","1906",678750,678750,0,"Shift","Shift","884","154","NoChange","Nonproduction"
"1907","1907","1907",678788,678788,0,"Shift","Shift","884","154","NoChange","Nonproduction"
"1908","1908","1908",678821,678821,0,"Shift","Shift","884","154","NoChange","Nonproduction"
"1909","1909","1909",678852,678852,0,"Shift","Shift","884","154","NoChange","Nonproduction"
"1910","1910","1910",678892,678892,0,"Shift","Shift","884","154","NoChange","Nonproduction"
"1911","1911","1911",678920,678920,0,"Shift","Shift","884","154","NoChange","Nonproduction"
"1912","1912","1912",678952,678952,0,"Shift","Shift","884","154","NoChange","Nonproduction"
"1913","1913","1913",678990,678990,0,"Shift","Shift","884","154","NoChange","Nonproduction"
"1914","1914","1914",679021,679021,0,"Shift","Shift","884","154","NoChange","Nonproduction"
"1915","1915","1915",679050,679050,0,"Shift","Shift","884","154","NoChange","Nonproduction"
"1916","1916","1916",679081,679081,0,"Shift","Shift","884","154","NoChange","Nonproduction"
"1917","1917","1917",679126,679126,0,"Shift","Shift","884","154","NoChange","Nonproduction"
"1918","1918","1918",679158,679158,0,"Shift","Shift","884","154","NoChange","Nonproduction"
"1919","1919","1919",679183,679183,0,"Shift","Shift","884","154","NoChange","Nonproduction"
"1920","1920","1920",679217,679217,0,"Shift","Shift","884","154","NoChange","Nonproduction"
"1921","1921","1921",679250,679250,0,"Shift","Shift","884","154","NoChange","Nonproduction"
"1922","1922","1922",679278,679278,0,"Shift","Shift","884","154","NoChange","Nonproduction"
"1923","1923","1923",679320,679320,0,"Shift","Shift","884","154","NoChange","Nonproduction"
"1924","1924","1924",679347,679347,0,"Shift","Shift","884","154","NoChange","Nonproduction"
"1925","1925","1925",679380,679380,0,"Shift","Shift","884","154","NoChange","Nonproduction"
"1926","1926","1926",679411,679411,0,"Shift","Shift","884","154","NoChange","Nonproduction"
"1927","1927","1927",679450,679450,0,"Shift","Shift","884","154","NoChange","Nonproduction"
"1928","1928","1928",679477,679477,0,"Shift","Shift","884","154","NoChange","Nonproduction"
"1929","1929","1929",679508,679508,0,"Shift","Shift","884","154","NoChange","Nonproduction"
"1930","1930","1930",679550,679550,0,"Shift","Shift","884","154","NoChange","Nonproduction"
"1931","1931","1931",679578,679578,0,"Shift","Shift","884","154","NoChange","Nonproduction"
"1932","1932","1932",679611,679611,0,"Shift","Shift","884","154","NoChange","Nonproduction"
"1933","1933","1933",679659,679659,0,"Shift","Shift","884","154","NoChange","Nonproduction"
"1934","1934","1934",679688,679688,0,"Shift","Shift","884","154","NoChange","Nonproduction"
"1935","1935","1935",679710,679710,0,"Shift","Shift","884","154","NoChange","Nonproduction"
"1936","1936","1936",679741,679741,0,"Shift","Shift","884","154","NoChange","Nonproduction"
"1937","1937","1937",679781,679781,0,"Shift","Shift","884","154","NoChange","Nonproduction"
"1938","1938","1938",679811,679811,0,"Shift","Shift","884","154","NoChange","Nonproduction"
"1939","1939","1939",679841,679841,0,"Shift","Shift","884","154","NoChange","Nonproduction"
"1940","1940","1940",679880,679880,0,"Shift","Shift","884","154","NoChange","Nonproduction"
"1941","1941","1941",679911,679911,0,"Shift","Shift","884","154","NoChange","Nonproduction"
"1942","1942","1942",679940,679940,0,"Shift","Shift","884","154","NoChange","Nonproduction"
"1943","1943","1943",679981,679981,0,"Shift","Shift","884","154","NoChange","Nonproduction"
"1944","1944","1944",680010,680010,0,"Shift","Shift","884","154","NoChange","Nonproduction"
"1945","1945","1945",680040,680040,0,"Shift","Shift","884","154","NoChange","Nonproduction"
"1946","1946","1946",680071,680071,0,"Shift","Shift","884","154","NoChange","Nonproduction"
"1947","1947","1947",680111,680111,0,"Shift","Shift","884","154","NoChange","Nonproduction"
"1948","1948","1948",680140,680140,0,"Shift","Shift","884","154","NoChange","Nonproduction"
"1949","1949","1949",680171,680171,0,"Shift","Shift","884","154","NoChange","Nonproduction"
"1950","1950","1950",680224,680224,0,"Shift","Shift","884","154","NoChange","Nonproduction"
"1951","1951","1951",680238,680238,0,"Shift","Shift","884","154","NoChange","Nonproduction"
"1952","1952","1952",680268,680268,0,"Shift","Shift","884","154","NoChange","Nonproduction"
"1953","1953","1953",680307,680307,0,"Shift","Shift","884","154","NoChange","Nonproduction"
"1954","1954","1954",680341,680341,0,"Shift","Shift","884","154","NoChange","Nonproduction"
"1955","1955","1955",680370,680370,0,"Shift","Shift","884","154","NoChange","Nonproduction"
"1956","1956","1956",680400,680400,0,"Shift","Shift","884","154","NoChange","Nonproduction"
"1957","1957","1957",680440,680440,0,"Shift","Shift","884","154","NoChange","Nonproduction"
"1958","1958","1958",680471,680471,0,"Shift","Shift","884","154","NoChange","Nonproduction"
"1959","1959","1959",680501,680501,0,"Shift","Shift","884","154","NoChange","Nonproduction"
"1960","1960","1960",680541,680541,0,"Shift","Shift","884","154","NoChange","Nonproduction"
"1961","1961","1961",680571,680571,0,"Shift","Shift","884","154","NoChange","Nonproduction"
"1962","1962","1962",680601,680601,0,"Shift","Shift","884","154","NoChange","Nonproduction"
"1963","1963","1963",680640,680640,0,"Shift","Shift","884","154","NoChange","Nonproduction"
"1964","1964","1964",680670,680670,0,"Shift","Shift","884","154","NoChange","Nonproduction"
"1965","1965","1965",680702,680702,0,"Shift","Shift","884","154","NoChange","Nonproduction"
"1966","1966","1966",680731,680731,0,"Shift","Shift","884","154","NoChange","Nonproduction"
"1967","1967","1967",680771,680771,0,"Shift","Shift","884","154","NoChange","Nonproduction"
"1968","1968","1968",680806,680806,0,"Shift","Shift","884","154","NoChange","Nonproduction"
"1969","1969","1969",680831,680831,0,"Shift","Shift","884","154","NoChange","Nonproduction"
"1970","1970","1970",680871,680871,0,"Shift","Shift","884","154","NoChange","Nonproduction"
"1971","1971","1971",680900,680900,0,"Shift","Shift","884","154","NoChange","Nonproduction"
"1972","1972","1972",680930,680930,0,"Shift","Shift","884","154","NoChange","Nonproduction"
"1973","1973","1973",680970,680970,0,"Shift","Shift","884","154","NoChange","Nonproduction"
"1974","1974","1974",681001,681001,0,"Shift","Shift","884","154","NoChange","Nonproduction"
"1975","1975","1975",681031,681031,0,"Shift","Shift","884","154","NoChange","Nonproduction"
"1976","1976","1976",681061,681061,0,"Shift","Shift","884","154","NoChange","Nonproduction"
"1977","1977","1977",681101,681101,0,"Shift","Shift","884","154","NoChange","Nonproduction"
"1978","1978","1978",681131,681131,0,"Shift","Shift","884","154","NoChange","Nonproduction"
"1979","1979","1979",681162,681162,0,"Shift","Shift","884","154","NoChange","Nonproduction"
"1980","1980","1980",681202,681202,0,"Shift","Shift","884","154","NoChange","Nonproduction"
"1981","1981","1981",681234,681234,0,"Shift","Shift","884","154","NoChange","Nonproduction"
"1982","1982","1982",681261,681261,0,"Shift","Shift","884","154","NoChange","Nonproduction"
"1983","1983","1983",681300,681300,0,"Shift","Shift","884","154","NoChange","Nonproduction"
"1984","1984","1984",681331,681331,0,"Shift","Shift","884","154","NoChange","Nonproduction"
"1985","1985","1985",681361,681361,0,"Shift","Shift","884","154","NoChange","Nonproduction"
"1986","1986","1986",681390,681390,0,"Shift","Shift","884","154","NoChange","Nonproduction"
"1987","1987","1987",681431,681431,0,"Shift","Shift","884","154","NoChange","Nonproduction"
"1988","1988","1988",681457,681597,140,"I","I","885","155","I","Input"
"1989","1989","1989",683104,683292,188,"Backspace","Backspace","884","154","I","Remove/Cut"
"1990","1990","1990",683184,683184,0,"Shift","Shift","884","154","NoChange","Nonproduction"
"1991","1991","1991",683585,683733,148,"S","S","885","155","S","Input"
"1992","1992","1992",684176,684324,148,"Backspace","Backspace","884","154","S","Remove/Cut"
"1993","1993","1993",684256,684476,220,"A","A","885","155","A","Input"
"1994","1994","1994",684417,684492,75,"S","S","886","155","S","Input"
"1995","1995","1995",684977,685108,131,"Backspace","Backspace","885","155","S","Remove/Cut"
"1996","1996","1996",685128,685285,157,"s","s","886","155","s","Input"
"1997","1997","1997",685305,685445,140,"Space","Space","887","155"," ","Input"
"1998","1998","1998",685625,685625,0,"Shift","Shift","887","155","NoChange","Nonproduction"
"1999","1999","1999",685744,685876,132,"R","r","888","156","R","Input"
"2000","2000","2000",686169,686309,140,"i","i","889","156","i","Input"
"2001","2001","2001",686407,686620,213,"c","c","890","156","c","Input"
"2002","2002","2002",686529,686604,75,"k","k","891","156","k","Input"
"2003","2003","2003",686785,686948,163,"y","y","892","156","y","Input"
"2004","2004","2004",686872,687013,141,"Space","Space","893","156"," ","Input"
"2005","2005","2005",687103,687103,0,"Shift","Shift","893","156","NoChange","Nonproduction"
"2006","2006","2006",687201,687324,123,"B","B","894","157","B","Input"
"2007","2007","2007",687481,687604,123,"o","o","895","157","o","Input"
"2008","2008","2008",687696,687764,68,"b","b","896","157","b","Input"
"2009","2009","2009",687866,687956,90,"b","b","897","157","b","Input"
"2010","2010","2010",688273,688436,163,"y","y","898","157","y","Input"
"2011","2011","2011",689441,689508,67,"Backspace","Backspace","897","157","y","Remove/Cut"
"2012","2012","2012",689689,689852,163,"i","i","898","157","i","Input"
"2013","2013","2013",689770,689940,170,"Space","Space","899","157"," ","Input"
"2014","2014","2014",690441,690525,84,"Backspace","Backspace","898","157"," ","Remove/Cut"
"2015","2015","2015",690601,690677,76,"Backspace","Backspace","897","157","i","Remove/Cut"
"2016","2016","2016",690976,691132,156,"y","y","898","157","y","Input"
"2017","2017","2017",691088,691228,140,"Space","Space","899","157"," ","Input"
"2018","2018","2018",691422,691540,118,"f","f","900","158","f","Input"
"2019","2019","2019",691677,691869,192,"r","r","901","158","r","Input"
"2020","2020","2020",691744,691900,156,"o","o","902","158","o","Input"
"2021","2021","2021",691832,691996,164,"m","m","903","158","m","Input"
"2022","2022","2022",691928,692100,172,"Space","Space","904","158"," ","Input"
"2023","2023","2023",692017,692017,0,"Shift","Shift","904","158","NoChange","Nonproduction"
"2024","2024","2024",692192,692395,203,"T","t","905","159","T","Input"
"2025","2025","2025",692454,692724,270,"a","a","906","159","a","Input"
"2026","2026","2026",692677,692925,248,"l","l","907","159","l","Input"
"2027","2027","2027",693288,693476,188,"e","e","908","159","e","Input"
"2028","2028","2028",693673,693860,187,"d","d","909","159","d","Input"
"2029","2029","2029",693801,694004,203,"e","e","910","159","e","Input"
"2030","2030","2030",694073,694420,347,"g","g","911","159","g","Input"
"2031","2031","2031",694305,694612,307,"a","a","912","159","a","Input"
"2032","2032","2032",695792,695981,189,"Space","Space","913","159"," ","Input"
"2033","2033","2033",696000,696000,0,"Shift","Shift","913","159","NoChange","Nonproduction"
"2034","2034","2034",696129,696236,107,"N","N","914","160","N","Input"
"2035","2035","2035",696328,696500,172,"i","i","915","160","i","Input"
"2036","2036","2036",696433,696564,131,"g","g","916","160","g","Input"
"2037","2037","2037",696552,696764,212,"h","h","917","160","h","Input"
"2038","2038","2038",696721,696852,131,"t","t","918","160","t","Input"
"2039","2039","2039",697040,697204,164,"s","s","919","160","s","Input"
"2040","2040","2040",697816,698317,501,"Backspace","Backspace","918","160","s","Remove/Cut"
"2041","2041","2041",698317,698355,38,"Backspace","Backspace","917","160","t","Remove/Cut"
"2042","2042","2042",698355,698386,31,"Backspace","Backspace","916","160","h","Remove/Cut"
"2043","2043","2043",698386,698417,31,"Backspace","Backspace","915","160","g","Remove/Cut"
"2044","2044","2044",698417,698449,32,"Backspace","Backspace","914","160","i","Remove/Cut"
"2045","2045","2045",698449,698481,32,"Backspace","Backspace","913","159","N","Remove/Cut"
"2046","2046","2046",698481,698513,32,"Backspace","Backspace","912","159"," ","Remove/Cut"
"2047","2047","2047",698513,698560,47,"Backspace","Backspace","911","159","a","Remove/Cut"
"2048","2048","2048",698560,698591,31,"Backspace","Backspace","910","159","g","Remove/Cut"
"2049","2049","2049",698591,698622,31,"Backspace","Backspace","909","159","e","Remove/Cut"
"2050","2050","2050",698622,698653,31,"Backspace","Backspace","908","159","d","Remove/Cut"
"2051","2051","2051",698653,698685,32,"Backspace","Backspace","907","159","e","Remove/Cut"
"2052","2052","2052",698685,698715,30,"Backspace","Backspace","906","159","l","Remove/Cut"
"2053","2053","2053",698715,698741,26,"Backspace","Backspace","905","159","a","Remove/Cut"
"2054","2054","2054",699032,699148,116,"Backspace","Backspace","904","158","T","Remove/Cut"
"2055","2055","2055",699241,699396,155,"t","t","905","159","t","Input"
"2056","2056","2056",699373,699572,199,"h","h","906","159","h","Input"
"2057","2057","2057",699456,699628,172,"e","e","907","159","e","Input"
"2058","2058","2058",699553,699700,147,"Space","Space","908","159"," ","Input"
"2059","2059","2059",699929,700148,219,"m","m","909","160","m","Input"
"2060","2060","2060",700041,700196,155,"o","o","910","160","o","Input"
"2061","2061","2061",700167,700356,189,"v","v","911","160","v","Input"
"2062","2062","2062",700272,700556,284,"e","e","912","160","e","Input"
"2063","2063","2063",700287,700524,237,"i","i","913","160","i","Input"
"2064","2064","2064",700864,700932,68,"Backspace","Backspace","912","160","i","Remove/Cut"
"2065","2065","2065",701024,701084,60,"Backspace","Backspace","911","160","e","Remove/Cut"
"2066","2066","2066",701254,701508,254,"i","i","912","160","i","Input"
"2067","2067","2067",701343,701524,181,"e","e","913","160","e","Input"
"2068","2068","2068",701421,701579,158,"Space","Space","914","160"," ","Input"
"2069","2069","2069",701629,701629,0,"Shift","Shift","914","160","NoChange","Nonproduction"
"2070","2070","2070",701937,702124,187,"T","T","915","161","T","Input"
"2071","2071","2071",702601,702861,260,"a","a","916","161","a","Input"
"2072","2072","2072",702801,702996,195,"l","l","917","161","l","Input"
"2073","2073","2073",703121,703332,211,"e","e","918","161","e","Input"
"2074","2074","2074",704969,705277,308,"g","g","919","161","g","Input"
"2075","2075","2075",706417,706517,100,"Backspace","Backspace","918","161","g","Remove/Cut"
"2076","2076","2076",706801,707020,219,"d","d","919","161","d","Input"
"2077","2077","2077",707049,707276,227,"a","a","920","161","a","Input"
"2078","2078","2078",707368,707612,244,"g","g","921","161","g","Input"
"2079","2079","2079",707504,707748,244,"e","e","922","161","e","Input"
"2080","2080","2080",707681,707884,203,"Space","Space","923","161"," ","Input"
"2081","2081","2081",708233,708300,67,"Backspace","Backspace","922","161"," ","Remove/Cut"
"2082","2082","2082",708366,708508,142,"Backspace","Backspace","921","161","e","Remove/Cut"
"2083","2083","2083",708441,708652,211,"a","a","922","161","a","Input"
"2084","2084","2084",708577,708724,147,"Space","Space","923","161"," ","Input"
"2085","2085","2085",709121,709121,0,"Shift","Shift","923","161","NoChange","Nonproduction"
"2086","2086","2086",709161,709268,107,"N","N","924","162","N","Input"
"2087","2087","2087",709361,709516,155,"i","i","925","162","i","Input"
"2088","2088","2088",709440,709548,108,"g","g","926","162","g","Input"
"2089","2089","2089",709625,709836,211,"h","h","927","162","h","Input"
"2090","2090","2090",709785,709900,115,"t","t","928","162","t","Input"
"2091","2091","2091",710097,710254,157,"s","s","929","162","s","Input"
"2092","2092","2092",710230,710460,230,"Space","Space","930","162"," ","Input"
"2093","2093","2093",710487,710748,261,"s","s","931","163","s","Input"
"2094","2094","2094",710672,711092,420,"a","a","932","163","a","Input"
"2095","2095","2095",710937,711164,227,"y","y","933","163","y","Input"
"2096","2096","2096",711001,711196,195,"s","s","934","163","s","Input"
"2097","2097","2097",714224,714325,101,".",".","935","163",".","Input"
"2098","2098","2098",714449,714540,91,"Space","Space","936","163"," ","Input"
"2099","2099","2099",714872,714872,0,"Shift","Shift","936","163","NoChange","Nonproduction"
"2100","2100","2100",715402,715492,90,"Backspace","Backspace","935","163"," ","Remove/Cut"
"2101","2101","2101",715585,715764,179,"Backspace","Backspace","934","163",".","Remove/Cut"
"2102","2102","2102",715669,715812,143,",",",","935","163",",","Input"
"2103","2103","2103",715785,715917,132,"Space","Space","936","163"," ","Input"
"2104","2104","2104",716249,716249,0,"Shift","Shift","936","163","NoChange","Nonproduction"
"2105","2105","2105",716598,716676,78,"\""","\""","937","163","\""","Input"
"2106","2106","2106",717170,717170,0,"Shift","Shift","937","163","NoChange","Nonproduction"
"2107","2107","2107",717648,717756,108,"I","I","938","164","I","Input"
"2108","2108","2108",717889,718076,187,"f","f","939","164","f","Input"
"2109","2109","2109",717969,718132,163,"Space","Space","940","164"," ","Input"
"2110","2110","2110",718170,718276,106,"y","y","941","165","y","Input"
"2111","2111","2111",718424,718612,188,"o","o","942","165","o","Input"
"2112","2112","2112",718497,718653,156,"u","u","943","165","u","Input"
"2113","2113","2113",718993,719226,233,"'","'","944","165","'","Input"
"2114","2114","2114",719169,719364,195,"r","r","945","165","r","Input"
"2115","2115","2115",719277,719460,183,"e","e","946","165","e","Input"
"2116","2116","2116",719392,719532,140,"Space","Space","947","165"," ","Input"
"2117","2117","2117",719880,720210,330,"n","n","948","166","n","Input"
"2118","2118","2118",720000,720403,403,"o","o","949","166","o","Input"
"2119","2119","2119",720127,720331,204,"t","t","950","166","t","Input"
"2120","2120","2120",720456,720635,179,"Space","Space","951","166"," ","Input"
"2121","2121","2121",720736,720907,171,"f","f","952","167","f","Input"
"2122","2122","2122",720944,721139,195,"i","i","953","167","i","Input"
"2123","2123","2123",721032,721203,171,"r","r","954","167","r","Input"
"2124","2124","2124",721263,721435,172,"s","s","955","167","s","Input"
"2125","2125","2125",721497,721667,170,"t","t","956","167","t","Input"
"2126","2126","2126",722663,722875,212,",",",","957","167",",","Input"
"2127","2127","2127",722832,723019,187,"Space","Space","958","167"," ","Input"
"2128","2128","2128",723207,723339,132,"y","y","959","168","y","Input"
"2129","2129","2129",723472,723739,267,"o","o","960","168","o","Input"
"2130","2130","2130",723584,723835,251,"u","u","961","168","u","Input"
"2131","2131","2131",723816,724059,243,"'","'","962","168","'","Input"
"2132","2132","2132",723952,724195,243,"r","r","963","168","r","Input"
"2133","2133","2133",724080,724307,227,"e","e","964","168","e","Input"
"2134","2134","2134",724271,724507,236,"Space","Space","965","168"," ","Input"
"2135","2135","2135",724488,724723,235,"l","l","966","169","l","Input"
"2136","2136","2136",724664,724955,291,"a","a","967","169","a","Input"
"2137","2137","2137",724832,725043,211,"s","s","968","169","s","Input"
"2138","2138","2138",725120,725354,234,"t","t","969","169","t","Input"
"2139","2139","2139",726073,726073,0,"Shift","Shift","969","169","NoChange","Nonproduction"
"2140","2140","2140",726224,726323,99,"!","!","970","169","!","Input"
"2141","2141","2141",726744,726744,0,"Shift","Shift","970","169","NoChange","Nonproduction"
"2142","2142","2142",727103,727227,124,"\""","\""","971","169","\""","Input"
"2143","2143","2143",731232,731434,202,".",".","972","169",".","Input"
"2144","2144","2144",732688,732779,91,"Backspace","Backspace","971","169",".","Remove/Cut"
"2145","2145","2145",733415,733603,188,".",".","972","169",".","Input"
"2146","2146","2146",733560,733715,155,"Space","Space","973","169"," ","Input"
"2147","2147","2147",735841,735841,0,"Shift","Shift","973","169","NoChange","Nonproduction"
"2148","2148","2148",736088,736347,259,"I","I","974","170","I","Input"
"2149","2149","2149",736311,736507,196,"Space","Space","975","170"," ","Input"
"2150","2150","2150",737241,737435,194,"f","f","976","171","f","Input"
"2151","2151","2151",737372,737483,111,"e","e","977","171","e","Input"
"2152","2152","2152",737608,737811,203,"e","e","978","171","e","Input"
"2153","2153","2153",737720,737923,203,"l","l","979","171","l","Input"
"2154","2154","2154",737832,738019,187,"Space","Space","980","171"," ","Input"
"2155","2155","2155",738184,738292,108,"e","e","981","172","e","Input"
"2156","2156","2156",738492,738635,143,"x","x","982","172","x","Input"
"2157","2157","2157",738783,739011,228,"a","a","983","172","a","Input"
"2158","2158","2158",739280,739419,139,"x","x","984","172","x","Input"
"2159","2159","2159",739832,739955,123,"Backspace","Backspace","983","172","x","Remove/Cut"
"2160","2160","2160",739904,740035,131,"c","c","984","172","c","Input"
"2161","2161","2161",740167,740314,147,"t","t","985","172","t","Input"
"2162","2162","2162",740269,740370,101,"l","l","986","172","l","Input"
"2163","2163","2163",740527,740699,172,"y","y","987","172","y","Input"
"2164","2164","2164",740624,740779,155,"Space","Space","988","172"," ","Input"
"2165","2165","2165",740848,740997,149,"t","t","989","173","t","Input"
"2166","2166","2166",740968,741243,275,"h","h","990","173","h","Input"
"2167","2167","2167",741087,741314,227,"i","i","991","173","i","Input"
"2168","2168","2168",741156,741298,142,"s","s","992","173","s","Input"
"2169","2169","2169",741261,741426,165,"Space","Space","993","173"," ","Input"
"2170","2170","2170",741412,741563,151,"w","w","994","174","w","Input"
"2171","2171","2171",741528,741835,307,"a","a","995","174","a","Input"
"2172","2172","2172",741653,741851,198,"y","y","996","174","y","Input"
"2173","2173","2173",742160,742371,211,".",".","997","174",".","Input"
"2174","2174","2174",742256,742443,187,"Space","Space","998","174"," ","Input"
"2175","2175","2175",742912,742912,0,"Shift","Shift","998","174","NoChange","Nonproduction"
"2176","2176","2176",743419,743419,0,"Shift","Shift","998","174","NoChange","Nonproduction"
"2177","2177","2177",743449,743449,0,"Shift","Shift","998","174","NoChange","Nonproduction"
"2178","2178","2178",743479,743479,0,"Shift","Shift","998","174","NoChange","Nonproduction"
"2179","2179","2179",743520,743520,0,"Shift","Shift","998","174","NoChange","Nonproduction"
"2180","2180","2180",743550,743550,0,"Shift","Shift","998","174","NoChange","Nonproduction"
"2181","2181","2181",743580,743580,0,"Shift","Shift","998","174","NoChange","Nonproduction"
"2182","2182","2182",743610,743610,0,"Shift","Shift","998","174","NoChange","Nonproduction"
"2183","2183","2183",743650,743650,0,"Shift","Shift","998","174","NoChange","Nonproduction"
"2184","2184","2184",743680,743680,0,"Shift","Shift","998","174","NoChange","Nonproduction"
"2185","2185","2185",743710,743710,0,"Shift","Shift","998","174","NoChange","Nonproduction"
"2186","2186","2186",743750,743750,0,"Shift","Shift","998","174","NoChange","Nonproduction"
"2187","2187","2187",743780,743780,0,"Shift","Shift","998","174","NoChange","Nonproduction"
"2188","2188","2188",743811,743811,0,"Shift","Shift","998","174","NoChange","Nonproduction"
"2189","2189","2189",743852,743852,0,"Shift","Shift","998","174","NoChange","Nonproduction"
"2190","2190","2190",743875,743875,0,"Shift","Shift","998","174","NoChange","Nonproduction"
"2191","2191","2191",743920,743920,0,"Shift","Shift","998","174","NoChange","Nonproduction"
"2192","2192","2192",743940,743940,0,"Shift","Shift","998","174","NoChange","Nonproduction"
"2193","2193","2193",743980,743980,0,"Shift","Shift","998","174","NoChange","Nonproduction"
"2194","2194","2194",744010,744010,0,"Shift","Shift","998","174","NoChange","Nonproduction"
"2195","2195","2195",744040,744040,0,"Shift","Shift","998","174","NoChange","Nonproduction"
"2196","2196","2196",744080,744080,0,"Shift","Shift","998","174","NoChange","Nonproduction"
"2197","2197","2197",744110,744110,0,"Shift","Shift","998","174","NoChange","Nonproduction"
"2198","2198","2198",744140,744140,0,"Shift","Shift","998","174","NoChange","Nonproduction"
"2199","2199","2199",744179,744179,0,"Shift","Shift","998","174","NoChange","Nonproduction"
"2200","2200","2200",744208,744208,0,"Shift","Shift","998","174","NoChange","Nonproduction"
"2201","2201","2201",744239,744239,0,"Shift","Shift","998","174","NoChange","Nonproduction"
"2202","2202","2202",744271,744271,0,"Shift","Shift","998","174","NoChange","Nonproduction"
"2203","2203","2203",744310,744310,0,"Shift","Shift","998","174","NoChange","Nonproduction"
"2204","2204","2204",744340,744340,0,"Shift","Shift","998","174","NoChange","Nonproduction"
"2205","2205","2205",744370,744370,0,"Shift","Shift","998","174","NoChange","Nonproduction"
"2206","2206","2206",744414,744414,0,"Shift","Shift","998","174","NoChange","Nonproduction"
"2207","2207","2207",744450,744450,0,"Shift","Shift","998","174","NoChange","Nonproduction"
"2208","2208","2208",744471,744471,0,"Shift","Shift","998","174","NoChange","Nonproduction"
"2209","2209","2209",744510,744510,0,"Shift","Shift","998","174","NoChange","Nonproduction"
"2210","2210","2210",744540,744540,0,"Shift","Shift","998","174","NoChange","Nonproduction"
"2211","2211","2211",744570,744570,0,"Shift","Shift","998","174","NoChange","Nonproduction"
"2212","2212","2212",744600,744600,0,"Shift","Shift","998","174","NoChange","Nonproduction"
"2213","2213","2213",744642,744642,0,"Shift","Shift","998","174","NoChange","Nonproduction"
"2214","2214","2214",744671,744671,0,"Shift","Shift","998","174","NoChange","Nonproduction"
"2215","2215","2215",744700,744700,0,"Shift","Shift","998","174","NoChange","Nonproduction"
"2216","2216","2216",744740,744740,0,"Shift","Shift","998","174","NoChange","Nonproduction"
"2217","2217","2217",744769,744769,0,"Shift","Shift","998","174","NoChange","Nonproduction"
"2218","2218","2218",744800,744800,0,"Shift","Shift","998","174","NoChange","Nonproduction"
"2219","2219","2219",744840,744840,0,"Shift","Shift","998","174","NoChange","Nonproduction"
"2220","2220","2220",744870,744870,0,"Shift","Shift","998","174","NoChange","Nonproduction"
"2221","2221","2221",744900,744900,0,"Shift","Shift","998","174","NoChange","Nonproduction"
"2222","2222","2222",744936,744936,0,"Shift","Shift","998","174","NoChange","Nonproduction"
"2223","2223","2223",744970,744970,0,"Shift","Shift","998","174","NoChange","Nonproduction"
"2224","2224","2224",745000,745000,0,"Shift","Shift","998","174","NoChange","Nonproduction"
"2225","2225","2225",745030,745030,0,"Shift","Shift","998","174","NoChange","Nonproduction"
"2226","2226","2226",745070,745070,0,"Shift","Shift","998","174","NoChange","Nonproduction"
"2227","2227","2227",745100,745100,0,"Shift","Shift","998","174","NoChange","Nonproduction"
"2228","2228","2228",745131,745131,0,"Shift","Shift","998","174","NoChange","Nonproduction"
"2229","2229","2229",745170,745170,0,"Shift","Shift","998","174","NoChange","Nonproduction"
"2230","2230","2230",745200,745200,0,"Shift","Shift","998","174","NoChange","Nonproduction"
"2231","2231","2231",745225,745225,0,"Shift","Shift","998","174","NoChange","Nonproduction"
"2232","2232","2232",745257,745257,0,"Shift","Shift","998","174","NoChange","Nonproduction"
"2233","2233","2233",745303,745303,0,"Shift","Shift","998","174","NoChange","Nonproduction"
"2234","2234","2234",745330,745330,0,"Shift","Shift","998","174","NoChange","Nonproduction"
"2235","2235","2235",745360,745360,0,"Shift","Shift","998","174","NoChange","Nonproduction"
"2236","2236","2236",745400,745400,0,"Shift","Shift","998","174","NoChange","Nonproduction"
"2237","2237","2237",745430,745430,0,"Shift","Shift","998","174","NoChange","Nonproduction"
"2238","2238","2238",745466,745466,0,"Shift","Shift","998","174","NoChange","Nonproduction"
"2239","2239","2239",745497,745497,0,"Shift","Shift","998","174","NoChange","Nonproduction"
"2240","2240","2240",745530,745530,0,"Shift","Shift","998","174","NoChange","Nonproduction"
"2241","2241","2241",745557,745557,0,"Shift","Shift","998","174","NoChange","Nonproduction"
"2242","2242","2242",745590,745590,0,"Shift","Shift","998","174","NoChange","Nonproduction"
"2243","2243","2243",745630,745630,0,"Shift","Shift","998","174","NoChange","Nonproduction"
"2244","2244","2244",745658,745658,0,"Shift","Shift","998","174","NoChange","Nonproduction"
"2245","2245","2245",745689,745689,0,"Shift","Shift","998","174","NoChange","Nonproduction"
"2246","2246","2246",745730,745730,0,"Shift","Shift","998","174","NoChange","Nonproduction"
"2247","2247","2247",745760,745760,0,"Shift","Shift","998","174","NoChange","Nonproduction"
"2248","2248","2248",745790,745790,0,"Shift","Shift","998","174","NoChange","Nonproduction"
"2249","2249","2249",745830,745830,0,"Shift","Shift","998","174","NoChange","Nonproduction"
"2250","2250","2250",745860,745860,0,"Shift","Shift","998","174","NoChange","Nonproduction"
"2251","2251","2251",745890,745890,0,"Shift","Shift","998","174","NoChange","Nonproduction"
"2252","2252","2252",745920,745920,0,"Shift","Shift","998","174","NoChange","Nonproduction"
"2253","2253","2253",745960,745960,0,"Shift","Shift","998","174","NoChange","Nonproduction"
"2254","2254","2254",745995,745995,0,"Shift","Shift","998","174","NoChange","Nonproduction"
"2255","2255","2255",746027,746027,0,"Shift","Shift","998","174","NoChange","Nonproduction"
"2256","2256","2256",746063,746063,0,"Shift","Shift","998","174","NoChange","Nonproduction"
"2257","2257","2257",746091,746091,0,"Shift","Shift","998","174","NoChange","Nonproduction"
"2258","2258","2258",746120,746120,0,"Shift","Shift","998","174","NoChange","Nonproduction"
"2259","2259","2259",746161,746161,0,"Shift","Shift","998","174","NoChange","Nonproduction"
"2260","2260","2260",746192,746192,0,"Shift","Shift","998","174","NoChange","Nonproduction"
"2261","2261","2261",746219,746219,0,"Shift","Shift","998","174","NoChange","Nonproduction"
"2262","2262","2262",746247,746247,0,"Shift","Shift","998","174","NoChange","Nonproduction"
"2263","2263","2263",746286,746286,0,"Shift","Shift","998","174","NoChange","Nonproduction"
"2264","2264","2264",746316,746316,0,"Shift","Shift","998","174","NoChange","Nonproduction"
"2265","2265","2265",746346,746346,0,"Shift","Shift","998","174","NoChange","Nonproduction"
"2266","2266","2266",746390,746390,0,"Shift","Shift","998","174","NoChange","Nonproduction"
"2267","2267","2267",746418,746418,0,"Shift","Shift","998","174","NoChange","Nonproduction"
"2268","2268","2268",746449,746449,0,"Shift","Shift","998","174","NoChange","Nonproduction"
"2269","2269","2269",746490,746490,0,"Shift","Shift","998","174","NoChange","Nonproduction"
"2270","2270","2270",746516,746516,0,"Shift","Shift","998","174","NoChange","Nonproduction"
"2271","2271","2271",746547,746547,0,"Shift","Shift","998","174","NoChange","Nonproduction"
"2272","2272","2272",746581,746581,0,"Shift","Shift","998","174","NoChange","Nonproduction"
"2273","2273","2273",746620,746620,0,"Shift","Shift","998","174","NoChange","Nonproduction"
"2274","2274","2274",746650,746650,0,"Shift","Shift","998","174","NoChange","Nonproduction"
"2275","2275","2275",746680,746680,0,"Shift","Shift","998","174","NoChange","Nonproduction"
"2276","2276","2276",746720,746720,0,"Shift","Shift","998","174","NoChange","Nonproduction"
"2277","2277","2277",746750,746750,0,"Shift","Shift","998","174","NoChange","Nonproduction"
"2278","2278","2278",746780,746780,0,"Shift","Shift","998","174","NoChange","Nonproduction"
"2279","2279","2279",746820,746820,0,"Shift","Shift","998","174","NoChange","Nonproduction"
"2280","2280","2280",746850,746850,0,"Shift","Shift","998","174","NoChange","Nonproduction"
"2281","2281","2281",746880,746880,0,"Shift","Shift","998","174","NoChange","Nonproduction"
"2282","2282","2282",746910,746910,0,"Shift","Shift","998","174","NoChange","Nonproduction"
"2283","2283","2283",746936,747099,163,"Enter","Enter","999","174","\n","Input"
"2284","2284","2284",747286,747499,213,"Enter","Enter","1000","174","\n","Input"
"2285","2285","2285",915116,915116,0,"Shift","Shift","1000","174","NoChange","Nonproduction"
"2286","2286","2286",915623,915623,0,"Shift","Shift","1000","174","NoChange","Nonproduction"
"2287","2287","2287",915653,915653,0,"Shift","Shift","1000","174","NoChange","Nonproduction"
"2288","2288","2288",915683,915683,0,"Shift","Shift","1000","174","NoChange","Nonproduction"
"2289","2289","2289",915722,915722,0,"Shift","Shift","1000","174","NoChange","Nonproduction"
"2290","2290","2290",915752,915752,0,"Shift","Shift","1000","174","NoChange","Nonproduction"
"2291","2291","2291",915783,915783,0,"Shift","Shift","1000","174","NoChange","Nonproduction"
"2292","2292","2292",915813,915813,0,"Shift","Shift","1000","174","NoChange","Nonproduction"
"2293","2293","2293",915860,915860,0,"Shift","Shift","1000","174","NoChange","Nonproduction"
"2294","2294","2294",915890,915890,0,"Shift","Shift","1000","174","NoChange","Nonproduction"
"2295","2295","2295",915913,915913,0,"Shift","Shift","1000","174","NoChange","Nonproduction"
"2296","2296","2296",915953,915953,0,"Shift","Shift","1000","174","NoChange","Nonproduction"
"2297","2297","2297",915982,915982,0,"Shift","Shift","1000","174","NoChange","Nonproduction"
"2298","2298","2298",916013,916013,0,"Shift","Shift","1000","174","NoChange","Nonproduction"
"2299","2299","2299",916052,916052,0,"Shift","Shift","1000","174","NoChange","Nonproduction"
"2300","2300","2300",916082,916082,0,"Shift","Shift","1000","174","NoChange","Nonproduction"
"2301","2301","2301",916113,916113,0,"Shift","Shift","1000","174","NoChange","Nonproduction"
"2302","2302","2302",916143,916143,0,"Shift","Shift","1000","174","NoChange","Nonproduction"
"2303","2303","2303",916188,916188,0,"Shift","Shift","1000","174","NoChange","Nonproduction"
"2304","2304","2304",916226,916226,0,"Shift","Shift","1000","174","NoChange","Nonproduction"
"2305","2305","2305",916242,916242,0,"Shift","Shift","1000","174","NoChange","Nonproduction"
"2306","2306","2306",916283,916283,0,"Shift","Shift","1000","174","NoChange","Nonproduction"
"2307","2307","2307",916313,916313,0,"Shift","Shift","1000","174","NoChange","Nonproduction"
"2308","2308","2308",916343,916343,0,"Shift","Shift","1000","174","NoChange","Nonproduction"
"2309","2309","2309",916388,916388,0,"Shift","Shift","1000","174","NoChange","Nonproduction"
"2310","2310","2310",916417,916417,0,"Shift","Shift","1000","174","NoChange","Nonproduction"
"2311","2311","2311",916439,916439,0,"Shift","Shift","1000","174","NoChange","Nonproduction"
"2312","2312","2312",916472,916472,0,"Shift","Shift","1000","174","NoChange","Nonproduction"
"2313","2313","2313",916513,916513,0,"Shift","Shift","1000","174","NoChange","Nonproduction"
"2314","2314","2314",916544,916544,0,"Shift","Shift","1000","174","NoChange","Nonproduction"
"2315","2315","2315",916574,916574,0,"Shift","Shift","1000","174","NoChange","Nonproduction"
"2316","2316","2316",916612,916612,0,"Shift","Shift","1000","174","NoChange","Nonproduction"
"2317","2317","2317",916643,916643,0,"Shift","Shift","1000","174","NoChange","Nonproduction"
"2318","2318","2318",916672,916672,0,"Shift","Shift","1000","174","NoChange","Nonproduction"
"2319","2319","2319",923635,923635,0,"Shift","Shift","1000","174","NoChange","Nonproduction"
"2320","2320","2320",923914,924061,147,"I","I","1001","175","I","Input"
"2321","2321","2321",927591,927757,166,"Space","Space","1002","175"," ","Input"
"2322","2322","2322",927833,928028,195,"t","t","1003","176","t","Input"
"2323","2323","2323",927978,928101,123,"h","h","1004","176","h","Input"
"2324","2324","2324",928120,928284,164,"i","i","1005","176","i","Input"
"2325","2325","2325",928267,928580,313,"n","n","1006","176","n","Input"
"2326","2326","2326",928411,928604,193,"k","k","1007","176","k","Input"
"2327","2327","2327",928539,928749,210,"Space","Space","1008","176"," ","Input"
"2328","2328","2328",930299,930492,193,"i","i","1009","177","i","Input"
"2329","2329","2329",930354,930588,234,"t","t","1010","177","t","Input"
"2330","2330","2330",930610,930765,155,"Space","Space","1011","177"," ","Input"
"2331","2331","2331",930914,931165,251,"i","i","1012","178","i","Input"
"2332","2332","2332",931033,931204,171,"s","s","1013","178","s","Input"
"2333","2333","2333",931187,931325,138,"Space","Space","1014","178"," ","Input"
"2334","2334","2334",931459,931548,89,"t","t","1015","179","t","Input"
"2335","2335","2335",931811,931917,106,"Backspace","Backspace","1014","178","t","Remove/Cut"
"2336","2336","2336",932067,932172,105,"j","j","1015","179","j","Input"
"2337","2337","2337",932254,932394,140,"u","u","1016","179","u","Input"
"2338","2338","2338",932286,932404,118,"s","s","1017","179","s","Input"
"2339","2339","2339",932435,932603,168,"t","t","1018","179","t","Input"
"2340","2340","2340",932561,932668,107,"Space","Space","1019","179"," ","Input"
"2341","2341","2341",932898,933061,163,"h","h","1020","180","h","Input"
"2342","2342","2342",932978,933132,154,"u","u","1021","180","u","Input"
"2343","2343","2343",933289,933404,115,"m","m","1022","180","m","Input"
"2344","2344","2344",933457,933693,236,"a","a","1023","180","a","Input"
"2345","2345","2345",933562,933741,179,"n","n","1024","180","n","Input"
"2346","2346","2346",933716,933852,136,"Space","Space","1025","180"," ","Input"
"2347","2347","2347",934058,934204,146,"n","n","1026","181","n","Input"
"2348","2348","2348",934184,934445,261,"a","a","1027","181","a","Input"
"2349","2349","2349",934322,934508,186,"t","t","1028","181","t","Input"
"2350","2350","2350",934491,934684,193,"u","u","1029","181","u","Input"
"2351","2351","2351",934624,934885,261,"r","r","1030","181","r","Input"
"2352","2352","2352",934753,934932,179,"e","e","1031","181","e","Input"
"2353","2353","2353",935459,935668,209,"Space","Space","1032","181"," ","Input"
"2354","2354","2354",935611,935844,233,"a","a","1033","182","a","Input"
"2355","2355","2355",935739,935948,209,"s","s","1034","182","s","Input"
"2356","2356","2356",935881,936037,156,"Space","Space","1035","182"," ","Input"
"2357","2357","2357",936139,936139,0,"Shift","Shift","1035","182","NoChange","Nonproduction"
"2358","2358","2358",936251,936412,161,"I","i","1036","183","I","Input"
"2359","2359","2359",936335,936515,180,"Space","Space","1037","183"," ","Input"
"2360","2360","2360",936614,936788,174,"p","p","1038","184","p","Input"
"2361","2361","2361",936666,936845,179,"r","r","1039","184","r","Input"
"2362","2362","2362",936779,936925,146,"e","e","1040","184","e","Input"
"2363","2363","2363",937011,937196,185,"v","v","1041","184","v","Input"
"2364","2364","2364",937154,937301,147,"i","i","1042","184","i","Input"
"2365","2365","2365",937338,937477,139,"o","o","1043","184","o","Input"
"2366","2366","2366",937427,937693,266,"u","u","1044","184","u","Input"
"2367","2367","2367",937604,937797,193,"s","s","1045","184","s","Input"
"2368","2368","2368",937715,937732,17,"l","l","1046","184","l","Input"
"2369","2369","2369",938287,938436,149,"y","y","1047","184","y","Input"
"2370","2370","2370",938401,938524,123,"Space","Space","1048","184"," ","Input"
"2371","2371","2371",938761,938900,139,"s","s","1049","185","s","Input"
"2372","2372","2372",938923,939044,121,"t","t","1050","185","t","Input"
"2373","2373","2373",939018,939244,226,"a","a","1051","185","a","Input"
"2374","2374","2374",939114,939357,243,"t","t","1052","185","t","Input"
"2375","2375","2375",939227,939389,162,"e","e","1053","185","e","Input"
"2376","2376","2376",939522,939693,171,"d","d","1054","185","d","Input"
"2377","2377","2377",939667,939812,145,"Space","Space","1055","185"," ","Input"
"2378","2378","2378",939963,940140,177,"t","t","1056","186","t","Input"
"2379","2379","2379",940187,940404,217,"h","h","1057","186","h","Input"
"2380","2380","2380",940307,940517,210,"a","a","1058","186","a","Input"
"2381","2381","2381",940387,940605,218,"t","t","1059","186","t","Input"
"2382","2382","2382",940754,940917,163,"Space","Space","1060","186"," ","Input"
"2383","2383","2383",941635,941796,161,"m","m","1061","187","m","Input"
"2384","2384","2384",941731,942044,313,"a","a","1062","187","a","Input"
"2385","2385","2385",941858,942139,281,"k","k","1063","187","k","Input"
"2386","2386","2386",941978,942203,225,"e","e","1064","187","e","Input"
"2387","2387","2387",942523,942684,161,"Space","Space","1065","187"," ","Input"
"2388","2388","2388",942819,943012,193,"i","i","1066","188","i","Input"
"2389","2389","2389",942939,943212,273,"t","t","1067","188","t","Input"
"2390","2390","2390",943674,943861,187,"Space","Space","1068","188"," ","Input"
"2391","2391","2391",943891,944085,194,"t","t","1069","189","t","Input"
"2392","2392","2392",944107,944338,231,"h","h","1070","189","h","Input"
"2393","2393","2393",944219,944476,257,"a","a","1071","189","a","Input"
"2394","2394","2394",944344,944620,276,"t","t","1072","189","t","Input"
"2395","2395","2395",945027,945260,233,"Space","Space","1073","189"," ","Input"
"2396","2396","2396",945291,945573,282,"w","w","1074","190","w","Input"
"2397","2397","2397",945509,945773,264,"e","e","1075","190","e","Input"
"2398","2398","2398",946067,946261,194,"Space","Space","1076","190"," ","Input"
"2399","2399","2399",946243,946373,130,"j","j","1077","191","j","Input"
"2400","2400","2400",946514,946668,154,"u","u","1078","191","u","Input"
"2401","2401","2401",946595,946765,170,"s","s","1079","191","s","Input"
"2402","2402","2402",946787,946972,185,"t","t","1080","191","t","Input"
"2403","2403","2403",947320,947548,228,"Space","Space","1081","191"," ","Input"
"2404","2404","2404",947571,947724,153,"p","p","1082","192","p","Input"
"2405","2405","2405",947643,947804,161,"e","e","1083","192","e","Input"
"2406","2406","2406",947710,947844,134,"r","r","1084","192","r","Input"
"2407","2407","2407",947962,948101,139,"f","f","1085","192","f","Input"
"2408","2408","2408",948122,948349,227,"o","o","1086","192","o","Input"
"2409","2409","2409",948223,948508,285,"r","r","1087","192","r","Input"
"2410","2410","2410",948370,948548,178,"m","m","1088","192","m","Input"
"2411","2411","2411",948540,948717,177,"Space","Space","1089","192"," ","Input"
"2412","2412","2412",949067,949245,178,"b","b","1090","193","b","Input"
"2413","2413","2413",949131,949341,210,"e","e","1091","193","e","Input"
"2414","2414","2414",949275,949380,105,"t","t","1092","193","t","Input"
"2415","2415","2415",949467,949620,153,"t","t","1093","193","t","Input"
"2416","2416","2416",949675,949893,218,"e","e","1094","193","e","Input"
"2417","2417","2417",949787,949964,177,"r","r","1095","193","r","Input"
"2418","2418","2418",950067,950250,183,"Space","Space","1096","193"," ","Input"
"2419","2419","2419",950263,950452,189,"w","w","1097","194","w","Input"
"2420","2420","2420",950443,950540,97,"h","h","1098","194","h","Input"
"2421","2421","2421",950482,950732,250,"e","e","1099","194","e","Input"
"2422","2422","2422",950811,950988,177,"n","n","1100","194","n","Input"
"2423","2423","2423",951347,951524,177,"Space","Space","1101","194"," ","Input"
"2424","2424","2424",954579,954821,242,"c","c","1102","195","c","Input"
"2425","2425","2425",954779,954973,194,"o","o","1103","195","o","Input"
"2426","2426","2426",954907,955077,170,"m","m","1104","195","m","Input"
"2427","2427","2427",955164,955405,241,"p","p","1105","195","p","Input"
"2428","2428","2428",955290,955524,234,"e","e","1106","195","e","Input"
"2429","2429","2429",955482,955813,331,"t","t","1107","195","t","Input"
"2430","2430","2430",956482,956820,338,"i","i","1108","195","i","Input"
"2431","2431","2431",956663,957045,382,"n","n","1109","195","n","Input"
"2432","2432","2432",956810,957060,250,"g","g","1110","195","g","Input"
"2433","2433","2433",956963,957172,209,"Space","Space","1111","195"," ","Input"
"2434","2434","2434",959655,959748,93,"i","i","1112","196","i","Input"
"2435","2435","2435",959770,959941,171,"n","n","1113","196","n","Input"
"2436","2436","2436",959907,960092,185,"Space","Space","1114","196"," ","Input"
"2437","2437","2437",960123,960212,89,"m","m","1115","197","m","Input"
"2438","2438","2438",960242,960445,203,"a","a","1116","197","a","Input"
"2439","2439","2439",960347,960420,73,"n","n","1117","197","n","Input"
"2440","2440","2440",960591,960721,130,"y","y","1118","197","y","Input"
"2441","2441","2441",960688,960849,161,"Space","Space","1119","197"," ","Input"
"2442","2442","2442",960903,961065,162,"t","t","1120","198","t","Input"
"2443","2443","2443",960991,961081,90,"h","h","1121","198","h","Input"
"2444","2444","2444",961112,961385,273,"i","i","1122","198","i","Input"
"2445","2445","2445",961247,961529,282,"n","n","1123","198","n","Input"
"2446","2446","2446",961342,961497,155,"g","g","1124","198","g","Input"
"2447","2447","2447",962023,962193,170,"s","s","1125","198","s","Input"
"2448","2448","2448",962944,963137,193,"Space","Space","1126","198"," ","Input"
"2449","2449","2449",963203,963385,182,"w","w","1127","199","w","Input"
"2450","2450","2450",963544,963777,233,"i","i","1128","199","i","Input"
"2451","2451","2451",963664,963897,233,"t","t","1129","199","t","Input"
"2452","2452","2452",963807,963993,186,"h","h","1130","199","h","Input"
"2453","2453","2453",963920,964121,201,"Space","Space","1131","199"," ","Input"
"2454","2454","2454",964360,964608,248,"o","o","1132","200","o","Input"
"2455","2455","2455",964480,964705,225,"n","n","1133","200","n","Input"
"2456","2456","2456",964591,964744,153,"e","e","1134","200","e","Input"
"2457","2457","2457",964670,964841,171,"Space","Space","1135","200"," ","Input"
"2458","2458","2458",964807,965113,306,"a","a","1136","201","a","Input"
"2459","2459","2459",964879,965049,170,"n","n","1137","201","n","Input"
"2460","2460","2460",965000,965233,233,"o","o","1138","201","o","Input"
"2461","2461","2461",965079,965289,210,"t","t","1139","201","t","Input"
"2462","2462","2462",965216,965481,265,"h","h","1140","201","h","Input"
"2463","2463","2463",965315,965593,278,"e","e","1141","201","e","Input"
"2464","2464","2464",965430,965641,211,"r","r","1142","201","r","Input"
"2465","2465","2465",965556,965745,189,"Space","Space","1143","201"," ","Input"
"2466","2466","2466",965768,966048,280,"t","t","1144","202","t","Input"
"2467","2467","2467",965875,966025,150,"h","h","1145","202","h","Input"
"2468","2468","2468",966005,966401,396,"a","a","1146","202","a","Input"
"2469","2469","2469",966153,966361,208,"n","n","1147","202","n","Input"
"2470","2470","2470",969715,969905,190,"Space","Space","1148","202"," ","Input"
"2471","2471","2471",970463,970625,162,"b","b","1149","203","b","Input"
"2472","2472","2472",970824,971025,201,"y","y","1150","203","y","Input"
"2473","2473","2473",970944,971137,193,"Space","Space","1151","203"," ","Input"
"2474","2474","2474",971313,971513,200,"c","c","1152","204","c","Input"
"2475","2475","2475",971567,971673,106,"o","o","1153","204","o","Input"
"2476","2476","2476",972208,972417,209,"o","o","1154","204","o","Input"
"2477","2477","2477",973704,973937,233,"p","p","1155","204","p","Input"
"2478","2478","2478",974252,974488,236,"e","e","1156","204","e","Input"
"2479","2479","2479",975096,975281,185,"r","r","1157","204","r","Input"
"2480","2480","2480",975535,975945,410,"a","a","1158","204","a","Input"
"2481","2481","2481",975783,976201,418,"t","t","1159","204","t","Input"
"2482","2482","2482",975963,976225,262,"i","i","1160","204","i","Input"
"2483","2483","2483",976032,976408,376,"o","o","1161","204","o","Input"
"2484","2484","2484",976271,976472,201,"n","n","1162","204","n","Input"
"2485","2485","2485",977031,977209,178,"Space","Space","1163","204"," ","Input"
"2486","2486","2486",979127,979352,225,"s","s","1164","205","s","Input"
"2487","2487","2487",979311,979593,282,"c","c","1165","205","c","Input"
"2488","2488","2488",979532,979801,269,"e","e","1166","205","e","Input"
"2489","2489","2489",979768,979960,192,"n","n","1167","205","n","Input"
"2490","2490","2490",980061,980392,331,"a","a","1168","205","a","Input"
"2491","2491","2491",980307,980553,246,"r","r","1169","205","r","Input"
"2492","2492","2492",980488,980704,216,"i","i","1170","205","i","Input"
"2493","2493","2493",980600,980865,265,"o","o","1171","205","o","Input"
"2494","2494","2494",982379,982577,198,"s","s","1172","205","s","Input"
"2495","2495","2495",983207,983409,202,"Space","Space","1173","205"," ","Input"
"2496","2496","2496",983560,983713,153,"t","t","1174","206","t","Input"
"2497","2497","2497",983687,983880,193,"h","h","1175","206","h","Input"
"2498","2498","2498",983759,983969,210,"a","a","1176","206","a","Input"
"2499","2499","2499",983839,984033,194,"t","t","1177","206","t","Input"
"2500","2500","2500",983919,984056,137,"Space","Space","1178","206"," ","Input"
"2501","2501","2501",984495,984785,290,"p","p","1179","207","p","Input"
"2502","2502","2502",984656,984769,113,"l","l","1180","207","l","Input"
"2503","2503","2503",984920,985152,232,"a","a","1181","207","a","Input"
"2504","2504","2504",985179,985353,174,"y","y","1182","207","y","Input"
"2505","2505","2505",985384,985521,137,"Space","Space","1183","207"," ","Input"
"2506","2506","2506",985551,985753,202,"o","o","1184","208","o","Input"
"2507","2507","2507",985632,985824,192,"u","u","1185","208","u","Input"
"2508","2508","2508",985696,985888,192,"t","t","1186","208","t","Input"
"2509","2509","2509",986535,986657,122,".",".","1187","208",".","Input"
"2510","2510","2510",1003767,1003929,162,"Space","Space","1188","208"," ","Input"
"2511","2511","2511",1003998,1003998,0,"Shift","Shift","1188","208","NoChange","Nonproduction"
"2512","2512","2512",1004212,1004336,124,"C","c","1189","209","C","Input"
"2513","2513","2513",1004406,1004568,162,"o","o","1190","209","o","Input"
"2514","2514","2514",1004527,1004633,106,"m","m","1191","209","m","Input"
"2515","2515","2515",1004720,1004889,169,"p","p","1192","209","p","Input"
"2516","2516","2516",1004831,1005041,210,"e","e","1193","209","e","Input"
"2517","2517","2517",1005024,1005289,265,"t","t","1194","209","t","Input"
"2518","2518","2518",1005216,1005377,161,"e","e","1195","209","e","Input"
"2519","2519","2519",1005584,1005737,153,"i","i","1196","209","i","Input"
"2520","2520","2520",1005967,1006041,74,"Backspace","Backspace","1195","209","i","Remove/Cut"
"2521","2521","2521",1006111,1006201,90,"Backspace","Backspace","1194","209","e","Remove/Cut"
"2522","2522","2522",1006376,1006537,161,"i","i","1195","209","i","Input"
"2523","2523","2523",1006496,1006705,209,"t","t","1196","209","t","Input"
"2524","2524","2524",1006695,1007113,418,"i","i","1197","209","i","Input"
"2525","2525","2525",1006847,1007073,226,"o","o","1198","209","o","Input"
"2526","2526","2526",1006927,1007160,233,"n","n","1199","209","n","Input"
"2527","2527","2527",1007143,1007328,185,"Space","Space","1200","209"," ","Input"
"2528","2528","2528",1007318,1007609,291,"i","i","1201","210","i","Input"
"2529","2529","2529",1007447,1007649,202,"s","s","1202","210","s","Input"
"2530","2530","2530",1007536,1007769,233,"Space","Space","1203","210"," ","Input"
"2531","2531","2531",1008183,1008337,154,"w","w","1204","211","w","Input"
"2532","2532","2532",1008358,1008561,203,"h","h","1205","211","h","Input"
"2533","2533","2533",1008431,1008705,274,"a","a","1206","211","a","Input"
"2534","2534","2534",1008600,1008817,217,"t","t","1207","211","t","Input"
"2535","2535","2535",1008839,1009041,202,"Space","Space","1208","211"," ","Input"
"2536","2536","2536",1009376,1009489,113,"d","d","1209","212","d","Input"
"2537","2537","2537",1009638,1009801,163,"r","r","1210","212","r","Input"
"2538","2538","2538",1009872,1010072,200,"i","i","1211","212","i","Input"
"2539","2539","2539",1010156,1010496,340,"v","v","1212","212","v","Input"
"2540","2540","2540",1010398,1010544,146,"e","e","1213","212","e","Input"
"2541","2541","2541",1010768,1010977,209,"s","s","1214","212","s","Input"
"2542","2542","2542",1010935,1011121,186,"Space","Space","1215","212"," ","Input"
"2543","2543","2543",1011310,1011528,218,"o","o","1216","213","o","Input"
"2544","2544","2544",1012895,1012977,82,"Backspace","Backspace","1215","212","o","Remove/Cut"
"2545","2545","2545",1013056,1013137,81,"Backspace","Backspace","1214","212"," ","Remove/Cut"
"2546","2546","2546",1013219,1013304,85,"Backspace","Backspace","1213","212","s","Remove/Cut"
"2547","2547","2547",1013400,1013457,57,"Backspace","Backspace","1212","212","e","Remove/Cut"
"2548","2548","2548",1013549,1013633,84,"Backspace","Backspace","1211","212","v","Remove/Cut"
"2549","2549","2549",1013736,1013817,81,"Backspace","Backspace","1210","212","i","Remove/Cut"
"2550","2550","2550",1013912,1014081,169,"Backspace","Backspace","1209","212","r","Remove/Cut"
"2551","2551","2551",1014384,1014473,89,"Backspace","Backspace","1208","211","d","Remove/Cut"
"2552","2552","2552",1014536,1014729,193,"f","f","1209","212","f","Input"
"2553","2553","2553",1014720,1014905,185,"u","u","1210","212","u","Input"
"2554","2554","2554",1014888,1015161,273,"e","e","1211","212","e","Input"
"2555","2555","2555",1015124,1015304,180,"l","l","1212","212","l","Input"
"2556","2556","2556",1015430,1015641,211,"s","s","1213","212","s","Input"
"2557","2557","2557",1015536,1015721,185,"Space","Space","1214","212"," ","Input"
"2558","2558","2558",1015848,1016193,345,"o","o","1215","213","o","Input"
"2559","2559","2559",1015975,1016264,289,"u","u","1216","213","u","Input"
"2560","2560","2560",1016111,1016296,185,"r","r","1217","213","r","Input"
"2561","2561","2561",1016831,1017033,202,"Space","Space","1218","213"," ","Input"
"2562","2562","2562",1016983,1017096,113,"d","d","1219","214","d","Input"
"2563","2563","2563",1017191,1017321,130,"r","r","1220","214","r","Input"
"2564","2564","2564",1017287,1017521,234,"i","i","1221","214","i","Input"
"2565","2565","2565",1017504,1017753,249,"v","v","1222","214","v","Input"
"2566","2566","2566",1017647,1017881,234,"e","e","1223","214","e","Input"
"2567","2567","2567",1018151,1018337,186,"Space","Space","1224","214"," ","Input"
"2568","2568","2568",1018302,1018553,251,"t","t","1225","215","t","Input"
"2569","2569","2569",1018512,1018729,217,"o","o","1226","215","o","Input"
"2570","2570","2570",1018671,1018833,162,"Space","Space","1227","215"," ","Input"
"2571","2571","2571",1018907,1019017,110,"p","p","1228","216","p","Input"
"2572","2572","2572",1019252,1019521,269,"u","u","1229","216","u","Input"
"2573","2573","2573",1019414,1019673,259,"s","s","1230","216","s","Input"
"2574","2574","2574",1019551,1019761,210,"h","h","1231","216","h","Input"
"2575","2575","2575",1019696,1019881,185,"Space","Space","1232","216"," ","Input"
"2576","2576","2576",1020007,1020361,354,"o","o","1233","217","o","Input"
"2577","2577","2577",1020175,1020489,314,"u","u","1234","217","u","Input"
"2578","2578","2578",1020320,1020513,193,"t","t","1235","217","t","Input"
"2579","2579","2579",1020536,1020773,237,"Space","Space","1236","217"," ","Input"
"2580","2580","2580",1024858,1024901,43,"Backspace","Backspace","1235","217"," ","Remove/Cut"
"2581","2581","2581",1024946,1024988,42,"Backspace","Backspace","1234","217","t","Remove/Cut"
"2582","2582","2582",1025108,1025172,64,"Backspace","Backspace","1233","217","u","Remove/Cut"
"2583","2583","2583",1025284,1025358,74,"Backspace","Backspace","1232","216","o","Remove/Cut"
"2584","2584","2584",1025467,1025557,90,"Backspace","Backspace","1231","216"," ","Remove/Cut"
"2585","2585","2585",1026548,1026709,161,"Space","Space","1232","216"," ","Input"
"2586","2586","2586",1026772,1026956,184,"t","t","1233","217","t","Input"
"2587","2587","2587",1027364,1027557,193,"h","h","1234","217","h","Input"
"2588","2588","2588",1027484,1027645,161,"r","r","1235","217","r","Input"
"2589","2589","2589",1027691,1027940,249,"o","o","1236","217","o","Input"
"2590","2590","2590",1027835,1028157,322,"u","u","1237","217","u","Input"
"2591","2591","2591",1027975,1028188,213,"g","g","1238","217","g","Input"
"2592","2592","2592",1028067,1028308,241,"h","h","1239","217","h","Input"
"2593","2593","2593",1028388,1028556,168,"Space","Space","1240","217"," ","Input"
"2594","2594","2594",1028964,1029261,297,"a","a","1241","218","a","Input"
"2595","2595","2595",1029091,1029325,234,"n","n","1242","218","n","Input"
"2596","2596","2596",1029187,1029404,217,"d","d","1243","218","d","Input"
"2597","2597","2597",1029371,1029541,170,"Space","Space","1244","218"," ","Input"
"2598","2598","2598",1033428,1033573,145,"p","p","1245","219","p","Input"
"2599","2599","2599",1033555,1033725,170,"r","r","1246","219","r","Input"
"2600","2600","2600",1033683,1033877,194,"o","o","1247","219","o","Input"
"2601","2601","2601",1033852,1034021,169,"d","d","1248","219","d","Input"
"2602","2602","2602",1034082,1034276,194,"u","u","1249","219","u","Input"
"2603","2603","2603",1034187,1034444,257,"c","c","1250","219","c","Input"
"2604","2604","2604",1034366,1034597,231,"e","e","1251","219","e","Input"
"2605","2605","2605",1052772,1052941,169,"Space","Space","1252","219"," ","Input"
"2606","2606","2606",1053211,1053429,218,"r","r","1253","220","r","Input"
"2607","2607","2607",1053324,1053460,136,"e","e","1254","220","e","Input"
"2608","2608","2608",1053643,1053772,129,"s","s","1255","220","s","Input"
"2609","2609","2609",1053820,1053957,137,"u","u","1256","220","u","Input"
"2610","2610","2610",1054179,1054357,178,"l","l","1257","220","l","Input"
"2611","2611","2611",1054284,1054405,121,"t","t","1258","220","t","Input"
"2612","2612","2612",1054587,1054749,162,"s","s","1259","220","s","Input"
"2613","2613","2613",1056063,1056157,94,"Backspace","Backspace","1258","220","s","Remove/Cut"
"2614","2614","2614",1056250,1056308,58,"Backspace","Backspace","1257","220","t","Remove/Cut"
"2615","2615","2615",1056390,1056468,78,"Backspace","Backspace","1256","220","l","Remove/Cut"
"2616","2616","2616",1056564,1056629,65,"Backspace","Backspace","1255","220","u","Remove/Cut"
"2617","2617","2617",1056712,1056780,68,"Backspace","Backspace","1254","220","s","Remove/Cut"
"2618","2618","2618",1056932,1056988,56,"Backspace","Backspace","1253","220","e","Remove/Cut"
"2619","2619","2619",1057085,1057180,95,"Backspace","Backspace","1252","219","r","Remove/Cut"
"2620","2620","2620",1057292,1057476,184,"t","t","1253","220","t","Input"
"2621","2621","2621",1057468,1057692,224,"h","h","1254","220","h","Input"
"2622","2622","2622",1057564,1057717,153,"e","e","1255","220","e","Input"
"2623","2623","2623",1057684,1057813,129,"Space","Space","1256","220"," ","Input"
"2624","2624","2624",1058908,1059132,224,"r","r","1257","221","r","Input"
"2625","2625","2625",1059003,1059148,145,"e","e","1258","221","e","Input"
"2626","2626","2626",1059307,1059524,217,"s","s","1259","221","s","Input"
"2627","2627","2627",1059484,1059636,152,"e","e","1260","221","e","Input"
"2628","2628","2628",1059620,1059757,137,"u","u","1261","221","u","Input"
"2629","2629","2629",1060172,1060196,24,"Backspace","Backspace","1260","221","u","Remove/Cut"
"2630","2630","2630",1060316,1060428,112,"Backspace","Backspace","1259","221","e","Remove/Cut"
"2631","2631","2631",1060635,1060773,138,"u","u","1260","221","u","Input"
"2632","2632","2632",1060852,1061068,216,"l","l","1261","221","l","Input"
"2633","2633","2633",1060980,1061124,144,"t","t","1262","221","t","Input"
"2634","2634","2634",1061204,1061453,249,"s","s","1263","221","s","Input"
"2635","2635","2635",1061319,1061508,189,"Space","Space","1264","221"," ","Input"
"2636","2636","2636",1061899,1062260,361,"t","t","1265","222","t","Input"
"2637","2637","2637",1062127,1062381,254,"o","o","1266","222","o","Input"
"2638","2638","2638",1068908,1069045,137,"Space","Space","1267","222"," ","Input"
"2639","2639","2639",1069028,1069197,169,"r","r","1268","223","r","Input"
"2640","2640","2640",1069140,1069356,216,"a","a","1269","223","a","Input"
"2641","2641","2641",1069252,1069412,160,"i","i","1270","223","i","Input"
"2642","2642","2642",1069437,1069588,151,"s","s","1271","223","s","Input"
"2643","2643","2643",1069522,1069717,195,"e","e","1272","223","e","Input"
"2644","2644","2644",1069740,1069940,200,"Space","Space","1273","223"," ","Input"
"2645","2645","2645",1069908,1070100,192,"t","t","1274","224","t","Input"
"2646","2646","2646",1070060,1070236,176,"h","h","1275","224","h","Input"
"2647","2647","2647",1070155,1070318,163,"e","e","1276","224","e","Input"
"2648","2648","2648",1070259,1070348,89,"Space","Space","1277","224"," ","Input"
"2649","2649","2649",1070422,1070572,150,"b","b","1278","225","b","Input"
"2650","2650","2650",1070449,1070668,219,"a","a","1279","225","a","Input"
"2651","2651","2651",1070601,1070772,171,"r","r","1280","225","r","Input"
"2652","2652","2652",1070860,1071053,193,"Space","Space","1281","225"," ","Input"
"2653","2653","2653",1071132,1071365,233,"i","i","1282","226","i","Input"
"2654","2654","2654",1071267,1071420,153,"n","n","1283","226","n","Input"
"2655","2655","2655",1071348,1071516,168,"Space","Space","1284","226"," ","Input"
"2656","2656","2656",1071459,1071580,121,"w","w","1285","227","w","Input"
"2657","2657","2657",1071676,1071845,169,"h","h","1286","227","h","Input"
"2658","2658","2658",1071705,1071988,283,"a","a","1287","227","a","Input"
"2659","2659","2659",1071892,1072213,321,"t","t","1288","227","t","Input"
"2660","2660","2660",1072132,1072356,224,"e","e","1289","227","e","Input"
"2661","2661","2661",1072391,1072524,133,"v","v","1290","227","v","Input"
"2662","2662","2662",1072510,1072812,302,"e","e","1291","227","e","Input"
"2663","2663","2663",1072682,1072876,194,"r","r","1292","227","r","Input"
"2664","2664","2664",1072801,1072988,187,"Space","Space","1293","227"," ","Input"
"2665","2665","2665",1073130,1073372,242,"i","i","1294","228","i","Input"
"2666","2666","2666",1073246,1073477,231,"t","t","1295","228","t","Input"
"2667","2667","2667",1073358,1073525,167,"Space","Space","1296","228"," ","Input"
"2668","2668","2668",1073756,1073845,89,"m","m","1297","229","m","Input"
"2669","2669","2669",1073875,1074085,210,"a","a","1298","229","a","Input"
"2670","2670","2670",1074179,1074405,226,"y","y","1299","229","y","Input"
"2671","2671","2671",1074195,1074301,106,"h","h","1300","229","h","Input"
"2672","2672","2672",1074756,1074860,104,"Backspace","Backspace","1299","229","h","Remove/Cut"
"2673","2673","2673",1074893,1075020,127,"Space","Space","1300","229"," ","Input"
"2674","2674","2674",1075139,1075301,162,"b","b","1301","230","b","Input"
"2675","2675","2675",1075260,1075444,184,"e","e","1302","230","e","Input"
"2676","2676","2676",1075498,1075693,195,"Space","Space","1303","230"," ","Input"
"2677","2677","2677",1075730,1075997,267,"t","t","1304","231","t","Input"
"2678","2678","2678",1075940,1076140,200,"o","o","1305","231","o","Input"
"2679","2679","2679",1076177,1076423,246,"Space","Space","1306","231"," ","Input"
"2680","2680","2680",1077540,1077701,161,"g","g","1307","232","g","Input"
"2681","2681","2681",1077684,1077932,248,"e","e","1308","232","e","Input"
"2682","2682","2682",1077828,1077965,137,"t","t","1309","232","t","Input"
"2683","2683","2683",1077915,1078092,177,"Space","Space","1310","232"," ","Input"
"2684","2684","2684",1078154,1078300,146,"t","t","1311","233","t","Input"
"2685","2685","2685",1078274,1078468,194,"o","o","1312","233","o","Input"
"2686","2686","2686",1078380,1078524,144,"Space","Space","1313","233"," ","Input"
"2687","2687","2687",1078500,1078668,168,"t","t","1314","234","t","Input"
"2688","2688","2688",1078692,1078868,176,"h","h","1315","234","h","Input"
"2689","2689","2689",1078748,1079020,272,"a","a","1316","234","a","Input"
"2690","2690","2690",1078852,1079100,248,"t","t","1317","234","t","Input"
"2691","2691","2691",1079012,1079172,160,"Space","Space","1318","234"," ","Input"
"2692","2692","2692",1079371,1079371,0,"Shift","Shift","1318","234","NoChange","Nonproduction"
"2693","2693","2693",1079874,1079874,0,"Shift","Shift","1318","234","NoChange","Nonproduction"
"2694","2694","2694",1079902,1079902,0,"Shift","Shift","1318","234","NoChange","Nonproduction"
"2695","2695","2695",1079930,1079930,0,"Shift","Shift","1318","234","NoChange","Nonproduction"
"2696","2696","2696",1080107,1080292,185,"n","n","1319","235","n","Input"
"2697","2697","2697",1080234,1080332,98,"u","u","1320","235","u","Input"
"2698","2698","2698",1080467,1080524,57,"m","m","1321","235","m","Input"
"2699","2699","2699",1080661,1080803,142,"b","b","1322","235","b","Input"
"2700","2700","2700",1080706,1080867,161,"e","e","1323","235","e","Input"
"2701","2701","2701",1080776,1080939,163,"r","r","1324","235","r","Input"
"2702","2702","2702",1080930,1081066,136,"Space","Space","1325","235"," ","Input"
"2703","2703","2703",1081109,1081347,238,"o","o","1326","236","o","Input"
"2704","2704","2704",1081234,1081459,225,"n","n","1327","236","n","Input"
"2705","2705","2705",1081314,1081491,177,"e","e","1328","236","e","Input"
"2706","2706","2706",1081443,1081611,168,"Space","Space","1329","236"," ","Input"
"2707","2707","2707",1081667,1081851,184,"p","p","1330","237","p","Input"
"2708","2708","2708",1082067,1082259,192,"o","o","1331","237","o","Input"
"2709","2709","2709",1082186,1082363,177,"s","s","1332","237","s","Input"
"2710","2710","2710",1082385,1082531,146,"i","i","1333","237","i","Input"
"2711","2711","2711",1082561,1082731,170,"t","t","1334","237","t","Input"
"2712","2712","2712",1082657,1082939,282,"i","i","1335","237","i","Input"
"2713","2713","2713",1082767,1082979,212,"o","o","1336","237","o","Input"
"2714","2714","2714",1082831,1083003,172,"n","n","1337","237","n","Input"
"2715","2715","2715",1083445,1083595,150,"Space","Space","1338","237"," ","Input"
"2716","2716","2716",1083682,1083979,297,"a","a","1339","238","a","Input"
"2717","2717","2717",1083818,1084051,233,"n","n","1340","238","n","Input"
"2718","2718","2718",1083962,1084147,185,"d","d","1341","238","d","Input"
"2719","2719","2719",1084122,1084259,137,"Space","Space","1342","238"," ","Input"
"2720","2720","2720",1084322,1084467,145,"c","c","1343","239","c","Input"
"2721","2721","2721",1084394,1084523,129,"o","o","1344","239","o","Input"
"2722","2722","2722",1084498,1084619,121,"m","m","1345","239","m","Input"
"2723","2723","2723",1084818,1084947,129,"e","e","1346","239","e","Input"
"2724","2724","2724",1084923,1085059,136,"Space","Space","1347","239"," ","Input"
"2725","2725","2725",1085090,1085363,273,"o","o","1348","240","o","Input"
"2726","2726","2726",1085228,1085443,215,"u","u","1349","240","u","Input"
"2727","2727","2727",1085385,1085515,130,"t","t","1350","240","t","Input"
"2728","2728","2728",1085425,1085611,186,"Space","Space","1351","240"," ","Input"
"2729","2729","2729",1085914,1086139,225,"o","o","1352","241","o","Input"
"2730","2730","2730",1086034,1086203,169,"n","n","1353","241","n","Input"
"2731","2731","2731",1086171,1086323,152,"Space","Space","1354","241"," ","Input"
"2732","2732","2732",1086640,1086987,347,"t","t","1355","242","t","Input"
"2733","2733","2733",1086804,1087083,279,"o","o","1356","242","o","Input"
"2734","2734","2734",1086882,1087123,241,"p","p","1357","242","p","Input"
"2735","2735","2735",1089346,1089515,169,"Space","Space","1358","242"," ","Input"
"2736","2736","2736",1091609,1091867,258,"a","a","1359","243","a","Input"
"2737","2737","2737",1091714,1091907,193,"n","n","1360","243","n","Input"
"2738","2738","2738",1091803,1091971,168,"d","d","1361","243","d","Input"
"2739","2739","2739",1091930,1092067,137,"Space","Space","1362","243"," ","Input"
"2740","2740","2740",1092165,1092331,166,"a","a","1363","244","a","Input"
"2741","2741","2741",1092279,1092387,108,"b","b","1364","244","b","Input"
"2742","2742","2742",1092467,1092683,216,"o","o","1365","244","o","Input"
"2743","2743","2743",1092570,1092755,185,"v","v","1366","244","v","Input"
"2744","2744","2744",1092666,1092867,201,"e","e","1367","244","e","Input"
"2745","2745","2745",1092811,1092995,184,"Space","Space","1368","244"," ","Input"
"2746","2746","2746",1092978,1093187,209,"o","o","1369","245","o","Input"
"2747","2747","2747",1093258,1093371,113,"v","v","1370","245","v","Input"
"2748","2748","2748",1093627,1093723,96,"Backspace","Backspace","1369","245","v","Remove/Cut"
"2749","2749","2749",1093747,1093891,144,"t","t","1370","245","t","Input"
"2750","2750","2750",1093914,1094075,161,"h","h","1371","245","h","Input"
"2751","2751","2751",1093978,1094155,177,"e","e","1372","245","e","Input"
"2752","2752","2752",1094067,1094219,152,"r","r","1373","245","r","Input"
"2753","2753","2753",1094842,1095019,177,"s","s","1374","245","s","Input"
"2754","2754","2754",1094971,1095139,168,"Space","Space","1375","245"," ","Input"
"2755","2755","2755",1095203,1095427,224,"c","c","1376","246","c","Input"
"2756","2756","2756",1095411,1095603,192,"o","o","1377","246","o","Input"
"2757","2757","2757",1095531,1095659,128,"m","m","1378","246","m","Input"
"2758","2758","2758",1095730,1095931,201,"p","p","1379","246","p","Input"
"2759","2759","2759",1095793,1096003,210,"e","e","1380","246","e","Input"
"2760","2760","2760",1095962,1096243,281,"t","t","1381","246","t","Input"
"2761","2761","2761",1096388,1096691,303,"i","i","1382","246","i","Input"
"2762","2762","2762",1097344,1097739,395,"n","n","1383","246","n","Input"
"2763","2763","2763",1097490,1097699,209,"g","g","1384","246","g","Input"
"2764","2764","2764",1097642,1097827,185,"Space","Space","1385","246"," ","Input"
"2765","2765","2765",1098250,1098475,225,"a","a","1386","247","a","Input"
"2766","2766","2766",1098387,1098531,144,"m","m","1387","247","m","Input"
"2767","2767","2767",1098561,1098787,226,"o","o","1388","247","o","Input"
"2768","2768","2768",1098688,1098891,203,"n","n","1389","247","n","Input"
"2769","2769","2769",1099071,1099227,156,"g","g","1390","247","g","Input"
"2770","2770","2770",1099404,1099507,103,"s","s","1391","247","s","Input"
"2771","2771","2771",1099787,1099947,160,"t","t","1392","247","t","Input"
"2772","2772","2772",1103736,1103859,123,"Backspace","Backspace","1391","247","t","Remove/Cut"
"2773","2773","2773",1103986,1104074,88,"Backspace","Backspace","1390","247","s","Remove/Cut"
"2774","2774","2774",1104234,1104322,88,"Backspace","Backspace","1389","247","g","Remove/Cut"
"2775","2775","2775",1106558,1106643,85,"Backspace","Backspace","1388","247","n","Remove/Cut"
"2776","2776","2776",1106789,1106874,85,"Backspace","Backspace","1387","247","o","Remove/Cut"
"2777","2777","2777",1107048,1107091,43,"Backspace","Backspace","1386","247","m","Remove/Cut"
"2778","2778","2778",1108043,1108196,153,"Backspace","Backspace","1385","246","a","Remove/Cut"
"2779","2779","2779",1112442,1112659,217,"w","w","1386","247","w","Input"
"2780","2780","2780",1112587,1112747,160,"i","i","1387","247","i","Input"
"2781","2781","2781",1112802,1112995,193,"t","t","1388","247","t","Input"
"2782","2782","2782",1112914,1113099,185,"h","h","1389","247","h","Input"
"2783","2783","2783",1113058,1113243,185,"Space","Space","1390","247"," ","Input"
"2784","2784","2784",1114186,1114347,161,"y","y","1391","248","y","Input"
"2785","2785","2785",1114515,1114699,184,"o","o","1392","248","o","Input"
"2786","2786","2786",1114603,1114771,168,"u","u","1393","248","u","Input"
"2787","2787","2787",1116182,1116291,109,".",".","1394","248",".","Input"
"2788","2788","2788",1212049,1212252,203,"Enter","Enter","1395","248","\n","Input"
"2789","2789","2789",1260301,1260454,153,"Leftclick","Leftclick","917","248","NoChange","Nonproduction"
"2790","2790","2790",1261380,1261460,80,"l","l","918","248","l","Input"
"2791","2791","2791",1390053,1390166,113,"Leftclick","Leftclick","1396","248","NoChange","Nonproduction"
"2792","2792","2792",1391669,1391797,128,"Leftclick","Leftclick","1395","248","NoChange","Nonproduction"
"2793","2793","2793",1402710,1402924,214,"Space","Space","1396","248"," ","Input"
"2794","2794","2794",1408705,1408908,203,"Leftclick","Leftclick","1396","248","NoChange","Nonproduction"
"2795","2795","2795",1410622,1410824,202,"Leftclick","Leftclick","1396","248","NoChange","Nonproduction"
"2796","2796","2796",1411904,1412079,175,"Leftclick","Leftclick","1397","248","NoChange","Nonproduction"
"2797","2797","2797",1412077,1412212,135,"Space","Space","1398","248"," ","Input"
"2798","2798","2798",1412750,1412916,166,"Leftclick","Leftclick","1396","248","NoChange","Nonproduction"
"2799","2799","2799",1415133,1415283,150,"Leftclick","Leftclick","1398","248","NoChange","Nonproduction"
"2800","2800","2800",1417758,1417877,119,"f","f","1399","249","f","Input"
"2801","2801","2801",1418476,1418636,160,"Space","Space","1400","249"," ","Input"
"2802","2802","2802",1420215,1420317,102,"Backspace","Backspace","1399","249"," ","Remove/Cut"
"2803","2803","2803",1420438,1420517,79,"Backspace","Backspace","1398","248","f","Remove/Cut"
"2804","2804","2804",1420646,1420716,70,"Backspace","Backspace","1397","248"," ","Remove/Cut"
"2805","2805","2805",1421094,1421188,94,"Backspace","Backspace","1396","248","\n","Remove/Cut"
"2806","2806","2806",1440822,1440822,0,"Shift","Shift","1396","248","NoChange","Nonproduction"
"2807","2807","2807",1440966,1441080,114,"N","N","1397","249","N","Input"
"2808","2808","2808",1441328,1441444,116,"o","o","1398","249","o","Input"
"2809","2809","2809",1443326,1443420,94,"b","b","1399","249","b","Input"
"2810","2810","2810",1443614,1443756,142,"o","o","1400","249","o","Input"
"2811","2811","2811",1443788,1444084,296,"d","d","1401","249","d","Input"
"2812","2812","2812",1444487,1444724,237,"y","y","1402","249","y","Input"
"2813","2813","2813",1444693,1444900,207,"Space","Space","1403","249"," ","Input"
"2814","2814","2814",1444951,1445140,189,"w","w","1404","250","w","Input"
"2815","2815","2815",1445070,1445363,293,"a","a","1405","250","a","Input"
"2816","2816","2816",1445175,1445379,204,"n","n","1406","250","n","Input"
"2817","2817","2817",1445290,1445428,138,"t","t","1407","250","t","Input"
"2818","2818","2818",1445558,1445732,174,"s","s","1408","250","s","Input"
"2819","2819","2819",1445665,1445860,195,"Space","Space","1409","250"," ","Input"
"2820","2820","2820",1445954,1446172,218,"t","t","1410","251","t","Input"
"2821","2821","2821",1446037,1446260,223,"o","o","1411","251","o","Input"
"2822","2822","2822",1446159,1446348,189,"Space","Space","1412","251"," ","Input"
"2823","2823","2823",1446414,1446692,278,"f","f","1413","252","f","Input"
"2824","2824","2824",1446581,1446908,327,"a","a","1414","252","a","Input"
"2825","2825","2825",1446678,1446932,254,"i","i","1415","252","i","Input"
"2826","2826","2826",1446790,1447012,222,"l","l","1416","252","l","Input"
"2827","2827","2827",1450312,1450500,188,",",",","1417","252",",","Input"
"2828","2828","2828",1450495,1450660,165,"Space","Space","1418","252"," ","Input"
"2829","2829","2829",1450934,1451195,261,"a","a","1419","253","a","Input"
"2830","2830","2830",1451054,1451275,221,"n","n","1420","253","n","Input"
"2831","2831","2831",1451163,1451339,176,"d","d","1421","253","d","Input"
"2832","2832","2832",1451242,1451419,177,"Space","Space","1422","253"," ","Input"
"2833","2833","2833",1451712,1451972,260,"i","i","1423","254","i","Input"
"2834","2834","2834",1451820,1451996,176,"f","f","1424","254","f","Input"
"2835","2835","2835",1451933,1452100,167,"Space","Space","1425","254"," ","Input"
"2836","2836","2836",1452735,1453012,277,"w","w","1426","255","w","Input"
"2837","2837","2837",1452902,1453156,254,"e","e","1427","255","e","Input"
"2838","2838","2838",1453967,1454107,140,"Space","Space","1428","255"," ","Input"
"2839","2839","2839",1455798,1456307,509,"Backspace","Backspace","1427","255"," ","Remove/Cut"
"2840","2840","2840",1456307,1456331,24,"Backspace","Backspace","1426","255","e","Remove/Cut"
"2841","2841","2841",1456331,1456377,46,"Backspace","Backspace","1425","254","w","Remove/Cut"
"2842","2842","2842",1456377,1456408,31,"Backspace","Backspace","1424","254"," ","Remove/Cut"
"2843","2843","2843",1456408,1456439,31,"Backspace","Backspace","1423","254","f","Remove/Cut"
"2844","2844","2844",1456439,1456470,31,"Backspace","Backspace","1422","253","i","Remove/Cut"
"2845","2845","2845",1456470,1456502,32,"Backspace","Backspace","1421","253"," ","Remove/Cut"
"2846","2846","2846",1456502,1456533,31,"Backspace","Backspace","1420","253","d","Remove/Cut"
"2847","2847","2847",1456533,1456564,31,"Backspace","Backspace","1419","253","n","Remove/Cut"
"2848","2848","2848",1456564,1456594,30,"Backspace","Backspace","1418","252","a","Remove/Cut"
"2849","2849","2849",1456594,1456641,47,"Backspace","Backspace","1417","252"," ","Remove/Cut"
"2850","2850","2850",1456641,1456672,31,"Backspace","Backspace","1416","252",",","Remove/Cut"
"2851","2851","2851",1456672,1456684,12,"Backspace","Backspace","1415","252","l","Remove/Cut"
"2852","2852","2852",1457533,1457748,215,"l","l","1416","252","l","Input"
"2853","2853","2853",1458462,1458644,182,"Space","Space","1417","252"," ","Input"
"2854","2854","2854",1458831,1459131,300,"a","a","1418","253","a","Input"
"2855","2855","2855",1458942,1459196,254,"n","n","1419","253","n","Input"
"2856","2856","2856",1459062,1459244,182,"d","d","1420","253","d","Input"
"2857","2857","2857",1459222,1459364,142,"Space","Space","1421","253"," ","Input"
"2858","2858","2858",1459357,1459516,159,"t","t","1422","254","t","Input"
"2859","2859","2859",1459486,1459732,246,"h","h","1423","254","h","Input"
"2860","2860","2860",1459554,1459780,226,"a","a","1424","254","a","Input"
"2861","2861","2861",1459678,1459900,222,"t","t","1425","254","t","Input"
"2862","2862","2862",1459767,1459988,221,"Space","Space","1426","254"," ","Input"
"2863","2863","2863",1460078,1460411,333,"i","i","1427","255","i","Input"
"2864","2864","2864",1460299,1460515,216,"s","s","1428","255","s","Input"
"2865","2865","2865",1460329,1460571,242,"Space","Space","1429","255"," ","Input"
"2866","2866","2866",1461542,1461700,158,"j","j","1430","256","j","Input"
"2867","2867","2867",1461902,1462220,318,"u","u","1431","256","u","Input"
"2868","2868","2868",1461942,1462180,238,"s","s","1432","256","s","Input"
"2869","2869","2869",1462150,1462331,181,"t","t","1433","256","t","Input"
"2870","2870","2870",1462302,1462436,134,"Space","Space","1434","256"," ","Input"
"2871","2871","2871",1462462,1462604,142,"t","t","1435","257","t","Input"
"2872","2872","2872",1462573,1462852,279,"h","h","1436","257","h","Input"
"2873","2873","2873",1462734,1463011,277,"a","a","1437","257","a","Input"
"2874","2874","2874",1462815,1463156,341,"t","t","1438","257","t","Input"
"2875","2875","2875",1463286,1463620,334,".",".","1439","257",".","Input"
"2876","2876","2876",1463407,1463660,253,"Space","Space","1440","257"," ","Input"
"2877","2877","2877",1470855,1470855,0,"Shift","Shift","1440","257","NoChange","Nonproduction"
"2878","2878","2878",1471349,1471532,183,"W","W","1441","258","W","Input"
"2879","2879","2879",1472158,1472259,101,"Backspace","Backspace","1440","257","W","Remove/Cut"
"2880","2880","2880",1472359,1472359,0,"Shift","Shift","1440","257","NoChange","Nonproduction"
"2881","2881","2881",1472510,1472660,150,"P","P","1441","258","P","Input"
"2882","2882","2882",1473334,1473484,150,"Backspace","Backspace","1440","257","P","Remove/Cut"
"2883","2883","2883",1473981,1473981,0,"Shift","Shift","1440","257","NoChange","Nonproduction"
"2884","2884","2884",1474487,1474487,0,"Shift","Shift","1440","257","NoChange","Nonproduction"
"2885","2885","2885",1474513,1474513,0,"Shift","Shift","1440","257","NoChange","Nonproduction"
"2886","2886","2886",1474557,1474557,0,"Shift","Shift","1440","257","NoChange","Nonproduction"
"2887","2887","2887",1474586,1474586,0,"Shift","Shift","1440","257","NoChange","Nonproduction"
"2888","2888","2888",1474617,1474617,0,"Shift","Shift","1440","257","NoChange","Nonproduction"
"2889","2889","2889",1474647,1474647,0,"Shift","Shift","1440","257","NoChange","Nonproduction"
"2890","2890","2890",1474693,1474693,0,"Shift","Shift","1440","257","NoChange","Nonproduction"
"2891","2891","2891",1474715,1474715,0,"Shift","Shift","1440","257","NoChange","Nonproduction"
"2892","2892","2892",1474747,1474747,0,"Shift","Shift","1440","257","NoChange","Nonproduction"
"2893","2893","2893",1474787,1474787,0,"Shift","Shift","1440","257","NoChange","Nonproduction"
"2894","2894","2894",1474816,1474816,0,"Shift","Shift","1440","257","NoChange","Nonproduction"
"2895","2895","2895",1474847,1474847,0,"Shift","Shift","1440","257","NoChange","Nonproduction"
"2896","2896","2896",1474886,1474886,0,"Shift","Shift","1440","257","NoChange","Nonproduction"
"2897","2897","2897",1474916,1474916,0,"Shift","Shift","1440","257","NoChange","Nonproduction"
"2898","2898","2898",1474946,1474946,0,"Shift","Shift","1440","257","NoChange","Nonproduction"
"2899","2899","2899",1474976,1474976,0,"Shift","Shift","1440","257","NoChange","Nonproduction"
"2900","2900","2900",1475015,1475015,0,"Shift","Shift","1440","257","NoChange","Nonproduction"
"2901","2901","2901",1475045,1475045,0,"Shift","Shift","1440","257","NoChange","Nonproduction"
"2902","2902","2902",1475076,1475076,0,"Shift","Shift","1440","257","NoChange","Nonproduction"
"2903","2903","2903",1475116,1475116,0,"Shift","Shift","1440","257","NoChange","Nonproduction"
"2904","2904","2904",1475147,1475147,0,"Shift","Shift","1440","257","NoChange","Nonproduction"
"2905","2905","2905",1475177,1475177,0,"Shift","Shift","1440","257","NoChange","Nonproduction"
"2906","2906","2906",1475211,1475211,0,"Shift","Shift","1440","257","NoChange","Nonproduction"
"2907","2907","2907",1475239,1475239,0,"Shift","Shift","1440","257","NoChange","Nonproduction"
"2908","2908","2908",1475275,1475275,0,"Shift","Shift","1440","257","NoChange","Nonproduction"
"2909","2909","2909",1475300,1475300,0,"Shift","Shift","1440","257","NoChange","Nonproduction"
"2910","2910","2910",1475343,1475343,0,"Shift","Shift","1440","257","NoChange","Nonproduction"
"2911","2911","2911",1475369,1475369,0,"Shift","Shift","1440","257","NoChange","Nonproduction"
"2912","2912","2912",1475399,1475399,0,"Shift","Shift","1440","257","NoChange","Nonproduction"
"2913","2913","2913",1475444,1475444,0,"Shift","Shift","1440","257","NoChange","Nonproduction"
"2914","2914","2914",1475473,1475473,0,"Shift","Shift","1440","257","NoChange","Nonproduction"
"2915","2915","2915",1475502,1475502,0,"Shift","Shift","1440","257","NoChange","Nonproduction"
"2916","2916","2916",1475545,1475545,0,"Shift","Shift","1440","257","NoChange","Nonproduction"
"2917","2917","2917",1475577,1475577,0,"Shift","Shift","1440","257","NoChange","Nonproduction"
"2918","2918","2918",1475606,1475606,0,"Shift","Shift","1440","257","NoChange","Nonproduction"
"2919","2919","2919",1475636,1475636,0,"Shift","Shift","1440","257","NoChange","Nonproduction"
"2920","2920","2920",1475676,1475676,0,"Shift","Shift","1440","257","NoChange","Nonproduction"
"2921","2921","2921",1475706,1475706,0,"Shift","Shift","1440","257","NoChange","Nonproduction"
"2922","2922","2922",1475739,1475739,0,"Shift","Shift","1440","257","NoChange","Nonproduction"
"2923","2923","2923",1475776,1475776,0,"Shift","Shift","1440","257","NoChange","Nonproduction"
"2924","2924","2924",1475806,1475806,0,"Shift","Shift","1440","257","NoChange","Nonproduction"
"2925","2925","2925",1475836,1475836,0,"Shift","Shift","1440","257","NoChange","Nonproduction"
"2926","2926","2926",1475875,1475875,0,"Shift","Shift","1440","257","NoChange","Nonproduction"
"2927","2927","2927",1475905,1475905,0,"Shift","Shift","1440","257","NoChange","Nonproduction"
"2928","2928","2928",1475933,1475933,0,"Shift","Shift","1440","257","NoChange","Nonproduction"
"2929","2929","2929",1475966,1475966,0,"Shift","Shift","1440","257","NoChange","Nonproduction"
"2930","2930","2930",1476007,1476007,0,"Shift","Shift","1440","257","NoChange","Nonproduction"
"2931","2931","2931",1476037,1476037,0,"Shift","Shift","1440","257","NoChange","Nonproduction"
"2932","2932","2932",1476066,1476066,0,"Shift","Shift","1440","257","NoChange","Nonproduction"
"2933","2933","2933",1476107,1476107,0,"Shift","Shift","1440","257","NoChange","Nonproduction"
"2934","2934","2934",1476135,1476135,0,"Shift","Shift","1440","257","NoChange","Nonproduction"
"2935","2935","2935",1476164,1476164,0,"Shift","Shift","1440","257","NoChange","Nonproduction"
"2936","2936","2936",1476208,1476208,0,"Shift","Shift","1440","257","NoChange","Nonproduction"
"2937","2937","2937",1476232,1476232,0,"Shift","Shift","1440","257","NoChange","Nonproduction"
"2938","2938","2938",1476261,1476261,0,"Shift","Shift","1440","257","NoChange","Nonproduction"
"2939","2939","2939",1476297,1476297,0,"Shift","Shift","1440","257","NoChange","Nonproduction"
"2940","2940","2940",1476336,1476336,0,"Shift","Shift","1440","257","NoChange","Nonproduction"
"2941","2941","2941",1476366,1476366,0,"Shift","Shift","1440","257","NoChange","Nonproduction"
"2942","2942","2942",1476396,1476396,0,"Shift","Shift","1440","257","NoChange","Nonproduction"
"2943","2943","2943",1476437,1476437,0,"Shift","Shift","1440","257","NoChange","Nonproduction"
"2944","2944","2944",1476466,1476466,0,"Shift","Shift","1440","257","NoChange","Nonproduction"
"2945","2945","2945",1476496,1476496,0,"Shift","Shift","1440","257","NoChange","Nonproduction"
"2946","2946","2946",1476536,1476536,0,"Shift","Shift","1440","257","NoChange","Nonproduction"
"2947","2947","2947",1476566,1476566,0,"Shift","Shift","1440","257","NoChange","Nonproduction"
"2948","2948","2948",1476597,1476597,0,"Shift","Shift","1440","257","NoChange","Nonproduction"
"2949","2949","2949",1476626,1476626,0,"Shift","Shift","1440","257","NoChange","Nonproduction"
"2950","2950","2950",1476663,1476663,0,"Shift","Shift","1440","257","NoChange","Nonproduction"
"2951","2951","2951",1476672,1476852,180,"T","T","1441","258","T","Input"
"2952","2952","2952",1477077,1477283,206,"o","o","1442","258","o","Input"
"2953","2953","2953",1477213,1477380,167,"Space","Space","1443","258"," ","Input"
"2954","2954","2954",1477654,1477844,190,"b","b","1444","259","b","Input"
"2955","2955","2955",1477733,1477932,199,"e","e","1445","259","e","Input"
"2956","2956","2956",1477918,1478091,173,"Space","Space","1446","259"," ","Input"
"2957","2957","2957",1478163,1478356,193,"r","r","1447","260","r","Input"
"2958","2958","2958",1478264,1478452,188,"e","e","1448","260","e","Input"
"2959","2959","2959",1478555,1478700,145,"c","c","1449","260","c","Input"
"2960","2960","2960",1478654,1478940,286,"o","o","1450","260","o","Input"
"2961","2961","2961",1478862,1479068,206,"g","g","1451","260","g","Input"
"2962","2962","2962",1479029,1479340,311,"n","n","1452","260","n","Input"
"2963","2963","2963",1479198,1479404,206,"i","i","1453","260","i","Input"
"2964","2964","2964",1479310,1479564,254,"z","z","1454","260","z","Input"
"2965","2965","2965",1479534,1479676,142,"e","e","1455","260","e","Input"
"2966","2966","2966",1479798,1480004,206,"d","d","1456","260","d","Input"
"2967","2967","2967",1481102,1481331,229,"Space","Space","1457","260"," ","Input"
"2968","2968","2968",1481279,1481428,149,"f","f","1458","261","f","Input"
"2969","2969","2969",1481412,1481676,264,"o","o","1459","261","o","Input"
"2970","2970","2970",1481548,1481708,160,"r","r","1460","261","r","Input"
"2971","2971","2971",1481662,1481860,198,"Space","Space","1461","261"," ","Input"
"2972","2972","2972",1482134,1482292,158,"h","h","1462","262","h","Input"
"2973","2973","2973",1482217,1482355,138,"a","a","1463","262","a","Input"
"2974","2974","2974",1482413,1482556,143,"v","v","1464","262","v","Input"
"2975","2975","2975",1482518,1482756,238,"i","i","1465","262","i","Input"
"2976","2976","2976",1482622,1482964,342,"n","n","1466","262","n","Input"
"2977","2977","2977",1482742,1482980,238,"g","g","1467","262","g","Input"
"2978","2978","2978",1482916,1483132,216,"Space","Space","1468","262"," ","Input"
"2979","2979","2979",1483526,1483772,246,"a","a","1469","263","a","Input"
"2980","2980","2980",1483646,1483844,198,"Space","Space","1470","263"," ","Input"
"2981","2981","2981",1484178,1484298,120,"t","t","1471","264","t","Input"
"2982","2982","2982",1484287,1484635,348,"a","a","1472","264","a","Input"
"2983","2983","2983",1484445,1484660,215,"l","l","1473","264","l","Input"
"2984","2984","2984",1484631,1484868,237,"e","e","1474","264","e","Input"
"2985","2985","2985",1484902,1485172,270,"n","n","1475","264","n","Input"
"2986","2986","2986",1485047,1485211,164,"t","t","1476","264","t","Input"
"2987","2987","2987",1485194,1485364,170,"Space","Space","1477","264"," ","Input"
"2988","2988","2988",1485357,1485508,151,"t","t","1478","265","t","Input"
"2989","2989","2989",1485542,1485748,206,"h","h","1479","265","h","Input"
"2990","2990","2990",1485614,1485828,214,"a","a","1480","265","a","Input"
"2991","2991","2991",1485686,1485860,174,"t","t","1481","265","t","Input"
"2992","2992","2992",1485823,1485996,173,"Space","Space","1482","265"," ","Input"
"2993","2993","2993",1485982,1486252,270,"o","o","1483","266","o","Input"
"2994","2994","2994",1486094,1486300,206,"u","u","1484","266","u","Input"
"2995","2995","2995",1486198,1486348,150,"t","t","1485","266","t","Input"
"2996","2996","2996",1486695,1486860,165,"s","s","1486","266","s","Input"
"2997","2997","2997",1486806,1486948,142,"h","h","1487","266","h","Input"
"2998","2998","2998",1486942,1487244,302,"i","i","1488","266","i","Input"
"2999","2999","2999",1487062,1487353,291,"n","n","1489","266","n","Input"
"3000","3000","3000",1487278,1487363,85,"e","e","1490","266","e","Input"
"3001","3001","3001",1487294,1487427,133,"s","s","1491","266","s","Input"
"3002","3002","3002",1487419,1487588,169,"Space","Space","1492","266"," ","Input"
"3003","3003","3003",1487574,1487780,206,"o","o","1493","267","o","Input"
"3004","3004","3004",1487766,1487996,230,"t","t","1494","267","t","Input"
"3005","3005","3005",1487926,1488172,246,"h","h","1495","267","h","Input"
"3006","3006","3006",1488070,1488323,253,"e","e","1496","267","e","Input"
"3007","3007","3007",1488207,1488372,165,"r","r","1497","267","r","Input"
"3008","3008","3008",1488783,1488940,157,"s","s","1498","267","s","Input"
"3009","3009","3009",1489678,1489877,199,"Space","Space","1499","267"," ","Input"
"3010","3010","3010",1490038,1490307,269,"i","i","1500","268","i","Input"
"3011","3011","3011",1490183,1490297,114,"s","s","1501","268","s","Input"
"3012","3012","3012",1490248,1490420,172,"Space","Space","1502","268"," ","Input"
"3013","3013","3013",1490404,1490516,112,"s","s","1503","269","s","Input"
"3014","3014","3014",1490509,1490796,287,"o","o","1504","269","o","Input"
"3015","3015","3015",1490629,1490780,151,"m","m","1505","269","m","Input"
"3016","3016","3016",1490750,1490964,214,"e","e","1506","269","e","Input"
"3017","3017","3017",1490902,1491076,174,"t","t","1507","269","t","Input"
"3018","3018","3018",1491014,1491116,102,"h","h","1508","269","h","Input"
"3019","3019","3019",1491150,1491460,310,"i","i","1509","269","i","Input"
"3020","3020","3020",1491254,1491533,279,"n","n","1510","269","n","Input"
"3021","3021","3021",1491351,1491515,164,"g","g","1511","269","g","Input"
"3022","3022","3022",1491494,1491732,238,"Space","Space","1512","269"," ","Input"
"3023","3023","3023",1494391,1494612,221,"w","w","1513","270","w","Input"
"3024","3024","3024",1494517,1494676,159,"e","e","1514","270","e","Input"
"3025","3025","3025",1494742,1494884,142,"Space","Space","1515","270"," ","Input"
"3026","3026","3026",1495207,1495356,149,"s","s","1516","271","s","Input"
"3027","3027","3027",1495830,1495924,94,"Backspace","Backspace","1515","270","s","Remove/Cut"
"3028","3028","3028",1495982,1496140,158,"a","a","1516","271","a","Input"
"3029","3029","3029",1496110,1496180,70,"l","l","1517","271","l","Input"
"3030","3030","3030",1496280,1496444,164,"l","l","1518","271","l","Input"
"3031","3031","3031",1496368,1496516,148,"Space","Space","1519","271"," ","Input"
"3032","3032","3032",1496541,1496708,167,"s","s","1520","272","s","Input"
"3033","3033","3033",1496693,1496772,79,"t","t","1521","272","t","Input"
"3034","3034","3034",1496878,1497035,157,"r","r","1522","272","r","Input"
"3035","3035","3035",1497004,1497164,160,"i","i","1523","272","i","Input"
"3036","3036","3036",1497528,1497772,244,"v","v","1524","272","v","Input"
"3037","3037","3037",1497694,1497948,254,"e","e","1525","272","e","Input"
"3038","3038","3038",1497934,1498124,190,"Space","Space","1526","272"," ","Input"
"3039","3039","3039",1498262,1498388,126,"f","f","1527","273","f","Input"
"3040","3040","3040",1498486,1498740,254,"o","o","1528","273","o","Input"
"3041","3041","3041",1498605,1498820,215,"r","r","1529","273","r","Input"
"3042","3042","3042",1501214,1501436,222,"Space","Space","1530","273"," ","Input"
"3043","3043","3043",1501463,1501668,205,"i","i","1531","274","i","Input"
"3044","3044","3044",1501662,1501700,38,"f","f","1532","274","f","Input"
"3045","3045","3045",1502830,1502919,89,"Backspace","Backspace","1531","274","f","Remove/Cut"
"3046","3046","3046",1503048,1503141,93,"Backspace","Backspace","1530","273","i","Remove/Cut"
"3047","3047","3047",1505886,1506126,240,"w","w","1531","274","w","Input"
"3048","3048","3048",1506111,1506230,119,"h","h","1532","274","h","Input"
"3049","3049","3049",1506271,1506509,238,"e","e","1533","274","e","Input"
"3050","3050","3050",1506416,1506749,333,"n","n","1534","274","n","Input"
"3051","3051","3051",1506608,1506838,230,"Space","Space","1535","274"," ","Input"
"3052","3052","3052",1507752,1507990,238,"c","c","1536","275","c","Input"
"3053","3053","3053",1507928,1508150,222,"o","o","1537","275","o","Input"
"3054","3054","3054",1508104,1508253,149,"m","m","1538","275","m","Input"
"3055","3055","3055",1508323,1508581,258,"p","p","1539","275","p","Input"
"3056","3056","3056",1508473,1508677,204,"e","e","1540","275","e","Input"
"3057","3057","3057",1508647,1508861,214,"t","t","1541","275","t","Input"
"3058","3058","3058",1508846,1508989,143,"i","i","1542","275","i","Input"
"3059","3059","3059",1508937,1509118,181,"t","t","1543","275","t","Input"
"3060","3060","3060",1509078,1509325,247,"i","i","1544","275","i","Input"
"3061","3061","3061",1509255,1509437,182,"v","v","1545","275","v","Input"
"3062","3062","3062",1509359,1509525,166,"e","e","1546","275","e","Input"
"3063","3063","3063",1509575,1509710,135,".",".","1547","275",".","Input"
"3064","3064","3064",1558685,1558792,107,"Leftclick","Leftclick","1547","275","NoChange","Nonproduction"
"3065","3065","3065",1564055,1564204,149,"Space","Space","1548","275"," ","Input"
"3066","3066","3066",1569016,1569016,0,"Shift","Shift","1548","275","NoChange","Nonproduction"
"3067","3067","3067",1569150,1569264,114,"J","J","1549","276","J","Input"
"3068","3068","3068",1569397,1569580,183,"u","u","1550","276","u","Input"
"3069","3069","3069",1569563,1569692,129,"s","s","1551","276","s","Input"
"3070","3070","3070",1569823,1570028,205,"t","t","1552","276","t","Input"
"3071","3071","3071",1570311,1570484,173,"Space","Space","1553","276"," ","Input"
"3072","3072","3072",1570519,1570692,173,"w","w","1554","277","w","Input"
"3073","3073","3073",1570671,1570828,157,"r","r","1555","277","r","Input"
"3074","3074","3074",1570815,1570956,141,"i","i","1556","277","i","Input"
"3075","3075","3075",1571014,1571140,126,"g","g","1557","277","g","Input"
"3076","3076","3076",1571094,1571332,238,"i","i","1558","277","i","Input"
"3077","3077","3077",1571230,1571403,173,"n","n","1559","277","n","Input"
"3078","3078","3078",1571662,1571740,78,"Backspace","Backspace","1558","277","n","Remove/Cut"
"3079","3079","3079",1571834,1571892,58,"Backspace","Backspace","1557","277","i","Remove/Cut"
"3080","3080","3080",1571975,1572020,45,"Backspace","Backspace","1556","277","g","Remove/Cut"
"3081","3081","3081",1572055,1572140,85,"t","t","1557","277","t","Input"
"3082","3082","3082",1572303,1572652,349,"i","i","1558","277","i","Input"
"3083","3083","3083",1572423,1572628,205,"n","n","1559","277","n","Input"
"3084","3084","3084",1572495,1572668,173,"g","g","1560","277","g","Input"
"3085","3085","3085",1572623,1572796,173,"Space","Space","1561","277"," ","Input"
"3086","3086","3086",1572791,1572964,173,"t","t","1562","278","t","Input"
"3087","3087","3087",1572896,1573148,252,"h","h","1563","278","h","Input"
"3088","3088","3088",1573022,1573388,366,"i","i","1564","278","i","Input"
"3089","3089","3089",1573143,1573332,189,"s","s","1565","278","s","Input"
"3090","3090","3090",1573303,1573476,173,"Space","Space","1566","278"," ","Input"
"3091","3091","3091",1573565,1573692,127,"p","p","1567","279","p","Input"
"3092","3092","3092",1573671,1573820,149,"r","r","1568","279","r","Input"
"3093","3093","3093",1573808,1574060,252,"o","o","1569","279","o","Input"
"3094","3094","3094",1573887,1574116,229,"m","m","1570","279","m","Input"
"3095","3095","3095",1574023,1574165,142,"t","t","1571","279","t","Input"
"3096","3096","3096",1574687,1574788,101,"Backspace","Backspace","1570","279","t","Remove/Cut"
"3097","3097","3097",1574943,1575076,133,"p","p","1571","279","p","Input"
"3098","3098","3098",1575018,1575156,138,"t","t","1572","279","t","Input"
"3099","3099","3099",1575316,1575444,128,",",",","1573","279",",","Input"
"3100","3100","3100",1575424,1575588,164,"Space","Space","1574","279"," ","Input"
"3101","3101","3101",1575719,1575908,189,"i","i","1575","280","i","Input"
"3102","3102","3102",1575783,1575980,197,"n","n","1576","280","n","Input"
"3103","3103","3103",1575967,1576108,141,"Space","Space","1577","280"," ","Input"
"3104","3104","3104",1576069,1576196,127,"m","m","1578","281","m","Input"
"3105","3105","3105",1576346,1576492,146,"y","y","1579","281","y","Input"
"3106","3106","3106",1576431,1576588,157,"Space","Space","1580","281"," ","Input"
"3107","3107","3107",1576647,1576748,101,"m","m","1581","282","m","Input"
"3108","3108","3108",1576855,1577012,157,"i","i","1582","282","i","Input"
"3109","3109","3109",1576953,1577157,204,"n","n","1583","282","n","Input"
"3110","3110","3110",1577055,1577252,197,"d","d","1584","282","d","Input"
"3111","3111","3111",1577432,1577580,148,"Space","Space","1585","282"," ","Input"
"3112","3112","3112",1577615,1577615,0,"Shift","Shift","1585","282","NoChange","Nonproduction"
"3113","3113","3113",1577680,1577916,236,"I","i","1586","283","I","Input"
"3114","3114","3114",1577800,1578012,212,"Space","Space","1587","283"," ","Input"
"3115","3115","3115",1578137,1578332,195,"a","a","1588","284","a","Input"
"3116","3116","3116",1578220,1578356,136,"m","m","1589","284","m","Input"
"3117","3117","3117",1578317,1578460,143,"Space","Space","1590","284"," ","Input"
"3118","3118","3118",1578511,1578684,173,"t","t","1591","285","t","Input"
"3119","3119","3119",1578623,1578756,133,"h","h","1592","285","h","Input"
"3120","3120","3120",1578742,1579004,262,"i","i","1593","285","i","Input"
"3121","3121","3121",1578967,1579188,221,"n","n","1594","285","n","Input"
"3122","3122","3122",1579135,1579236,101,"k","k","1595","285","k","Input"
"3123","3123","3123",1579394,1579676,282,"i","i","1596","285","i","Input"
"3124","3124","3124",1579472,1579836,364,"n","n","1597","285","n","Input"
"3125","3125","3125",1579757,1579980,223,"g","g","1598","285","g","Input"
"3126","3126","3126",1581024,1581212,188,"Space","Space","1599","285"," ","Input"
"3127","3127","3127",1581375,1581645,270,"h","h","1600","286","h","Input"
"3128","3128","3128",1581519,1581820,301,"o","o","1601","286","o","Input"
"3129","3129","3129",1581632,1581884,252,"w","w","1602","286","w","Input"
"3130","3130","3130",1581791,1582044,253,"Space","Space","1603","286"," ","Input"
"3131","3131","3131",1582079,1582079,0,"Shift","Shift","1603","286","NoChange","Nonproduction"
"3132","3132","3132",1582215,1582500,285,"I","i","1604","287","I","Input"
"3133","3133","3133",1582323,1582588,265,"Space","Space","1605","287"," ","Input"
"3134","3134","3134",1583169,1583276,107,"h","h","1606","288","h","Input"
"3135","3135","3135",1583437,1583860,423,"o","o","1607","288","o","Input"
"3136","3136","3136",1583567,1583795,228,"p","p","1608","288","p","Input"
"3137","3137","3137",1583630,1583812,182,"e","e","1609","288","e","Input"
"3138","3138","3138",1583751,1583988,237,"Space","Space","1610","288"," ","Input"
"3139","3139","3139",1584040,1584268,228,"t","t","1611","289","t","Input"
"3140","3140","3140",1584151,1584420,269,"o","o","1612","289","o","Input"
"3141","3141","3141",1584255,1584476,221,"Space","Space","1613","289"," ","Input"
"3142","3142","3142",1590063,1590124,61,"Backspace","Backspace","1612","289"," ","Remove/Cut"
"3143","3143","3143",1590225,1590260,35,"Backspace","Backspace","1611","289","o","Remove/Cut"
"3144","3144","3144",1590887,1591028,141,"o","o","1612","289","o","Input"
"3145","3145","3145",1591015,1591092,77,"Space","Space","1613","289"," ","Input"
"3146","3146","3146",1591119,1591244,125,"h","h","1614","290","h","Input"
"3147","3147","3147",1591231,1591396,165,"a","a","1615","290","a","Input"
"3148","3148","3148",1591446,1591596,150,"v","v","1616","290","v","Input"
"3149","3149","3149",1591537,1591772,235,"e","e","1617","290","e","Input"
"3150","3150","3150",1591687,1591852,165,"Space","Space","1618","290"," ","Input"
"3151","3151","3151",1591903,1592036,133,"d","d","1619","291","d","Input"
"3152","3152","3152",1591975,1592212,237,"o","o","1620","291","o","Input"
"3153","3153","3153",1592103,1592348,245,"n","n","1621","291","n","Input"
"3154","3154","3154",1592170,1592364,194,"e","e","1622","291","e","Input"
"3155","3155","3155",1592296,1592444,148,"Space","Space","1623","291"," ","Input"
"3156","3156","3156",1592431,1592596,165,"a","a","1624","292","a","Input"
"3157","3157","3157",1592538,1592716,178,"Space","Space","1625","292"," ","Input"
"3158","3158","3158",1592740,1592993,253,"b","b","1626","293","b","Input"
"3159","3159","3159",1592863,1593052,189,"e","e","1627","293","e","Input"
"3160","3160","3160",1592976,1593092,116,"t","t","1628","293","t","Input"
"3161","3161","3161",1593175,1593308,133,"t","t","1629","293","t","Input"
"3162","3162","3162",1593343,1593548,205,"e","e","1630","293","e","Input"
"3163","3163","3163",1593447,1593588,141,"r","r","1631","293","r","Input"
"3164","3164","3164",1593575,1593732,157,"Space","Space","1632","293"," ","Input"
"3165","3165","3165",1593816,1593980,164,"j","j","1633","294","j","Input"
"3166","3166","3166",1593937,1594100,163,"o","o","1634","294","o","Input"
"3167","3167","3167",1594222,1594428,206,"b","b","1635","294","b","Input"
"3168","3168","3168",1594479,1594636,157,"Space","Space","1636","294"," ","Input"
"3169","3169","3169",1594663,1594820,157,"t","t","1637","295","t","Input"
"3170","3170","3170",1594800,1594940,140,"h","h","1638","295","h","Input"
"3171","3171","3171",1594928,1595172,244,"a","a","1639","295","a","Input"
"3172","3172","3172",1595055,1595228,173,"n","n","1640","295","n","Input"
"3173","3173","3173",1595200,1595395,195,"Space","Space","1641","295"," ","Input"
"3174","3174","3174",1595361,1595675,314,"o","o","1642","296","o","Input"
"3175","3175","3175",1595526,1595699,173,"t","t","1643","296","t","Input"
"3176","3176","3176",1595658,1595868,210,"h","h","1644","296","h","Input"
"3177","3177","3177",1595790,1596028,238,"e","e","1645","296","e","Input"
"3178","3178","3178",1595893,1596076,183,"r","r","1646","296","r","Input"
"3179","3179","3179",1596495,1596716,221,"s","s","1647","296","s","Input"
"3180","3180","3180",1596672,1596836,164,"Space","Space","1648","296"," ","Input"
"3181","3181","3181",1596951,1597220,269,"w","w","1649","297","w","Input"
"3182","3182","3182",1597103,1597396,293,"h","h","1650","297","h","Input"
"3183","3183","3183",1597288,1597604,316,"o","o","1651","297","o","Input"
"3184","3184","3184",1597431,1597636,205,"Space","Space","1652","297"," ","Input"
"3185","3185","3185",1598048,1598299,251,"a","a","1653","298","a","Input"
"3186","3186","3186",1598192,1598436,244,"r","r","1654","298","r","Input"
"3187","3187","3187",1598280,1598516,236,"e","e","1655","298","e","Input"
"3188","3188","3188",1598480,1598644,164,"Space","Space","1656","298"," ","Input"
"3189","3189","3189",1598672,1598836,164,"d","d","1657","299","d","Input"
"3190","3190","3190",1598823,1599107,284,"o","o","1658","299","o","Input"
"3191","3191","3191",1598971,1599212,241,"i","i","1659","299","i","Input"
"3192","3192","3192",1599098,1599372,274,"n","n","1660","299","n","Input"
"3193","3193","3193",1599191,1599348,157,"g","g","1661","299","g","Input"
"3194","3194","3194",1599326,1599500,174,"Space","Space","1662","299"," ","Input"
"3195","3195","3195",1599535,1599724,189,"t","t","1663","300","t","Input"
"3196","3196","3196",1599663,1599916,253,"h","h","1664","300","h","Input"
"3197","3197","3197",1599816,1600172,356,"i","i","1665","300","i","Input"
"3198","3198","3198",1599952,1600044,92,"s","s","1666","300","s","Input"
"3199","3199","3199",1600015,1600212,197,"Space","Space","1667","300"," ","Input"
"3200","3200","3200",1600199,1600428,229,"s","s","1668","301","s","Input"
"3201","3201","3201",1600351,1600693,342,"a","a","1669","301","a","Input"
"3202","3202","3202",1600463,1600916,453,"m","m","1670","301","m","Input"
"3203","3203","3203",1600615,1600892,277,"e","e","1671","301","e","Input"
"3204","3204","3204",1600776,1601012,236,"Space","Space","1672","301"," ","Input"
"3205","3205","3205",1601143,1601299,156,"p","p","1673","302","p","Input"
"3206","3206","3206",1601267,1601461,194,"r","r","1674","302","r","Input"
"3207","3207","3207",1601460,1601820,360,"o","o","1675","302","o","Input"
"3208","3208","3208",1601539,1601895,356,"m","m","1676","302","m","Input"
"3209","3209","3209",1601662,1601896,234,"t","t","1677","302","t","Input"
"3210","3210","3210",1602335,1602444,109,"Backspace","Backspace","1676","302","t","Remove/Cut"
"3211","3211","3211",1602663,1602796,133,"p","p","1677","302","p","Input"
"3212","3212","3212",1602695,1602892,197,"t","t","1678","302","t","Input"
"3213","3213","3213",1604767,1604940,173,".",".","1679","302",".","Input"
"3214","3214","3214",1606558,1606748,190,"Space","Space","1680","302"," ","Input"
"3215","3215","3215",1606695,1606695,0,"Shift","Shift","1680","302","NoChange","Nonproduction"
"3216","3216","3216",1606863,1607036,173,"I","i","1681","303","I","Input"
"3217","3217","3217",1606943,1607108,165,"Space","Space","1682","303"," ","Input"
"3218","3218","3218",1607162,1607323,161,"d","d","1683","304","d","Input"
"3219","3219","3219",1607242,1607395,153,"o","o","1684","304","o","Input"
"3220","3220","3220",1607368,1607628,260,"n","n","1685","304","n","Input"
"3221","3221","3221",1607569,1607844,275,"'","'","1686","304","'","Input"
"3222","3222","3222",1607783,1607940,157,"t","t","1687","304","t","Input"
"3223","3223","3223",1607903,1608100,197,"Space","Space","1688","304"," ","Input"
"3224","3224","3224",1608079,1608311,232,"w","w","1689","305","w","Input"
"3225","3225","3225",1608190,1608556,366,"a","a","1690","305","a","Input"
"3226","3226","3226",1608287,1608476,189,"n","n","1691","305","n","Input"
"3227","3227","3227",1609079,1609252,173,"'","'","1692","305","'","Input"
"3228","3228","3228",1609195,1609372,177,"t","t","1693","305","t","Input"
"3229","3229","3229",1610183,1610689,506,"Backspace","Backspace","1692","305","t","Remove/Cut"
"3230","3230","3230",1610689,1610729,40,"Backspace","Backspace","1691","305","'","Remove/Cut"
"3231","3231","3231",1610729,1610761,32,"Backspace","Backspace","1690","305","n","Remove/Cut"
"3232","3232","3232",1610761,1610792,31,"Backspace","Backspace","1689","305","a","Remove/Cut"
"3233","3233","3233",1610792,1610822,30,"Backspace","Backspace","1688","304","w","Remove/Cut"
"3234","3234","3234",1610822,1610855,33,"Backspace","Backspace","1687","304"," ","Remove/Cut"
"3235","3235","3235",1610855,1610894,39,"Backspace","Backspace","1686","304","t","Remove/Cut"
"3236","3236","3236",1610894,1610927,33,"Backspace","Backspace","1685","304","'","Remove/Cut"
"3237","3237","3237",1610927,1610958,31,"Backspace","Backspace","1684","304","n","Remove/Cut"
"3238","3238","3238",1610958,1610987,29,"Backspace","Backspace","1683","304","o","Remove/Cut"
"3239","3239","3239",1610987,1611009,22,"Backspace","Backspace","1682","303","d","Remove/Cut"
"3240","3240","3240",1611009,1611028,19,"Backspace","Backspace","1681","303"," ","Remove/Cut"
"3241","3241","3241",1611328,1611468,140,"Backspace","Backspace","1680","302","I","Remove/Cut"
"3242","3242","3242",1611615,1611732,117,"Backspace","Backspace","1679","302"," ","Remove/Cut"
"3243","3243","3243",1612823,1612997,174,"ArrowUp","ArrowUp","1552","302","NoChange","Nonproduction"
"3244","3244","3244",1613264,1613412,148,"ArrowLeft","ArrowLeft","1551","302","NoChange","Nonproduction"
"3245","3245","3245",1613484,1613597,113,"ArrowLeft","ArrowLeft","1550","302","NoChange","Nonproduction"
"3246","3246","3246",1613671,1613788,117,"ArrowLeft","ArrowLeft","1549","302","NoChange","Nonproduction"
"3247","3247","3247",1613863,1613989,126,"ArrowLeft","ArrowLeft","1548","302","NoChange","Nonproduction"
"3248","3248","3248",1616429,1616429,0,"Shift","Shift","1548","302","NoChange","Nonproduction"
"3249","3249","3249",1616582,1616748,166,"F","f","1549","302","F","Input"
"3250","3250","3250",1616839,1617100,261,"o","o","1550","302","o","Input"
"3251","3251","3251",1616934,1617084,150,"r","r","1551","302","r","Input"
"3252","3252","3252",1617073,1617204,131,"Space","Space","1552","303"," ","Input"
"3253","3253","3253",1617199,1617284,85,"e","e","1553","303","e","Input"
"3254","3254","3254",1617463,1617636,173,"x","x","1554","303","x","Input"
"3255","3255","3255",1617602,1617828,226,"a","a","1555","303","a","Input"
"3256","3256","3256",1617743,1617892,149,"m","m","1556","303","m","Input"
"3257","3257","3257",1617920,1618180,260,"p","p","1557","303","p","Input"
"3258","3258","3258",1618023,1618196,173,"l","l","1558","303","l","Input"
"3259","3259","3259",1618111,1618260,149,"e","e","1559","303","e","Input"
"3260","3260","3260",1618766,1618948,182,",",",","1560","303",",","Input"
"3261","3261","3261",1619528,1619668,140,"Space","Space","1561","304"," ","Input"
"3262","3262","3262",1621421,1621529,108,"Leftclick","Leftclick","1692","304","NoChange","Nonproduction"
"3263","3263","3263",1629751,1629956,205,"Space","Space","1693","304"," ","Input"
"3264","3264","3264",1632368,1632368,0,"Shift","Shift","1693","304","NoChange","Nonproduction"
"3265","3265","3265",1632869,1632869,0,"Shift","Shift","1693","304","NoChange","Nonproduction"
"3266","3266","3266",1632898,1632898,0,"Shift","Shift","1693","304","NoChange","Nonproduction"
"3267","3267","3267",1632928,1632928,0,"Shift","Shift","1693","304","NoChange","Nonproduction"
"3268","3268","3268",1632964,1632964,0,"Shift","Shift","1693","304","NoChange","Nonproduction"
"3269","3269","3269",1632994,1632994,0,"Shift","Shift","1693","304","NoChange","Nonproduction"
"3270","3270","3270",1633031,1633031,0,"Shift","Shift","1693","304","NoChange","Nonproduction"
"3271","3271","3271",1633068,1633068,0,"Shift","Shift","1693","304","NoChange","Nonproduction"
"3272","3272","3272",1633097,1633097,0,"Shift","Shift","1693","304","NoChange","Nonproduction"
"3273","3273","3273",1633121,1633121,0,"Shift","Shift","1693","304","NoChange","Nonproduction"
"3274","3274","3274",1633155,1633155,0,"Shift","Shift","1693","304","NoChange","Nonproduction"
"3275","3275","3275",1633188,1633188,0,"Shift","Shift","1693","304","NoChange","Nonproduction"
"3276","3276","3276",1633226,1633226,0,"Shift","Shift","1693","304","NoChange","Nonproduction"
"3277","3277","3277",1633255,1633255,0,"Shift","Shift","1693","304","NoChange","Nonproduction"
"3278","3278","3278",1633298,1633298,0,"Shift","Shift","1693","304","NoChange","Nonproduction"
"3279","3279","3279",1633327,1633327,0,"Shift","Shift","1693","304","NoChange","Nonproduction"
"3280","3280","3280",1633358,1633358,0,"Shift","Shift","1693","304","NoChange","Nonproduction"
"3281","3281","3281",1633398,1633398,0,"Shift","Shift","1693","304","NoChange","Nonproduction"
"3282","3282","3282",1633427,1633427,0,"Shift","Shift","1693","304","NoChange","Nonproduction"
"3283","3283","3283",1633458,1633458,0,"Shift","Shift","1693","304","NoChange","Nonproduction"
"3284","3284","3284",1633488,1633488,0,"Shift","Shift","1693","304","NoChange","Nonproduction"
"3285","3285","3285",1633523,1633523,0,"Shift","Shift","1693","304","NoChange","Nonproduction"
"3286","3286","3286",1633558,1633558,0,"Shift","Shift","1693","304","NoChange","Nonproduction"
"3287","3287","3287",1633582,1633804,222,"S","S","1694","305","S","Input"
"3288","3288","3288",1634967,1635220,253,"o","o","1695","305","o","Input"
"3289","3289","3289",1635255,1635396,141,"Space","Space","1696","305"," ","Input"
"3290","3290","3290",1636143,1636236,93,"Backspace","Backspace","1695","305"," ","Remove/Cut"
"3291","3291","3291",1636359,1636444,85,"Backspace","Backspace","1694","305","o","Remove/Cut"
"3292","3292","3292",1636555,1636660,105,"Backspace","Backspace","1693","304","S","Remove/Cut"
"3293","3293","3293",1638023,1638023,0,"Shift","Shift","1693","304","NoChange","Nonproduction"
"3294","3294","3294",1638528,1638528,0,"Shift","Shift","1693","304","NoChange","Nonproduction"
"3295","3295","3295",1638558,1638558,0,"Shift","Shift","1693","304","NoChange","Nonproduction"
"3296","3296","3296",1638588,1638588,0,"Shift","Shift","1693","304","NoChange","Nonproduction"
"3297","3297","3297",1638621,1638621,0,"Shift","Shift","1693","304","NoChange","Nonproduction"
"3298","3298","3298",1638657,1638657,0,"Shift","Shift","1693","304","NoChange","Nonproduction"
"3299","3299","3299",1638686,1638686,0,"Shift","Shift","1693","304","NoChange","Nonproduction"
"3300","3300","3300",1638727,1638727,0,"Shift","Shift","1693","304","NoChange","Nonproduction"
"3301","3301","3301",1638757,1638757,0,"Shift","Shift","1693","304","NoChange","Nonproduction"
"3302","3302","3302",1638787,1638787,0,"Shift","Shift","1693","304","NoChange","Nonproduction"
"3303","3303","3303",1638827,1638827,0,"Shift","Shift","1693","304","NoChange","Nonproduction"
"3304","3304","3304",1638857,1638857,0,"Shift","Shift","1693","304","NoChange","Nonproduction"
"3305","3305","3305",1638884,1638884,0,"Shift","Shift","1693","304","NoChange","Nonproduction"
"3306","3306","3306",1638915,1638915,0,"Shift","Shift","1693","304","NoChange","Nonproduction"
"3307","3307","3307",1638956,1638956,0,"Shift","Shift","1693","304","NoChange","Nonproduction"
"3308","3308","3308",1638987,1638987,0,"Shift","Shift","1693","304","NoChange","Nonproduction"
"3309","3309","3309",1639028,1639028,0,"Shift","Shift","1693","304","NoChange","Nonproduction"
"3310","3310","3310",1639057,1639057,0,"Shift","Shift","1693","304","NoChange","Nonproduction"
"3311","3311","3311",1639088,1639088,0,"Shift","Shift","1693","304","NoChange","Nonproduction"
"3312","3312","3312",1639118,1639118,0,"Shift","Shift","1693","304","NoChange","Nonproduction"
"3313","3313","3313",1639158,1639158,0,"Shift","Shift","1693","304","NoChange","Nonproduction"
"3314","3314","3314",1639188,1639188,0,"Shift","Shift","1693","304","NoChange","Nonproduction"
"3315","3315","3315",1639218,1639218,0,"Shift","Shift","1693","304","NoChange","Nonproduction"
"3316","3316","3316",1639249,1639249,0,"Shift","Shift","1693","304","NoChange","Nonproduction"
"3317","3317","3317",1639288,1639288,0,"Shift","Shift","1693","304","NoChange","Nonproduction"
"3318","3318","3318",1639317,1639317,0,"Shift","Shift","1693","304","NoChange","Nonproduction"
"3319","3319","3319",1639347,1639347,0,"Shift","Shift","1693","304","NoChange","Nonproduction"
"3320","3320","3320",1639388,1639388,0,"Shift","Shift","1693","304","NoChange","Nonproduction"
"3321","3321","3321",1639411,1639411,0,"Shift","Shift","1693","304","NoChange","Nonproduction"
"3322","3322","3322",1639443,1639443,0,"Shift","Shift","1693","304","NoChange","Nonproduction"
"3323","3323","3323",1639486,1639486,0,"Shift","Shift","1693","304","NoChange","Nonproduction"
"3324","3324","3324",1639516,1639516,0,"Shift","Shift","1693","304","NoChange","Nonproduction"
"3325","3325","3325",1639548,1639548,0,"Shift","Shift","1693","304","NoChange","Nonproduction"
"3326","3326","3326",1639577,1639577,0,"Shift","Shift","1693","304","NoChange","Nonproduction"
"3327","3327","3327",1639615,1639615,0,"Shift","Shift","1693","304","NoChange","Nonproduction"
"3328","3328","3328",1639644,1639644,0,"Shift","Shift","1693","304","NoChange","Nonproduction"
"3329","3329","3329",1639673,1639673,0,"Shift","Shift","1693","304","NoChange","Nonproduction"
"3330","3330","3330",1639714,1639714,0,"Shift","Shift","1693","304","NoChange","Nonproduction"
"3331","3331","3331",1639748,1639748,0,"Shift","Shift","1693","304","NoChange","Nonproduction"
"3332","3332","3332",1639778,1639778,0,"Shift","Shift","1693","304","NoChange","Nonproduction"
"3333","3333","3333",1639818,1639818,0,"Shift","Shift","1693","304","NoChange","Nonproduction"
"3334","3334","3334",1639848,1639848,0,"Shift","Shift","1693","304","NoChange","Nonproduction"
"3335","3335","3335",1639876,1639876,0,"Shift","Shift","1693","304","NoChange","Nonproduction"
"3336","3336","3336",1639977,1640076,99,"Space","Space","1694","304"," ","Input"
"3337","3337","3337",1640487,1640580,93,"j","j","1695","305","j","Input"
"3338","3338","3338",1641057,1641171,114,"Backspace","Backspace","1694","304","j","Remove/Cut"
"3339","3339","3339",1669831,1669940,109,"Backspace","Backspace","1693","304"," ","Remove/Cut"
"3340","3340","3340",1674976,1675197,221,"Space","Space","1694","304"," ","Input"
"3341","3341","3341",1684167,1684327,160,"Leftclick","Leftclick","517","304","NoChange","Nonproduction"
"3342","3342","3342",1686456,1686644,188,",",",","518","304",",","Input"
"3343","3343","3343",1691177,1691956,779,"Leftclick","Leftclick","549","304","NoChange","Nonproduction"
"3344","3344","3344",1693236,1694686,1450,"Leftclick","Leftclick","553","304","NoChange","Nonproduction"
"3345","3345","3345",1695576,1695844,268,"o","o","541","303","eachother and => o","Replace"
"3346","3346","3346",1695727,1695947,220,"n","n","542","303","n","Input"
"3347","3347","3347",1695831,1695995,164,"e","e","543","303","e","Input"
"3348","3348","3348",1695925,1696091,166,"Space","Space","544","303"," ","Input"
"3349","3349","3349",1696143,1696291,148,"a","a","545","304","a","Input"
"3350","3350","3350",1696214,1696347,133,"n","n","546","304","n","Input"
"3351","3351","3351",1696279,1696491,212,"o","o","547","304","o","Input"
"3352","3352","3352",1696407,1696556,149,"t","t","548","304","t","Input"
"3353","3353","3353",1696535,1696747,212,"h","h","549","304","h","Input"
"3354","3354","3354",1696622,1696787,165,"e","e","550","304","e","Input"
"3355","3355","3355",1696693,1696868,175,"r","r","551","304","r","Input"
"3356","3356","3356",1697614,1697771,157,"Space","Space","552","304"," ","Input"
"3357","3357","3357",1697742,1697867,125,"t","t","553","305","t","Input"
"3358","3358","3358",1697759,1697907,148,"o","o","554","305","o","Input"
"3359","3359","3359",1701624,1707362,5738,"Leftclick","Leftclick","590","305","NoChange","Nonproduction"
"3360","3360","3360",1707477,1707568,91,"Leftclick","Leftclick","590","305","NoChange","Nonproduction"
"3361","3361","3361",1708675,1710969,2294,"Leftclick","Leftclick","589","305","NoChange","Nonproduction"
"3362","3362","3362",1711489,1711599,110,"Leftclick","Leftclick","581","305","NoChange","Nonproduction"
"3363","3363","3363",1712190,1713968,1778,"Leftclick","Leftclick","592","305","NoChange","Nonproduction"
"3364","3364","3364",1714388,1714477,89,"Leftclick","Leftclick","592","305","NoChange","Nonproduction"
"3365","3365","3365",1715811,1715929,118,"Leftclick","Leftclick","1696","305","NoChange","Nonproduction"
"3366","3366","3366",1718953,1719146,193,"Leftclick","Leftclick","1694","305","NoChange","Nonproduction"
"3367","3367","3367",1720848,1720939,91,"Backspace","Backspace","1693","305",".","Remove/Cut"
"3368","3368","3368",1721031,1721107,76,"Backspace","Backspace","1692","305","t","Remove/Cut"
"3369","3369","3369",1721224,1721274,50,"Backspace","Backspace","1691","305","p","Remove/Cut"
"3370","3370","3370",1721359,1721435,76,"Backspace","Backspace","1690","305","m","Remove/Cut"
"3371","3371","3371",1721535,1721595,60,"Backspace","Backspace","1689","305","o","Remove/Cut"
"3372","3372","3372",1721685,1721762,77,"Backspace","Backspace","1688","305","r","Remove/Cut"
"3373","3373","3373",1721843,1721924,81,"Backspace","Backspace","1687","304","p","Remove/Cut"
"3374","3374","3374",1722590,1722731,141,"p","p","1688","305","p","Input"
"3375","3375","3375",1722791,1722939,148,"r","r","1689","305","r","Input"
"3376","3376","3376",1722932,1723307,375,"o","o","1690","305","o","Input"
"3377","3377","3377",1723134,1723347,213,"m","m","1691","305","m","Input"
"3378","3378","3378",1723759,1723907,148,"p","p","1692","305","p","Input"
"3379","3379","3379",1723847,1723939,92,"t","t","1693","305","t","Input"
"3380","3380","3380",1724199,1724363,164,".",".","1694","305",".","Input"
"3381","3381","3381",1725175,1725347,172,"Space","Space","1695","305"," ","Input"
"3382","3382","3382",1756681,1756764,83,"Backspace","Backspace","1694","305"," ","Remove/Cut"
"3383","3383","3383",1756879,1756948,69,"Backspace","Backspace","1693","305",".","Remove/Cut"
"3384","3384","3384",1757095,1757156,61,"Backspace","Backspace","1692","305","t","Remove/Cut"
"3385","3385","3385",1757288,1757347,59,"Backspace","Backspace","1691","305","p","Remove/Cut"
"3386","3386","3386",1757462,1757523,61,"Backspace","Backspace","1690","305","m","Remove/Cut"
"3387","3387","3387",1757631,1757684,53,"Backspace","Backspace","1689","305","o","Remove/Cut"
"3388","3388","3388",1757784,1757851,67,"Backspace","Backspace","1688","305","r","Remove/Cut"
"3389","3389","3389",1758143,1758220,77,"Backspace","Backspace","1687","304","p","Remove/Cut"
"3390","3390","3390",1758623,1758763,140,"p","p","1688","305","p","Input"
"3391","3391","3391",1758831,1758996,165,"r","r","1689","305","r","Input"
"3392","3392","3392",1758952,1759331,379,"o","o","1690","305","o","Input"
"3393","3393","3393",1759099,1759316,217,"m","m","1691","305","m","Input"
"3394","3394","3394",1759368,1759420,52,"t","t","1692","305","t","Input"
"3395","3395","3395",1759736,1759884,148,".",".","1693","305",".","Input"
"3396","3396","3396",1760192,1760260,68,"Backspace","Backspace","1692","305",".","Remove/Cut"
"3397","3397","3397",1760336,1760412,76,"Backspace","Backspace","1691","305","t","Remove/Cut"
"3398","3398","3398",1760562,1760699,137,"p","p","1692","305","p","Input"
"3399","3399","3399",1760879,1760922,43,"t","t","1693","305","t","Input"
"3400","3400","3400",1760896,1760908,12,"y","y","1694","305","y","Input"
"3401","3401","3401",1761328,1761419,91,"Backspace","Backspace","1693","305","y","Remove/Cut"
"3402","3402","3402",1761984,1762044,60,".",".","1694","305",".","Input"
