"","DownEventID","UpEventID","DownTime","UpTime","ActionTime","DownEvent","UpEvent","Cursorposition","WordCount","TextChange","Activity"
"1","1","1",107457,107565,108,"Leftclick","Leftclick","0","0","NoChange","Nonproduction"
"2","2","2",112814,114147,1333,"Tab","Tab","0","0","NoChange","Nonproduction"
"3","3","3",114532,114632,100,"Leftclick","Leftclick","0","0","NoChange","Nonproduction"
"4","4","4",115106,115106,0,"Shift","Shift","0","0","NoChange","Nonproduction"
"5","5","5",115242,115371,129,"T","t","1","1","T","Input"
"6","6","6",115358,115429,71,"h","h","2","1","h","Input"
"7","7","7",115474,115574,100,"e","e","3","1","e","Input"
"8","8","8",115550,115725,175,"r","r","4","1","r","Input"
"9","9","9",115677,115803,126,"e","e","5","1","e","Input"
"10","10","10",115779,115889,110,"Space","Space","6","1"," ","Input"
"11","11","11",115944,116119,175,"a","a","7","2","a","Input"
"12","12","12",116121,116291,170,"r","r","8","2","r","Input"
"13","13","13",116218,116344,126,"e","e","9","2","e","Input"
"14","14","14",116294,116421,127,"Space","Space","10","2"," ","Input"
"15","15","15",116474,116659,185,"s","s","11","3","s","Input"
"16","16","16",116611,116743,132,"e","e","12","3","e","Input"
"17","17","17",116803,116954,151,"v","v","13","3","v","Input"
"18","18","18",116994,117229,235,"e","e","14","3","e","Input"
"19","19","19",117105,117231,126,"r","r","15","3","r","Input"
"20","20","20",117199,117345,146,"a","a","16","3","a","Input"
"21","21","21",117308,117505,197,"l","l","17","3","l","Input"
"22","22","22",117465,117604,139,"Space","Space","18","3"," ","Input"
"23","23","23",120150,120357,207,"w","w","19","4","w","Input"
"24","24","24",120278,120417,139,"a","a","20","4","a","Input"
"25","25","25",120484,120646,162,"y","y","21","4","y","Input"
"26","26","26",120611,120719,108,"s","s","22","4","s","Input"
"27","27","27",120765,120863,98,"Space","Space","23","4"," ","Input"
"28","28","28",122177,122678,501,"Backspace","Backspace","22","4"," ","Remove/Cut"
"29","29","29",122678,122760,82,"Backspace","Backspace","21","4","s","Remove/Cut"
"30","30","30",122760,122845,85,"Backspace","Backspace","20","4","y","Remove/Cut"
"31","31","31",122845,122930,85,"Backspace","Backspace","19","4","a","Remove/Cut"
"32","32","32",122930,123014,84,"Backspace","Backspace","18","3","w","Remove/Cut"
"33","33","33",123014,123048,34,"Backspace","Backspace","17","3"," ","Remove/Cut"
"34","34","34",123098,123581,483,"Backspace","Backspace","16","3","l","Remove/Cut"
"35","35","35",123581,123665,84,"Backspace","Backspace","15","3","a","Remove/Cut"
"36","36","36",123665,123749,84,"Backspace","Backspace","14","3","r","Remove/Cut"
"37","37","37",123749,123834,85,"Backspace","Backspace","13","3","e","Remove/Cut"
"38","38","38",123834,123917,83,"Backspace","Backspace","12","3","v","Remove/Cut"
"39","39","39",123917,124000,83,"Backspace","Backspace","11","3","e","Remove/Cut"
"40","40","40",124000,124083,83,"Backspace","Backspace","10","2","s","Remove/Cut"
"41","41","41",124083,124168,85,"Backspace","Backspace","9","2"," ","Remove/Cut"
"42","42","42",124168,124252,84,"Backspace","Backspace","8","2","e","Remove/Cut"
"43","43","43",124252,124336,84,"Backspace","Backspace","7","2","r","Remove/Cut"
"44","44","44",124336,124420,84,"Backspace","Backspace","6","1","a","Remove/Cut"
"45","45","45",124420,124504,84,"Backspace","Backspace","5","1"," ","Remove/Cut"
"46","46","46",124504,124588,84,"Backspace","Backspace","4","1","e","Remove/Cut"
"47","47","47",124588,124673,85,"Backspace","Backspace","3","1","r","Remove/Cut"
"48","48","48",124673,124759,86,"Backspace","Backspace","2","1","e","Remove/Cut"
"49","49","49",124759,124841,82,"Backspace","Backspace","1","1","h","Remove/Cut"
"50","50","50",124841,124926,85,"Backspace","Backspace","0","0","T","Remove/Cut"
"51","51","51",124926,125010,84,"Backspace","Backspace","0","0","NoChange","Nonproduction"
"52","52","52",125010,125031,21,"Backspace","Backspace","0","0","NoChange","Nonproduction"
"53","53","53",125198,125198,0,"Shift","Shift","0","0","NoChange","Nonproduction"
"54","54","54",125415,125542,127,"P","p","1","1","P","Input"
"55","55","55",125608,125727,119,"e","e","2","1","e","Input"
"56","56","56",125669,125844,175,"o","o","3","1","o","Input"
"57","57","57",125788,125891,103,"p","p","4","1","p","Input"
"58","58","58",125973,126090,117,"l","l","5","1","l","Input"
"59","59","59",126085,126170,85,"e","e","6","1","e","Input"
"60","60","60",126164,126289,125,"Space","Space","7","1"," ","Input"
"61","61","61",126341,126457,116,"t","t","8","2","t","Input"
"62","62","62",126454,126570,116,"h","h","9","2","h","Input"
"63","63","63",126616,126720,104,"i","i","10","2","i","Input"
"64","64","64",126788,126885,97,"n","n","11","2","n","Input"
"65","65","65",127328,127504,176,"k","k","12","2","k","Input"
"66","66","66",127489,127601,112,"Space","Space","13","2"," ","Input"
"67","67","67",129441,129564,123,"s","s","14","3","s","Input"
"68","68","68",130538,130642,104,"Backspace","Backspace","13","2","s","Remove/Cut"
"69","69","69",132012,132115,103,"Backspace","Backspace","12","2"," ","Remove/Cut"
"70","70","70",132204,132280,76,"Backspace","Backspace","11","2","k","Remove/Cut"
"71","71","71",132393,132458,65,"Backspace","Backspace","10","2","n","Remove/Cut"
"72","72","72",132699,132795,96,"Backspace","Backspace","9","2","i","Remove/Cut"
"73","73","73",132883,132955,72,"Backspace","Backspace","8","2","h","Remove/Cut"
"74","74","74",133047,133167,120,"Backspace","Backspace","7","1","t","Remove/Cut"
"75","75","75",133610,133757,147,"t","t","8","2","t","Input"
"76","76","76",133734,133826,92,"h","h","9","2","h","Input"
"77","77","77",133877,133989,112,"i","i","10","2","i","Input"
"78","78","78",134080,134185,105,"n","n","11","2","n","Input"
"79","79","79",134400,134901,501,"Backspace","Backspace","10","2","n","Remove/Cut"
"80","80","80",134901,134985,84,"Backspace","Backspace","9","2","i","Remove/Cut"
"81","81","81",134985,135069,84,"Backspace","Backspace","8","2","h","Remove/Cut"
"82","82","82",135069,135154,85,"Backspace","Backspace","7","1","t","Remove/Cut"
"83","83","83",135154,135237,83,"Backspace","Backspace","6","1"," ","Remove/Cut"
"84","84","84",135237,135322,85,"Backspace","Backspace","5","1","e","Remove/Cut"
"85","85","85",135322,135406,84,"Backspace","Backspace","4","1","l","Remove/Cut"
"86","86","86",135406,135490,84,"Backspace","Backspace","3","1","p","Remove/Cut"
"87","87","87",135490,135573,83,"Backspace","Backspace","2","1","o","Remove/Cut"
"88","88","88",135573,135656,83,"Backspace","Backspace","1","1","e","Remove/Cut"
"89","89","89",135656,135739,83,"Backspace","Backspace","0","0","P","Remove/Cut"
"90","90","90",135739,135823,84,"Backspace","Backspace","0","0","NoChange","Nonproduction"
"91","91","91",135823,135858,35,"Backspace","Backspace","0","0","NoChange","Nonproduction"
"92","92","92",135865,135865,0,"Shift","Shift","0","0","NoChange","Nonproduction"
"93","93","93",136159,136354,195,"W","w","1","1","W","Input"
"94","94","94",136332,136446,114,"e","e","2","1","e","Input"
"95","95","95",136432,136555,123,"Space","Space","3","1"," ","Input"
"96","96","96",136558,136663,105,"a","a","4","2","a","Input"
"97","97","97",136702,136734,32,"l","l","5","2","l","Input"
"98","98","98",136817,136928,111,"l","l","6","2","l","Input"
"99","99","99",136902,137013,111,"Space","Space","7","2"," ","Input"
"100","100","100",137055,137170,115,"t","t","8","3","t","Input"
"101","101","101",137138,137246,108,"h","h","9","3","h","Input"
"102","102","102",137288,137381,93,"i","i","10","3","i","Input"
"103","103","103",137469,137621,152,"n","n","11","3","n","Input"
"104","104","104",137672,137857,185,"k","k","12","3","k","Input"
"105","105","105",137830,137966,136,"Space","Space","13","3"," ","Input"
"106","106","106",138397,138512,115,"d","d","14","4","d","Input"
"107","107","107",138565,138695,130,"i","i","15","4","i","Input"
"108","108","108",138737,138827,90,"f","f","16","4","f","Input"
"109","109","109",138904,139036,132,"f","f","17","4","f","Input"
"110","110","110",139086,139200,114,"e","e","18","4","e","Input"
"111","111","111",139158,139369,211,"r","r","19","4","r","Input"
"112","112","112",139294,139438,144,"e","e","20","4","e","Input"
"113","113","113",139489,139620,131,"n","n","21","4","n","Input"
"114","114","114",139750,139910,160,"t","t","22","4","t","Input"
"115","115","115",139908,140074,166,"l","l","23","4","l","Input"
"116","116","116",140124,140272,148,"y","y","24","4","y","Input"
"117","117","117",140425,140549,124,".",".","25","4",".","Input"
"118","118","118",140614,140746,132,"Space","Space","26","4"," ","Input"
"119","119","119",140790,140790,0,"Shift","Shift","26","4","NoChange","Nonproduction"
"120","120","120",141165,141165,0,"Shift","Shift","26","4","NoChange","Nonproduction"
"121","121","121",142442,142537,95,"H","H","27","5","H","Input"
"122","122","122",142675,142810,135,"o","o","28","5","o","Input"
"123","123","123",142800,142932,132,"w","w","29","5","w","Input"
"124","124","124",143147,143263,116,"e","e","30","5","e","Input"
"125","125","125",143347,143478,131,"v","v","31","5","v","Input"
"126","126","126",143543,143699,156,"e","e","32","5","e","Input"
"127","127","127",143652,143792,140,"r","r","33","5","r","Input"
"128","128","128",143842,143974,132,",",",","34","5",",","Input"
"129","129","129",143930,144062,132,"Space","Space","35","5"," ","Input"
"130","130","130",144109,144219,110,"i","i","36","6","i","Input"
"131","131","131",144281,144412,131,"n","n","37","6","n","Input"
"132","132","132",144381,144509,128,"Space","Space","38","6"," ","Input"
"133","133","133",144558,144631,73,"t","t","39","7","t","Input"
"134","134","134",144621,144721,100,"h","h","40","7","h","Input"
"135","135","135",144776,144817,41,"e","e","41","7","e","Input"
"136","136","136",144819,144942,123,"i","i","42","7","i","Input"
"137","137","137",145114,145204,90,"Backspace","Backspace","41","7","i","Remove/Cut"
"138","138","138",145258,145341,83,"Backspace","Backspace","40","7","e","Remove/Cut"
"139","139","139",145438,145558,120,"i","i","41","7","i","Input"
"140","140","140",145530,145668,138,"s","s","42","7","s","Input"
"141","141","141",145654,145766,112,"Space","Space","43","7"," ","Input"
"142","142","142",145808,145944,136,"c","c","44","8","c","Input"
"143","143","143",145923,146109,186,"a","a","45","8","a","Input"
"144","144","144",146099,146219,120,"r","r","46","8","r","Input"
"145","145","145",146366,146461,95,"Backspace","Backspace","45","8","r","Remove/Cut"
"146","146","146",146426,146649,223,"s","s","46","8","s","Input"
"147","147","147",146574,146714,140,"e","e","47","8","e","Input"
"148","148","148",146760,146908,148,",",",","48","8",",","Input"
"149","149","149",146905,147041,136,"Space","Space","49","8"," ","Input"
"150","150","150",147270,147377,107,"t","t","50","9","t","Input"
"151","151","151",147326,147430,104,"h","h","51","9","h","Input"
"152","152","152",147437,147601,164,"e","e","52","9","e","Input"
"153","153","153",147554,147787,233,"r","r","53","9","r","Input"
"154","154","154",147686,147825,139,"e","e","54","9","e","Input"
"155","155","155",147700,147878,178,"Space","Space","55","9"," ","Input"
"156","156","156",147883,147994,111,"i","i","56","10","i","Input"
"157","157","157",148113,148281,168,"s","s","57","10","s","Input"
"158","158","158",148266,148370,104,"Space","Space","58","10"," ","Input"
"159","159","159",148424,148493,69,"n","n","59","11","n","Input"
"160","160","160",148577,148687,110,"o","o","60","11","o","Input"
"161","161","161",148725,148820,95,"Space","Space","61","11"," ","Input"
"162","162","162",148942,149045,103,"d","d","62","12","d","Input"
"163","163","163",149346,149477,131,"o","o","63","12","o","Input"
"164","164","164",149542,149662,120,"u","u","64","12","u","Input"
"165","165","165",149800,149900,100,"b","b","65","12","b","Input"
"166","166","166",150019,150138,119,"t","t","66","12","t","Input"
"167","167","167",150136,150246,110,"Space","Space","67","12"," ","Input"
"168","168","168",150239,150346,107,"t","t","68","13","t","Input"
"169","169","169",150396,150428,32,"h","h","69","13","h","Input"
"170","170","170",150398,150532,134,"a","a","70","13","a","Input"
"171","171","171",150482,150599,117,"t","t","71","13","t","Input"
"172","172","172",150579,150681,102,"Space","Space","72","13"," ","Input"
"173","173","173",154094,154238,144,"p","p","73","14","p","Input"
"174","174","174",154328,154484,156,"e","e","74","14","e","Input"
"175","175","175",154468,154668,200,"o","o","75","14","o","Input"
"176","176","176",154625,154757,132,"p","p","76","14","p","Input"
"177","177","177",154845,154992,147,"l","l","77","14","l","Input"
"178","178","178",155047,155167,120,"e","e","78","14","e","Input"
"179","179","179",155140,155275,135,"Space","Space","79","14"," ","Input"
"180","180","180",155765,155896,131,"a","a","80","15","a","Input"
"181","181","181",156044,156171,127,"c","c","81","15","c","Input"
"182","182","182",156271,156386,115,"h","h","82","15","h","Input"
"183","183","183",156431,156568,137,"i","i","83","15","i","Input"
"184","184","184",156557,156653,96,"e","e","84","15","e","Input"
"185","185","185",156749,156856,107,"v","v","85","15","v","Input"
"186","186","186",156918,157057,139,"e","e","86","15","e","Input"
"187","187","187",157035,157175,140,"Space","Space","87","15"," ","Input"
"188","188","188",157215,157295,80,"m","m","88","16","m","Input"
"189","189","189",157382,157497,115,"o","o","89","16","o","Input"
"190","190","190",157458,157646,188,"r","r","90","16","r","Input"
"191","191","191",157568,157697,129,"e","e","91","16","e","Input"
"192","192","192",157648,157785,137,"Space","Space","92","16"," ","Input"
"193","193","193",157861,157993,132,"s","s","93","17","s","Input"
"194","194","194",158028,158144,116,"u","u","94","17","u","Input"
"195","195","195",158352,158447,95,"c","c","95","17","c","Input"
"196","196","196",158610,158741,131,"e","e","96","17","e","Input"
"197","197","197",158971,159110,139,"Backspace","Backspace","95","17","e","Remove/Cut"
"198","198","198",159075,159257,182,"c","c","96","17","c","Input"
"199","199","199",159239,159359,120,"e","e","97","17","e","Input"
"200","200","200",159473,159541,68,"s","s","98","17","s","Input"
"201","201","201",159629,159729,100,"s","s","99","17","s","Input"
"202","202","202",159737,159846,109,"Space","Space","100","17"," ","Input"
"203","203","203",161186,161297,111,"b","b","101","18","b","Input"
"204","204","204",161408,161572,164,"y","y","102","18","y","Input"
"205","205","205",161528,161651,123,"Space","Space","103","18"," ","Input"
"206","206","206",162480,162644,164,"c","c","104","19","c","Input"
"207","207","207",162689,162826,137,"o","o","105","19","o","Input"
"208","208","208",163138,163242,104,"o","o","106","19","o","Input"
"209","209","209",163331,163463,132,"p","p","107","19","p","Input"
"210","210","210",163499,163644,145,"e","e","108","19","e","Input"
"211","211","211",163592,163768,176,"r","r","109","19","r","Input"
"212","212","212",163724,163920,196,"a","a","110","19","a","Input"
"213","213","213",164109,164256,147,"t","t","111","19","t","Input"
"214","214","214",164318,164479,161,"i","i","112","19","i","Input"
"215","215","215",164419,164533,114,"o","o","113","19","o","Input"
"216","216","216",164606,164703,97,"n","n","114","19","n","Input"
"217","217","217",164804,164971,167,".",".","115","19",".","Input"
"218","218","218",164936,165055,119,"Space","Space","116","19"," ","Input"
"219","219","219",185071,185129,58,"Leftclick","Leftclick","25","19","NoChange","Nonproduction"
"220","220","220",188473,189368,895,"Leftclick","Leftclick","25","19","NoChange","Nonproduction"
"221","221","221",189760,189851,91,"Backspace","Backspace","0","15","We all think differently.","Remove/Cut"
"222","222","222",192530,192530,0,"Leftclick","Leftclick","24","15","NoChange","Nonproduction"
"223","223","223",193305,193389,84,"Backspace","Backspace","0","11"," However, in this case, ","Remove/Cut"
"224","224","224",194933,195118,185,"ArrowRight","ArrowRight","1","11","NoChange","Nonproduction"
"225","225","225",195317,195396,79,"Backspace","Backspace","0","11","t","Remove/Cut"
"226","226","226",195593,195593,0,"Shift","Shift","0","11","NoChange","Nonproduction"
"227","227","227",196149,196236,87,"T","T","1","11","T","Input"
"228","228","228",197202,197335,133,"Leftclick","Leftclick","67","11","NoChange","Nonproduction"
"229","229","229",198367,198367,0,"Shift","Shift","67","11","NoChange","Nonproduction"
"230","230","230",198610,198731,121,"W","w","68","12","W","Input"
"231","231","231",198857,198988,131,"o","o","69","12","o","Input"
"232","232","232",199035,199171,136,"r","r","70","12","r","Input"
"233","233","233",199161,199299,138,"k","k","71","12","k","Input"
"234","234","234",199393,199481,88,"i","i","72","12","i","Input"
"235","235","235",199560,199686,126,"n","n","73","12","n","Input"
"236","236","236",199660,199767,107,"g","g","74","12","g","Input"
"237","237","237",199770,199891,121,"Space","Space","75","12"," ","Input"
"238","238","238",199868,200007,139,"a","a","76","13","a","Input"
"239","239","239",200053,200170,117,"s","s","77","13","s","Input"
"240","240","240",200153,200290,137,"Space","Space","78","13"," ","Input"
"241","241","241",200278,200413,135,"a","a","79","14","a","Input"
"242","242","242",200410,200525,115,"Space","Space","80","14"," ","Input"
"243","243","243",200638,200749,111,"t","t","81","15","t","Input"
"244","244","244",200757,200970,213,"e","e","82","15","e","Input"
"245","245","245",200903,201046,143,"a","a","83","15","a","Input"
"246","246","246",201208,201269,61,"Space","Space","84","15"," ","Input"
"247","247","247",201528,201623,95,"Backspace","Backspace","83","15"," ","Remove/Cut"
"248","248","248",201745,201880,135,"m","m","84","15","m","Input"
"249","249","249",201921,202046,125,"Space","Space","85","15"," ","Input"
"250","250","250",202087,202265,178,"c","c","86","16","c","Input"
"251","251","251",202231,202373,142,"a","a","87","16","a","Input"
"252","252","252",202330,202480,150,"n","n","88","16","n","Input"
"253","253","253",202449,202558,109,"Space","Space","89","16"," ","Input"
"254","254","254",202655,202771,116,"l","l","90","17","l","Input"
"255","255","255",202752,202942,190,"e","e","91","17","e","Input"
"256","256","256",202899,203032,133,"a","a","92","17","a","Input"
"257","257","257",203101,203240,139,"d","d","93","17","d","Input"
"258","258","258",203233,203350,117,"Space","Space","94","17"," ","Input"
"259","259","259",203387,203508,121,"u","u","95","18","u","Input"
"260","260","260",203574,203724,150,"s","s","96","18","s","Input"
"261","261","261",203688,203807,119,"Space","Space","97","18"," ","Input"
"262","262","262",203853,203941,88,"t","t","98","19","t","Input"
"263","263","263",203931,204093,162,"o","o","99","19","o","Input"
"264","264","264",204050,204158,108,"Space","Space","100","19"," ","Input"
"265","265","265",204227,204356,129,"m","m","101","20","m","Input"
"266","266","266",204626,204777,151,"Backspace","Backspace","100","19","m","Remove/Cut"
"267","267","267",204775,204896,121,"s","s","101","20","s","Input"
"268","268","268",204894,205022,128,"o","o","102","20","o","Input"
"269","269","269",205025,205138,113,"Space","Space","103","20"," ","Input"
"270","270","270",205209,205330,121,"m","m","104","21","m","Input"
"271","271","271",205385,205528,143,"a","a","105","21","a","Input"
"272","272","272",205531,205640,109,"n","n","106","21","n","Input"
"273","273","273",205734,205904,170,"y","y","107","21","y","Input"
"274","274","274",205846,205989,143,"Space","Space","108","21"," ","Input"
"275","275","275",207757,207846,89,"p","p","109","22","p","Input"
"276","276","276",208045,208177,132,"l","l","110","22","l","Input"
"277","277","277",208157,208281,124,"a","a","111","22","a","Input"
"278","278","278",208530,208789,259,"c","c","112","22","c","Input"
"279","279","279",208693,208839,146,"e","e","113","22","e","Input"
"280","280","280",208891,208994,103,"s","s","114","22","s","Input"
"281","281","281",209038,209118,80,"Space","Space","115","22"," ","Input"
"282","282","282",209103,209214,111,"a","a","116","23","a","Input"
"283","283","283",209216,209349,133,"n","n","117","23","n","Input"
"284","284","284",209339,209447,108,"d","d","118","23","d","Input"
"285","285","285",209490,209598,108,"Space","Space","119","23"," ","Input"
"286","286","286",209982,210119,137,"w","w","120","24","w","Input"
"287","287","287",210484,210616,132,"o","o","121","24","o","Input"
"288","288","288",210659,210754,95,"r","r","122","24","r","Input"
"289","289","289",210841,211011,170,"d","d","123","24","d","Input"
"290","290","290",211444,211544,100,"Backspace","Backspace","122","24","d","Remove/Cut"
"291","291","291",211655,211801,146,"k","k","123","24","k","Input"
"292","292","292",211804,211954,150,"Space","Space","124","24"," ","Input"
"293","293","293",212073,212193,120,"t","t","125","25","t","Input"
"294","294","294",212169,212361,192,"o","o","126","25","o","Input"
"295","295","295",212646,212724,78,"Backspace","Backspace","125","25","o","Remove/Cut"
"296","296","296",212822,212918,96,"Backspace","Backspace","124","24","t","Remove/Cut"
"297","297","297",213007,213090,83,"Backspace","Backspace","123","24"," ","Remove/Cut"
"298","298","298",213430,213597,167,"Space","Space","124","24"," ","Input"
"299","299","299",214234,214365,131,"o","o","125","25","o","Input"
"300","300","300",214416,214500,84,"p","p","126","25","p","Input"
"301","301","301",214726,215228,502,"Backspace","Backspace","125","25","p","Remove/Cut"
"302","302","302",215228,215319,91,"Backspace","Backspace","124","24","o","Remove/Cut"
"303","303","303",215319,215394,75,"Backspace","Backspace","123","24"," ","Remove/Cut"
"304","304","304",215394,215479,85,"Backspace","Backspace","122","24","k","Remove/Cut"
"305","305","305",215479,215563,84,"Backspace","Backspace","121","24","r","Remove/Cut"
"306","306","306",215563,215647,84,"Backspace","Backspace","120","24","o","Remove/Cut"
"307","307","307",215647,215730,83,"Backspace","Backspace","119","23","w","Remove/Cut"
"308","308","308",215730,215814,84,"Backspace","Backspace","118","23"," ","Remove/Cut"
"309","309","309",215814,215833,19,"Backspace","Backspace","117","23","d","Remove/Cut"
"310","310","310",216613,216763,150,"d","d","118","23","d","Input"
"311","311","311",216741,216873,132,"Space","Space","119","23"," ","Input"
"312","312","312",216971,217050,79,"o","o","120","24","o","Input"
"313","313","313",217171,217227,56,"p","p","121","24","p","Input"
"314","314","314",217305,217397,92,"p","p","122","24","p","Input"
"315","315","315",217443,217577,134,"e","e","123","24","e","Input"
"316","316","316",217546,217725,179,"r","r","124","24","r","Input"
"317","317","317",217886,217990,104,"t","t","125","24","t","Input"
"318","318","318",218026,218149,123,"i","i","126","24","i","Input"
"319","319","319",218273,218360,87,"n","n","127","24","n","Input"
"320","320","320",218607,218690,83,"Backspace","Backspace","126","24","n","Remove/Cut"
"321","321","321",218769,218845,76,"Backspace","Backspace","125","24","i","Remove/Cut"
"322","322","322",218992,219112,120,"u","u","126","24","u","Input"
"323","323","323",219248,219327,79,"n","n","127","24","n","Input"
"324","324","324",219411,219511,100,"i","i","128","24","i","Input"
"325","325","325",219574,219675,101,"t","t","129","24","t","Input"
"326","326","326",219664,219791,127,"i","i","130","24","i","Input"
"327","327","327",219826,220043,217,"e","e","131","24","e","Input"
"328","328","328",219944,220115,171,"s","s","132","24","s","Input"
"329","329","329",220107,220266,159,".",".","133","24",".","Input"
"330","330","330",220260,220443,183,"Space","Space","134","24"," ","Input"
"331","331","331",220496,220496,0,"Shift","Shift","134","24","NoChange","Nonproduction"
"332","332","332",220680,220811,131,"I","i","135","25","I","Input"
"333","333","333",220744,220876,132,"T","t","136","25","T","Input"
"334","334","334",220936,221051,115,"Space","Space","137","25"," ","Input"
"335","335","335",221049,221161,112,"w","w","138","26","w","Input"
"336","336","336",221325,221401,76,"Backspace","Backspace","137","25","w","Remove/Cut"
"337","337","337",221488,221546,58,"Backspace","Backspace","136","25"," ","Remove/Cut"
"338","338","338",221622,221706,84,"Backspace","Backspace","135","25","T","Remove/Cut"
"339","339","339",221850,221965,115,"t","t","136","25","t","Input"
"340","340","340",222014,222139,125,"Space","Space","137","25"," ","Input"
"341","341","341",222180,222250,70,"w","w","138","26","w","Input"
"342","342","342",222555,222646,91,"Backspace","Backspace","137","25","w","Remove/Cut"
"343","343","343",222788,222875,87,"o","o","138","26","o","Input"
"344","344","344",222955,223042,87,"p","p","139","26","p","Input"
"345","345","345",223095,223227,132,"e","e","140","26","e","Input"
"346","346","346",223236,223345,109,"n","n","141","26","n","Input"
"347","347","347",223821,223944,123,"s","s","142","26","s","Input"
"348","348","348",223952,224088,136,"Space","Space","143","26"," ","Input"
"349","349","349",224329,224421,92,"m","m","144","27","m","Input"
"350","350","350",224510,224616,106,"o","o","145","27","o","Input"
"351","351","351",224593,224729,136,"r","r","146","27","r","Input"
"352","352","352",224666,224783,117,"e","e","147","27","e","Input"
"353","353","353",224784,224905,121,"Space","Space","148","27"," ","Input"
"354","354","354",225431,225545,114,"d","d","149","28","d","Input"
"355","355","355",225599,225664,65,"o","o","150","28","o","Input"
"356","356","356",225751,225848,97,"o","o","151","28","o","Input"
"357","357","357",225845,225958,113,"e","e","152","28","e","Input"
"358","358","358",226156,226275,119,"Backspace","Backspace","151","28","e","Remove/Cut"
"359","359","359",226236,226375,139,"r","r","152","28","r","Input"
"360","360","360",226414,226548,134,"s","s","153","28","s","Input"
"361","361","361",226551,226703,152,"Space","Space","154","28"," ","Input"
"362","362","362",226843,226947,104,"t","t","155","29","t","Input"
"363","363","363",226950,227135,185,"o","o","156","29","o","Input"
"364","364","364",227075,227200,125,"Space","Space","157","29"," ","Input"
"365","365","365",229776,229899,123,"s","s","158","30","s","Input"
"366","366","366",229952,230073,121,"u","u","159","30","u","Input"
"367","367","367",230235,230253,18,"c","c","160","30","c","Input"
"368","368","368",230365,230509,144,"c","c","161","30","c","Input"
"369","369","369",230758,230862,104,"e","e","162","30","e","Input"
"370","370","370",230948,231088,140,"e","e","163","30","e","Input"
"371","371","371",231090,231243,153,"s","s","164","30","s","Input"
"372","372","372",231284,231430,146,".",".","165","30",".","Input"
"373","373","373",231428,231543,115,"Space","Space","166","30"," ","Input"
"374","374","374",232527,232658,131,"Enter","Enter","167","30","\n","Input"
"375","375","375",232790,234090,1300,"Tab","Tab","167","30","NoChange","Nonproduction"
"376","376","376",234559,234625,66,"Leftclick","Leftclick","167","30","NoChange","Nonproduction"
"377","377","377",235186,235337,151,"Enter","Enter","168","30","\n","Input"
"378","378","378",235858,235993,135,"Backspace","Backspace","167","30","\n","Remove/Cut"
"379","379","379",236144,236259,115,"Backspace","Backspace","166","30","\n","Remove/Cut"
"380","380","380",236718,236881,163,"Enter","Enter","167","30","\n","Input"
"381","381","381",237000,237131,131,"Enter","Enter","168","30","\n","Input"
"382","382","382",237287,237287,0,"Shift","Shift","168","30","NoChange","Nonproduction"
"383","383","383",237719,237870,151,"T","t","169","31","T","Input"
"384","384","384",238099,238195,96,"h","h","170","31","h","Input"
"385","385","385",238236,238404,168,"e","e","171","31","e","Input"
"386","386","386",238380,238576,196,"r","r","172","31","r","Input"
"387","387","387",238520,238639,119,"e","e","173","31","e","Input"
"388","388","388",238560,238693,133,"Space","Space","174","31"," ","Input"
"389","389","389",238689,238795,106,"i","i","175","32","i","Input"
"390","390","390",238772,238883,111,"s","s","176","32","s","Input"
"391","391","391",238921,239004,83,"Space","Space","177","32"," ","Input"
"392","392","392",239056,239157,101,"a","a","178","33","a","Input"
"393","393","393",239334,239487,153,"Space","Space","179","33"," ","Input"
"394","394","394",239490,239718,228,"s","s","180","34","s","Input"
"395","395","395",239679,239790,111,"a","a","181","34","a","Input"
"396","396","396",239839,239960,121,"y","y","182","34","y","Input"
"397","397","397",240067,240104,37,"o","o","183","34","o","Input"
"398","398","398",240257,240344,87,"i","i","184","34","i","Input"
"399","399","399",240517,240565,48,"Backspace","Backspace","183","34","i","Remove/Cut"
"400","400","400",240645,240725,80,"Backspace","Backspace","182","34","o","Remove/Cut"
"401","401","401",240820,240896,76,"i","i","183","34","i","Input"
"402","402","402",241002,241085,83,"n","n","184","34","n","Input"
"403","403","403",241121,241241,120,"g","g","185","34","g","Input"
"404","404","404",241201,241301,100,"Space","Space","186","34"," ","Input"
"405","405","405",241348,241485,137,"t","t","187","35","t","Input"
"406","406","406",241421,241531,110,"h","h","188","35","h","Input"
"407","407","407",241523,241660,137,"a","a","189","35","a","Input"
"408","408","408",241618,241745,127,"t","t","190","35","t","Input"
"409","409","409",241653,241791,138,"Space","Space","191","35"," ","Input"
"410","410","410",241886,242009,123,"t","t","192","36","t","Input"
"411","411","411",242291,242442,151,"w","w","193","36","w","Input"
"412","412","412",242440,242586,146,"o","o","194","36","o","Input"
"413","413","413",242599,242703,104,"Space","Space","195","36"," ","Input"
"414","414","414",242794,242910,116,"h","h","196","37","h","Input"
"415","415","415",242890,243129,239,"e","e","197","37","e","Input"
"416","416","416",243022,243200,178,"a","a","198","37","a","Input"
"417","417","417",243366,243485,119,"d","d","199","37","d","Input"
"418","418","418",243554,243684,130,"s","s","200","37","s","Input"
"419","419","419",243723,243829,106,"Space","Space","201","37"," ","Input"
"420","420","420",243991,244094,103,"t","t","202","38","t","Input"
"421","421","421",244770,244857,87,"h","h","203","38","h","Input"
"422","422","422",244932,245011,79,"i","i","204","38","i","Input"
"423","423","423",245096,245180,84,"n","n","205","38","n","Input"
"424","424","424",245249,245385,136,"k","k","206","38","k","Input"
"425","425","425",245382,245518,136,"Space","Space","207","38"," ","Input"
"426","426","426",245661,245756,95,"b","b","208","39","b","Input"
"427","427","427",245769,245888,119,"e","e","209","39","e","Input"
"428","428","428",245968,246043,75,"t","t","210","39","t","Input"
"429","429","429",246132,246228,96,"t","t","211","39","t","Input"
"430","430","430",246277,246442,165,"e","e","212","39","e","Input"
"431","431","431",246388,246531,143,"r","r","213","39","r","Input"
"432","432","432",246521,246645,124,"Space","Space","214","39"," ","Input"
"433","433","433",246691,246768,77,"t","t","215","40","t","Input"
"434","434","434",246750,246844,94,"h","h","216","40","h","Input"
"435","435","435",246852,246990,138,"a","a","217","40","a","Input"
"436","436","436",246958,247099,141,"n","n","218","40","n","Input"
"437","437","437",247082,247213,131,"Space","Space","219","40"," ","Input"
"438","438","438",247261,247343,82,"o","o","220","41","o","Input"
"439","439","439",247445,247537,92,"n","n","221","41","n","Input"
"440","440","440",247534,247672,138,"e","e","222","41","e","Input"
"441","441","441",247670,247826,156,".",".","223","41",".","Input"
"442","442","442",247875,247948,73,"Space","Space","224","41"," ","Input"
"443","443","443",267283,267283,0,"Shift","Shift","224","41","NoChange","Nonproduction"
"444","444","444",267508,267662,154,"W","w","225","42","W","Input"
"445","445","445",267710,267799,89,"h","h","226","42","h","Input"
"446","446","446",267780,267912,132,"a","a","227","42","a","Input"
"447","447","447",267914,268043,129,"t","t","228","42","t","Input"
"448","448","448",268029,268164,135,"Space","Space","229","42"," ","Input"
"449","449","449",268330,268457,127,"s","s","230","43","s","Input"
"450","450","450",268806,268866,60,"o","o","231","43","o","Input"
"451","451","451",269130,269185,55,"Backspace","Backspace","230","43","o","Remove/Cut"
"452","452","452",269270,269346,76,"Backspace","Backspace","229","42","s","Remove/Cut"
"453","453","453",269454,269542,88,"o","o","230","43","o","Input"
"454","454","454",269649,269716,67,"n","n","231","43","n","Input"
"455","455","455",269911,270046,135,"e","e","232","43","e","Input"
"456","456","456",270085,270163,78,"Space","Space","233","43"," ","Input"
"457","457","457",270291,270382,91,"m","m","234","44","m","Input"
"458","458","458",270457,270544,87,"i","i","235","44","i","Input"
"459","459","459",270648,270743,95,"g","g","236","44","g","Input"
"460","460","460",270787,270862,75,"h","h","237","44","h","Input"
"461","461","461",270908,271041,133,"t","t","238","44","t","Input"
"462","462","462",271024,271112,88,"Space","Space","239","44"," ","Input"
"463","463","463",271196,271259,63,"n","n","240","45","n","Input"
"464","464","464",271603,271702,99,"i","i","241","45","i","Input"
"465","465","465",271771,271863,92,"t","t","242","45","t","Input"
"466","466","466",271832,271919,87,"Space","Space","243","45"," ","Input"
"467","467","467",271973,272058,85,"t","t","244","46","t","Input"
"468","468","468",272326,272389,63,"Backspace","Backspace","243","45","t","Remove/Cut"
"469","469","469",272485,272530,45,"Backspace","Backspace","242","45"," ","Remove/Cut"
"470","470","470",272619,272670,51,"Backspace","Backspace","241","45","t","Remove/Cut"
"471","471","471",272736,272820,84,"Backspace","Backspace","240","45","i","Remove/Cut"
"472","472","472",272921,273025,104,"i","i","241","45","i","Input"
"473","473","473",273092,273196,104,"t","t","242","45","t","Input"
"474","474","474",273235,273284,49,"Space","Space","243","45"," ","Input"
"475","475","475",273509,273568,59,"Backspace","Backspace","242","45"," ","Remove/Cut"
"476","476","476",273672,273706,34,"Backspace","Backspace","241","45","t","Remove/Cut"
"477","477","477",273805,273882,77,"Backspace","Backspace","240","45","i","Remove/Cut"
"478","478","478",274275,274374,99,"o","o","241","45","o","Input"
"479","479","479",274426,274533,107,"t","t","242","45","t","Input"
"480","480","480",274535,274605,70,"Space","Space","243","45"," ","Input"
"481","481","481",274657,274737,80,"t","t","244","46","t","Input"
"482","482","482",274711,274798,87,"h","h","245","46","h","Input"
"483","483","483",274857,274949,92,"i","i","246","46","i","Input"
"484","484","484",275217,275332,115,"n","n","247","46","n","Input"
"485","485","485",275385,275545,160,"k","k","248","46","k","Input"
"486","486","486",275590,275654,64,"Space","Space","249","46"," ","Input"
"487","487","487",275719,275763,44,"i","i","250","47","i","Input"
"488","488","488",275810,275945,135,"f","f","251","47","f","Input"
"489","489","489",275989,276046,57,"Space","Space","252","47"," ","Input"
"490","490","490",276199,276279,80,"Backspace","Backspace","251","47"," ","Remove/Cut"
"491","491","491",276347,276427,80,"Backspace","Backspace","250","47","f","Remove/Cut"
"492","492","492",276488,276581,93,"Backspace","Backspace","249","46","i","Remove/Cut"
"493","493","493",276700,276795,95,"i","i","250","47","i","Input"
"494","494","494",276841,276961,120,"f","f","251","47","f","Input"
"495","495","495",276940,277039,99,"Space","Space","252","47"," ","Input"
"496","496","496",277223,277299,76,"Backspace","Backspace","251","47"," ","Remove/Cut"
"497","497","497",277381,277432,51,"Backspace","Backspace","250","47","f","Remove/Cut"
"498","498","498",277503,277587,84,"Backspace","Backspace","249","46","i","Remove/Cut"
"499","499","499",277676,277777,101,"o","o","250","47","o","Input"
"500","500","500",277772,277901,129,"f","f","251","47","f","Input"
"501","501","501",277884,277987,103,"Space","Space","252","47"," ","Input"
"502","502","502",280245,280360,115,"t","t","253","48","t","Input"
"503","503","503",280412,280531,119,"h","h","254","48","h","Input"
"504","504","504",280514,280621,107,"e","e","255","48","e","Input"
"505","505","505",280618,280697,79,"Space","Space","256","48"," ","Input"
"506","506","506",281131,281262,131,"o","o","257","49","o","Input"
"507","507","507",281319,281415,96,"t","t","258","49","t","Input"
"508","508","508",281413,281510,97,"h","h","259","49","h","Input"
"509","509","509",281488,281647,159,"e","e","260","49","e","Input"
"510","510","510",281589,281740,151,"r","r","261","49","r","Input"
"511","511","511",281742,281869,127,"Space","Space","262","49"," ","Input"
"512","512","512",281966,282053,87,"m","m","263","50","m","Input"
"513","513","513",282132,282250,118,"i","i","264","50","i","Input"
"514","514","514",282291,282367,76,"g","g","265","50","g","Input"
"515","515","515",282410,282475,65,"h","h","266","50","h","Input"
"516","516","516",282478,282587,109,"t","t","267","50","t","Input"
"517","517","517",282670,282858,188,".",".","268","50",".","Input"
"518","518","518",282912,283016,104,"Space","Space","269","50"," ","Input"
"519","519","519",283897,283897,0,"Shift","Shift","269","50","NoChange","Nonproduction"
"520","520","520",284049,284167,118,"T","t","270","51","T","Input"
"521","521","521",284164,284249,85,"h","h","271","51","h","Input"
"522","522","522",284229,284375,146,"e","e","272","51","e","Input"
"523","523","523",284348,284519,171,"r","r","273","51","r","Input"
"524","524","524",284461,284603,142,"e","e","274","51","e","Input"
"525","525","525",284562,284692,130,"Space","Space","275","51"," ","Input"
"526","526","526",284747,284850,103,"i","i","276","52","i","Input"
"527","527","527",285210,285302,92,"Backspace","Backspace","275","51","i","Remove/Cut"
"528","528","528",285371,285873,502,"Backspace","Backspace","274","51"," ","Remove/Cut"
"529","529","529",285873,285956,83,"Backspace","Backspace","273","51","e","Remove/Cut"
"530","530","530",285956,286041,85,"Backspace","Backspace","272","51","r","Remove/Cut"
"531","531","531",286041,286126,85,"Backspace","Backspace","271","51","e","Remove/Cut"
"532","532","532",286126,286209,83,"Backspace","Backspace","270","51","h","Remove/Cut"
"533","533","533",286209,286294,85,"Backspace","Backspace","269","50","T","Remove/Cut"
"534","534","534",286294,286306,12,"Backspace","Backspace","268","50"," ","Remove/Cut"
"535","535","535",287528,287645,117,"Leftclick","Leftclick","166","50","NoChange","Nonproduction"
"536","536","536",290276,290276,0,"Shift","Shift","166","50","NoChange","Nonproduction"
"537","537","537",290472,290573,101,"I","i","167","50","I","Input"
"538","538","538",290662,290786,124,"t","t","168","50","t","Input"
"539","539","539",290788,290876,88,"Space","Space","169","51"," ","Input"
"540","540","540",290966,291119,153,"c","c","170","51","c","Input"
"541","541","541",291117,291242,125,"a","a","171","51","a","Input"
"542","542","542",291212,291367,155,"n","n","172","51","n","Input"
"543","543","543",291312,291436,124,"Space","Space","173","52"," ","Input"
"544","544","544",291536,291644,108,"b","b","174","52","b","Input"
"545","545","545",291641,291740,99,"e","e","175","52","e","Input"
"546","546","546",291782,291876,94,"Space","Space","176","53"," ","Input"
"547","547","547",293028,293183,155,"f","f","177","53","f","Input"
"548","548","548",293232,293370,138,"u","u","178","53","u","Input"
"549","549","549",293351,293490,139,"s","s","179","53","s","Input"
"550","550","550",293597,293719,122,"t","t","180","53","t","Input"
"551","551","551",293801,293920,119,"a","a","181","53","a","Input"
"552","552","552",294215,294344,129,"Backspace","Backspace","180","53","a","Remove/Cut"
"553","553","553",294319,294493,174,"r","r","181","53","r","Input"
"554","554","554",294772,294866,94,"Backspace","Backspace","180","53","r","Remove/Cut"
"555","555","555",295205,295354,149,"Backspace","Backspace","179","53","t","Remove/Cut"
"556","556","556",295463,295582,119,"Backspace","Backspace","178","53","s","Remove/Cut"
"557","557","557",295693,295787,94,"Backspace","Backspace","177","53","u","Remove/Cut"
"558","558","558",295874,295965,91,"Backspace","Backspace","176","53","f","Remove/Cut"
"559","559","559",299915,300051,136,"d","d","177","53","d","Input"
"560","560","560",300062,300140,78,"i","i","178","53","i","Input"
"561","561","561",300211,300275,64,"f","f","179","53","f","Input"
"562","562","562",300364,300444,80,"f","f","180","53","f","Input"
"563","563","563",300504,300630,126,"i","i","181","53","i","Input"
"564","564","564",300667,300780,113,"c","c","182","53","c","Input"
"565","565","565",300823,300956,133,"u","u","183","53","u","Input"
"566","566","566",301004,301115,111,"t","t","184","53","t","Input"
"567","567","567",301151,301296,145,"l","l","185","53","l","Input"
"568","568","568",301336,301476,140,"Space","Space","186","54"," ","Input"
"569","569","569",301520,301638,118,"a","a","187","54","a","Input"
"570","570","570",301687,301809,122,"t","t","188","54","t","Input"
"571","571","571",301791,301910,119,"Space","Space","189","55"," ","Input"
"572","572","572",302042,302130,88,"Backspace","Backspace","188","54"," ","Remove/Cut"
"573","573","573",302214,302287,73,"Backspace","Backspace","187","54","t","Remove/Cut"
"574","574","574",302379,302442,63,"Backspace","Backspace","186","54","a","Remove/Cut"
"575","575","575",302544,302608,64,"Backspace","Backspace","185","53"," ","Remove/Cut"
"576","576","576",302706,302750,44,"Backspace","Backspace","184","53","l","Remove/Cut"
"577","577","577",302848,302935,87,"Backspace","Backspace","183","53","t","Remove/Cut"
"578","578","578",303129,303260,131,"l","l","184","53","l","Input"
"579","579","579",303313,303427,114,"t","t","185","53","t","Input"
"580","580","580",303429,303554,125,"Space","Space","186","54"," ","Input"
"581","581","581",304371,304490,119,"a","a","187","54","a","Input"
"582","582","582",304571,304683,112,"t","t","188","54","t","Input"
"583","583","583",304717,304820,103,"Space","Space","189","55"," ","Input"
"584","584","584",304822,304923,101,"t","t","190","55","t","Input"
"585","585","585",305089,305176,87,"h","h","191","55","h","Input"
"586","586","586",305525,305624,99,"Backspace","Backspace","190","55","h","Remove/Cut"
"587","587","587",305749,305843,94,"i","i","191","55","i","Input"
"588","588","588",305968,306083,115,"m","m","192","55","m","Input"
"589","589","589",306085,306227,142,"e","e","193","55","e","Input"
"590","590","590",306202,306343,141,"Space","Space","194","56"," ","Input"
"591","591","591",306389,306515,126,"a","a","195","56","a","Input"
"592","592","592",306510,306609,99,"n","n","196","56","n","Input"
"593","593","593",306656,306736,80,"d","d","197","56","d","Input"
"594","594","594",306739,306864,125,"Space","Space","198","57"," ","Input"
"595","595","595",308927,309091,164,"w","w","199","57","w","Input"
"596","596","596",309060,309210,150,"e","e","200","57","e","Input"
"597","597","597",309214,309319,105,"Space","Space","201","58"," ","Input"
"598","598","598",309400,309499,99,"m","m","202","58","m","Input"
"599","599","599",309585,309680,95,"i","i","203","58","i","Input"
"600","600","600",309683,309784,101,"g","g","204","58","g","Input"
"601","601","601",309826,309924,98,"h","h","205","58","h","Input"
"602","602","602",310064,310202,138,"t","t","206","58","t","Input"
"603","603","603",310179,310299,120,"Space","Space","207","59"," ","Input"
"604","604","604",310415,310499,84,"b","b","208","59","b","Input"
"605","605","605",310722,310828,106,"Backspace","Backspace","207","59","b","Remove/Cut"
"606","606","606",310798,310913,115,"f","f","208","59","f","Input"
"607","607","607",310993,311076,83,"e","e","209","59","e","Input"
"608","608","608",311146,311265,119,"e","e","210","59","e","Input"
"609","609","609",311370,311497,127,"Space","Space","211","60"," ","Input"
"610","610","610",311754,311841,87,"Backspace","Backspace","210","59"," ","Remove/Cut"
"611","611","611",311980,312083,103,"l","l","211","59","l","Input"
"612","612","612",312611,312730,119,"Space","Space","212","60"," ","Input"
"613","613","613",315934,316048,114,"l","l","213","60","l","Input"
"614","614","614",316131,316204,73,"i","i","214","60","i","Input"
"615","615","615",316296,316378,82,"k","k","215","60","k","Input"
"616","616","616",316382,316473,91,"e","e","216","60","e","Input"
"617","617","617",316468,316567,99,"Space","Space","217","61"," ","Input"
"618","618","618",316700,316857,157,"w","w","218","61","w","Input"
"619","619","619",316836,317001,165,"e","e","219","61","e","Input"
"620","620","620",316980,317095,115,"Space","Space","220","62"," ","Input"
"621","621","621",317175,317271,96,"n","n","221","62","n","Input"
"622","622","622",317310,317393,83,"e","e","222","62","e","Input"
"623","623","623",317456,317554,98,"e","e","223","62","e","Input"
"624","624","624",317622,317751,129,"d","d","224","62","d","Input"
"625","625","625",317734,317873,139,"Space","Space","225","63"," ","Input"
"626","626","626",319255,319362,107,"Backspace","Backspace","224","62"," ","Remove/Cut"
"627","627","627",319489,319567,78,"Backspace","Backspace","223","62","d","Remove/Cut"
"628","628","628",319678,319757,79,"Backspace","Backspace","222","62","e","Remove/Cut"
"629","629","629",319868,319924,56,"Backspace","Backspace","221","62","e","Remove/Cut"
"630","630","630",320045,320107,62,"Backspace","Backspace","220","62","n","Remove/Cut"
"631","631","631",320488,320587,99,"d","d","221","62","d","Input"
"632","632","632",320629,320724,95,"o","o","222","62","o","Input"
"633","633","633",320769,320881,112,"Space","Space","223","63"," ","Input"
"634","634","634",320952,321034,82,"n","n","224","63","n","Input"
"635","635","635",321107,321186,79,"o","o","225","63","o","Input"
"636","636","636",321237,321341,104,"t","t","226","63","t","Input"
"637","637","637",321298,321402,104,"Space","Space","227","64"," ","Input"
"638","638","638",321448,321571,123,"k","k","228","64","k","Input"
"639","639","639",321852,321942,90,"Backspace","Backspace","227","64","k","Remove/Cut"
"640","640","640",322067,322158,91,"n","n","228","64","n","Input"
"641","641","641",322196,322248,52,"e","e","229","64","e","Input"
"642","642","642",322334,322414,80,"e","e","230","64","e","Input"
"643","643","643",322505,322620,115,"d","d","231","64","d","Input"
"644","644","644",322592,322723,131,"Space","Space","232","65"," ","Input"
"645","645","645",322704,322828,124,"a","a","233","65","a","Input"
"646","646","646",322831,322928,97,"n","n","234","65","n","Input"
"647","647","647",323041,323120,79,"y","y","235","65","y","Input"
"648","648","648",323249,323324,75,"o","o","236","65","o","Input"
"649","649","649",323434,323545,111,"n","n","237","65","n","Input"
"650","650","650",323552,323645,93,"e","e","238","65","e","Input"
"651","651","651",323648,323733,85,"Space","Space","239","66"," ","Input"
"652","652","652",323828,323922,94,"b","b","240","66","b","Input"
"653","653","653",324015,324134,119,"u","u","241","66","u","Input"
"654","654","654",324181,324241,60,"t","t","242","66","t","Input"
"655","655","655",324281,324354,73,"Space","Space","243","67"," ","Input"
"656","656","656",324420,324511,91,"i","i","244","67","i","Input"
"657","657","657",324613,324761,148,"n","n","245","67","n","Input"
"658","658","658",324745,324864,119,"Space","Space","246","68"," ","Input"
"659","659","659",324991,325174,183,"r","r","247","68","r","Input"
"660","660","660",325111,325298,187,"e","e","248","68","e","Input"
"661","661","661",325252,325386,134,"a","a","249","68","a","Input"
"662","662","662",325375,325510,135,"l","l","250","68","l","Input"
"663","663","663",325681,325832,151,"i","i","251","68","i","Input"
"664","664","664",325909,326010,101,"t","t","252","68","t","Input"
"665","665","665",326048,326189,141,"y","y","253","68","y","Input"
"666","666","666",326192,326277,85,"Space","Space","254","69"," ","Input"
"667","667","667",326591,326734,143,"Backspace","Backspace","253","68"," ","Remove/Cut"
"668","668","668",327028,327088,60,"m","m","254","68","m","Input"
"669","669","669",327678,327822,144,"Backspace","Backspace","253","68","m","Remove/Cut"
"670","670","670",327896,327960,64,",",",","254","68",",","Input"
"671","671","671",328006,328172,166,"Space","Space","255","69"," ","Input"
"672","672","672",328644,328815,171,"w","w","256","69","w","Input"
"673","673","673",328765,328936,171,"e","e","257","69","e","Input"
"674","674","674",328983,329090,107,"Space","Space","258","70"," ","Input"
"675","675","675",329180,329288,108,"n","n","259","70","n","Input"
"676","676","676",329334,329408,74,"e","e","260","70","e","Input"
"677","677","677",329501,329572,71,"e","e","261","70","e","Input"
"678","678","678",329668,329787,119,"d","d","262","70","d","Input"
"679","679","679",329833,329953,120,"Space","Space","263","71"," ","Input"
"680","680","680",342614,342825,211,"w","w","264","71","w","Input"
"681","681","681",342750,342913,163,"e","e","265","71","e","Input"
"682","682","682",342960,343064,104,"Space","Space","266","72"," ","Input"
"683","683","683",344303,344418,115,"w","w","267","72","w","Input"
"684","684","684",344734,344824,90,"Backspace","Backspace","266","72","w","Remove/Cut"
"685","685","685",345632,345869,237,"c","c","267","72","c","Input"
"686","686","686",345844,345987,143,"a","a","268","72","a","Input"
"687","687","687",346021,346155,134,"n","n","269","72","n","Input"
"688","688","688",346080,346218,138,"Space","Space","270","73"," ","Input"
"689","689","689",346859,346989,130,"d","d","271","73","d","Input"
"690","690","690",346971,347150,179,"o","o","272","73","o","Input"
"691","691","691",347194,347320,126,"Space","Space","273","74"," ","Input"
"692","692","692",347979,348086,107,"m","m","274","74","m","Input"
"693","693","693",348216,348369,153,"u","u","275","74","u","Input"
"694","694","694",348611,348690,79,"Backspace","Backspace","274","74","u","Remove/Cut"
"695","695","695",348797,348900,103,"Backspace","Backspace","273","74","m","Remove/Cut"
"696","696","696",349065,349199,134,"a","a","274","74","a","Input"
"697","697","697",349194,349288,94,"Space","Space","275","75"," ","Input"
"698","698","698",349361,349473,112,"m","m","276","75","m","Input"
"699","699","699",349566,349678,112,"u","u","277","75","u","Input"
"700","700","700",349724,349804,80,"c","c","278","75","c","Input"
"701","701","701",349966,350014,48,"h","h","279","75","h","Input"
"702","702","702",350276,350306,30,"Backspace","Backspace","278","75","h","Remove/Cut"
"703","703","703",350759,350899,140,"h","h","279","75","h","Input"
"704","704","704",350944,351030,86,"Space","Space","280","76"," ","Input"
"705","705","705",351138,351237,99,"b","b","281","76","b","Input"
"706","706","706",351282,351383,101,"e","e","282","76","e","Input"
"707","707","707",351475,351555,80,"t","t","283","76","t","Input"
"708","708","708",351626,351706,80,"t","t","284","76","t","Input"
"709","709","709",351744,351882,138,"e","e","285","76","e","Input"
"710","710","710",351839,351980,141,"r","r","286","76","r","Input"
"711","711","711",351950,352070,120,"Space","Space","287","77"," ","Input"
"712","712","712",352113,352229,116,"w","w","288","77","w","Input"
"713","713","713",352438,352553,115,"o","o","289","77","o","Input"
"714","714","714",352594,352733,139,"r","r","290","77","r","Input"
"715","715","715",352778,352935,157,"k","k","291","77","k","Input"
"716","716","716",353003,353107,104,"Space","Space","292","78"," ","Input"
"717","717","717",388130,389313,1183,"Leftclick","Leftclick","262","78","NoChange","Nonproduction"
"718","718","718",389537,389619,82,"Backspace","Backspace","255","76","we need","Remove/Cut"
"719","719","719",390357,390448,91,"Backspace","Backspace","254","76"," ","Remove/Cut"
"720","720","720",391421,391536,115,"Leftclick","Leftclick","284","76","NoChange","Nonproduction"
"721","721","721",392914,393053,139,"w","w","285","76","w","Input"
"722","722","722",393034,393181,147,"o","o","286","76","o","Input"
"723","723","723",393246,393380,134,"r","r","287","76","r","Input"
"724","724","724",393346,393447,101,"k","k","288","76","k","Input"
"725","725","725",393513,393582,69,"i","i","289","76","i","Input"
"726","726","726",393680,393774,94,"n","n","290","76","n","Input"
"727","727","727",393765,393863,98,"g","g","291","76","g","Input"
"728","728","728",393867,393980,113,"Space","Space","292","77"," ","Input"
"729","729","729",394039,394151,112,"t","t","293","77","t","Input"
"730","730","730",394116,394213,97,"o","o","294","77","o","Input"
"731","731","731",394353,394464,111,"g","g","295","77","g","Input"
"732","732","732",394559,394674,115,"e","e","296","77","e","Input"
"733","733","733",394718,394813,95,"t","t","297","77","t","Input"
"734","734","734",394811,394923,112,"h","h","298","77","h","Input"
"735","735","735",394902,395037,135,"e","e","299","77","e","Input"
"736","736","736",394994,395113,119,"r","r","300","77","r","Input"
"737","737","737",395151,395309,158,".",".","301","77",".","Input"
"738","738","738",395286,395409,123,"Space","Space","302","78"," ","Input"
"739","739","739",396650,396801,151,"Leftclick","Leftclick","404","78","NoChange","Nonproduction"
"740","740","740",398125,398201,76,"Leftclick","Leftclick","360","78","NoChange","Nonproduction"
"741","741","741",398600,398600,0,"Shift","Shift","360","78","NoChange","Nonproduction"
"742","742","742",398728,398854,126,"T","t","361","78","T","Input"
"743","743","743",398811,398923,112,"h","h","362","78","h","Input"
"744","744","744",398971,399093,122,"e","e","363","78","e","Input"
"745","745","745",399054,399244,190,"r","r","364","78","r","Input"
"746","746","746",399174,399292,118,"e","e","365","78","e","Input"
"747","747","747",399217,399356,139,"Space","Space","366","79"," ","Input"
"748","748","748",399354,399457,103,"i","i","367","79","i","Input"
"749","749","749",399447,399560,113,"s","s","368","79","s","Input"
"750","750","750",399603,399676,73,"Space","Space","369","80"," ","Input"
"751","751","751",399654,399782,128,"a","a","370","80","a","Input"
"752","752","752",399817,399885,68,"Space","Space","371","81"," ","Input"
"753","753","753",400001,400243,242,"r","r","372","81","r","Input"
"754","754","754",400098,400299,201,"e","e","373","81","e","Input"
"755","755","755",400221,400365,144,"a","a","374","81","a","Input"
"756","756","756",400423,400558,135,"s","s","375","81","s","Input"
"757","757","757",400527,400663,136,"o","o","376","81","o","Input"
"758","758","758",400733,400888,155,"n","n","377","81","n","Input"
"759","759","759",400833,400960,127,"Space","Space","378","82"," ","Input"
"760","760","760",401004,401105,101,"f","f","379","82","f","Input"
"761","761","761",401108,401223,115,"o","o","380","82","o","Input"
"762","762","762",401218,401348,130,"r","r","381","82","r","Input"
"763","763","763",401333,401460,127,"Space","Space","382","83"," ","Input"
"764","764","764",401639,401744,105,"t","t","383","83","t","Input"
"765","765","765",401719,401861,142,"h","h","384","83","h","Input"
"766","766","766",401839,401998,159,"a","a","385","83","a","Input"
"767","767","767",401943,402059,116,"t","t","386","83","t","Input"
"768","768","768",402062,402205,143,".",".","387","83",".","Input"
"769","769","769",402251,402314,63,"Space","Space","388","84"," ","Input"
"770","770","770",403595,403700,105,"Leftclick","Leftclick","432","84","NoChange","Nonproduction"
"771","771","771",405110,405284,174,"Space","Space","433","84"," ","Input"
"772","772","772",421303,421303,0,"Shift","Shift","433","84","NoChange","Nonproduction"
"773","773","773",421543,421718,175,"A","a","434","85","A","Input"
"774","774","774",421659,421806,147,"L","l","435","85","L","Input"
"775","775","775",421809,421921,112,"s","s","436","85","s","Input"
"776","776","776",421907,422072,165,"o","o","437","85","o","Input"
"777","777","777",422051,422201,150,"Space","Space","438","85"," ","Input"
"778","778","778",422397,422460,63,"Backspace","Backspace","437","85"," ","Remove/Cut"
"779","779","779",422570,422609,39,"Backspace","Backspace","436","85","o","Remove/Cut"
"780","780","780",422704,422743,39,"Backspace","Backspace","435","85","s","Remove/Cut"
"781","781","781",422824,422915,91,"Backspace","Backspace","434","85","L","Remove/Cut"
"782","782","782",423031,423162,131,"l","l","435","85","l","Input"
"783","783","783",423171,423305,134,"s","s","436","85","s","Input"
"784","784","784",423287,423431,144,"o","o","437","85","o","Input"
"785","785","785",423384,423536,152,"Space","Space","438","85"," ","Input"
"786","786","786",424471,424602,131,"t","t","439","86","t","Input"
"787","787","787",424599,424693,94,"h","h","440","86","h","Input"
"788","788","788",424667,424797,130,"e","e","441","86","e","Input"
"789","789","789",424749,424969,220,"r","r","442","86","r","Input"
"790","790","790",424874,425015,141,"e","e","443","86","e","Input"
"791","791","791",424931,425073,142,"Space","Space","444","86"," ","Input"
"792","792","792",425070,425231,161,"a","a","445","87","a","Input"
"793","793","793",425196,425397,201,"r","r","446","87","r","Input"
"794","794","794",425319,425485,166,"e","e","447","87","e","Input"
"795","795","795",425448,425547,99,"Space","Space","448","87"," ","Input"
"796","796","796",425598,425676,78,"t","t","449","88","t","Input"
"797","797","797",425661,425760,99,"h","h","450","88","h","Input"
"798","798","798",425812,425909,97,"i","i","451","88","i","Input"
"799","799","799",425972,426058,86,"n","n","452","88","n","Input"
"800","800","800",426100,426187,87,"g","g","453","88","g","Input"
"801","801","801",426281,426396,115,"s","s","454","88","s","Input"
"802","802","802",426400,426512,112,"Space","Space","455","88"," ","Input"
"803","803","803",426548,426624,76,"t","t","456","89","t","Input"
"804","804","804",426606,426706,100,"h","h","457","89","h","Input"
"805","805","805",426676,426820,144,"a","a","458","89","a","Input"
"806","806","806",426778,426879,101,"t","t","459","89","t","Input"
"807","807","807",426865,426946,81,"Space","Space","460","89"," ","Input"
"808","808","808",426982,427172,190,"w","w","461","90","w","Input"
"809","809","809",427119,427324,205,"e","e","462","90","e","Input"
"810","810","810",427313,427472,159,"Space","Space","463","90"," ","Input"
"811","811","811",427461,427627,166,"c","c","464","91","c","Input"
"812","812","812",427588,427723,135,"a","a","465","91","a","Input"
"813","813","813",427692,427832,140,"n","n","466","91","n","Input"
"814","814","814",427784,427912,128,"Space","Space","467","91"," ","Input"
"815","815","815",428008,428087,79,"n","n","468","92","n","Input"
"816","816","816",428174,428255,81,"o","o","469","92","o","Input"
"817","817","817",428300,428391,91,"t","t","470","92","t","Input"
"818","818","818",428377,428516,139,"Space","Space","471","92"," ","Input"
"819","819","819",428566,428656,90,"a","a","472","93","a","Input"
"820","820","820",428794,428917,123,"c","c","473","93","c","Input"
"821","821","821",429013,429124,111,"h","h","474","93","h","Input"
"822","822","822",429184,429309,125,"i","i","475","93","i","Input"
"823","823","823",429350,429422,72,"e","e","476","93","e","Input"
"824","824","824",429524,429611,87,"v","v","477","93","v","Input"
"825","825","825",429677,429801,124,"e","e","478","93","e","Input"
"826","826","826",429859,429963,104,"Space","Space","479","93"," ","Input"
"827","827","827",430502,430621,119,"Backspace","Backspace","478","93"," ","Remove/Cut"
"828","828","828",430950,431041,91,"Backspace","Backspace","477","93","e","Remove/Cut"
"829","829","829",431137,431216,79,"Backspace","Backspace","476","93","v","Remove/Cut"
"830","830","830",431309,431372,63,"Backspace","Backspace","475","93","e","Remove/Cut"
"831","831","831",431460,431531,71,"Backspace","Backspace","474","93","i","Remove/Cut"
"832","832","832",431626,431681,55,"Backspace","Backspace","473","93","h","Remove/Cut"
"833","833","833",431782,431841,59,"Backspace","Backspace","472","93","c","Remove/Cut"
"834","834","834",431961,432052,91,"Backspace","Backspace","471","92","a","Remove/Cut"
"835","835","835",432861,432976,115,"d","d","472","93","d","Input"
"836","836","836",433040,433207,167,"o","o","473","93","o","Input"
"837","837","837",433154,433277,123,"Space","Space","474","93"," ","Input"
"838","838","838",433590,433680,90,"b","b","475","94","b","Input"
"839","839","839",433908,434024,116,"y","y","476","94","y","Input"
"840","840","840",434027,434202,175,"Space","Space","477","94"," ","Input"
"841","841","841",434442,434552,110,"o","o","478","95","o","Input"
"842","842","842",434851,434919,68,"t","t","479","95","t","Input"
"843","843","843",435243,435345,102,"Backspace","Backspace","478","95","t","Remove/Cut"
"844","844","844",435549,435688,139,"u","u","479","95","u","Input"
"845","845","845",435813,435976,163,"r","r","480","95","r","Input"
"846","846","846",436139,436343,204,"s","s","481","95","s","Input"
"847","847","847",436308,436442,134,"e","e","482","95","e","Input"
"848","848","848",436432,436574,142,"l","l","483","95","l","Input"
"849","849","849",436578,436715,137,"f","f","484","95","f","Input"
"850","850","850",436972,437083,111,"Backspace","Backspace","483","95","f","Remove/Cut"
"851","851","851",437018,437158,140,"v","v","484","95","v","Input"
"852","852","852",437225,437430,205,"e","e","485","95","e","Input"
"853","853","853",437364,437497,133,"s","s","486","95","s","Input"
"854","854","854",437473,437611,138,"Space","Space","487","95"," ","Input"
"855","855","855",437588,437703,115,"a","a","488","96","a","Input"
"856","856","856",437752,437820,68,"n","n","489","96","n","Input"
"857","857","857",437796,437945,149,"d","d","490","96","d","Input"
"858","858","858",437921,438032,111,"Space","Space","491","96"," ","Input"
"859","859","859",438081,438265,184,"w","w","492","97","w","Input"
"860","860","860",438231,438409,178,"e","e","493","97","e","Input"
"861","861","861",438354,438477,123,"Space","Space","494","97"," ","Input"
"862","862","862",438576,438618,42,"n","n","495","98","n","Input"
"863","863","863",438741,438872,131,"e","e","496","98","e","Input"
"864","864","864",438923,439027,104,"e","e","497","98","e","Input"
"865","865","865",439096,439230,134,"d","d","498","98","d","Input"
"866","866","866",439172,439315,143,"Space","Space","499","98"," ","Input"
"867","867","867",439355,439469,114,"t","t","500","99","t","Input"
"868","868","868",439527,439663,136,"h","h","501","99","h","Input"
"869","869","869",439640,439794,154,"e","e","502","99","e","Input"
"870","870","870",439759,439907,148,"Space","Space","503","99"," ","Input"
"871","871","871",440075,440173,98,"h","h","504","100","h","Input"
"872","872","872",440225,440362,137,"e","e","505","100","e","Input"
"873","873","873",440365,440478,113,"l","l","506","100","l","Input"
"874","874","874",440562,440678,116,"p","p","507","100","p","Input"
"875","875","875",440731,440840,109,"Space","Space","508","100"," ","Input"
"876","876","876",440952,441030,78,"o","o","509","101","o","Input"
"877","877","877",441155,441245,90,"f","f","510","101","f","Input"
"878","878","878",441290,441380,90,"Space","Space","511","101"," ","Input"
"879","879","879",441424,441476,52,"t","t","512","102","t","Input"
"880","880","880",441699,441794,95,"Backspace","Backspace","511","101","t","Remove/Cut"
"881","881","881",441921,442011,90,"o","o","512","102","o","Input"
"882","882","882",442110,442212,102,"t","t","513","102","t","Input"
"883","883","883",442200,442300,100,"h","h","514","102","h","Input"
"884","884","884",442341,442440,99,"e","e","515","102","e","Input"
"885","885","885",442394,442565,171,"r","r","516","102","r","Input"
"886","886","886",442542,442669,127,"Space","Space","517","102"," ","Input"
"887","887","887",442919,443025,106,"Backspace","Backspace","516","102"," ","Remove/Cut"
"888","888","888",443023,443137,114,"s","s","517","102","s","Input"
"889","889","889",443122,443249,127,"Space","Space","518","102"," ","Input"
"890","890","890",443291,443393,102,"t","t","519","103","t","Input"
"891","891","891",443440,443582,142,"o","o","520","103","o","Input"
"892","892","892",443535,443666,131,"Space","Space","521","103"," ","Input"
"893","893","893",444105,444180,75,"o","o","522","104","o","Input"
"894","894","894",444337,444407,70,"b","b","523","104","b","Input"
"895","895","895",444614,444724,110,"t","t","524","104","t","Input"
"896","896","896",444732,444869,137,"a","a","525","104","a","Input"
"897","897","897",444917,444984,67,"i","i","526","104","i","Input"
"898","898","898",445230,445316,86,"Backspace","Backspace","525","104","i","Remove/Cut"
"899","899","899",445414,445480,66,"Backspace","Backspace","524","104","a","Remove/Cut"
"900","900","900",445570,445640,70,"Backspace","Backspace","523","104","t","Remove/Cut"
"901","901","901",445726,445797,71,"Backspace","Backspace","522","104","b","Remove/Cut"
"902","902","902",445872,445959,87,"Backspace","Backspace","521","103","o","Remove/Cut"
"903","903","903",446007,446087,80,"g","g","522","104","g","Input"
"904","904","904",446183,446305,122,"e","e","523","104","e","Input"
"905","905","905",446359,446463,104,"t","t","524","104","t","Input"
"906","906","906",446509,446598,89,"Space","Space","525","104"," ","Input"
"907","907","907",446592,446711,119,"t","t","526","105","t","Input"
"908","908","908",446708,446897,189,"o","o","527","105","o","Input"
"909","909","909",446869,447008,139,"Space","Space","528","105"," ","Input"
"910","910","910",447325,447436,111,"o","o","529","106","o","Input"
"911","911","911",447519,447609,90,"u","u","530","106","u","Input"
"912","912","912",447658,447746,88,"r","r","531","106","r","Input"
"913","913","913",447794,447903,109,"Space","Space","532","106"," ","Input"
"914","914","914",447973,448052,79,"g","g","533","107","g","Input"
"915","915","915",448093,448173,80,"o","o","534","107","o","Input"
"916","916","916",448210,448328,118,"a","a","535","107","a","Input"
"917","917","917",448452,448599,147,"l","l","536","107","l","Input"
"918","918","918",448733,448871,138,".",".","537","107",".","Input"
"919","919","919",449173,449295,122,"Backspace","Backspace","536","107",".","Remove/Cut"
"920","920","920",449343,449455,112,"s","s","537","107","s","Input"
"921","921","921",449425,449596,171,".",".","538","107",".","Input"
"922","922","922",449594,449732,138,"Space","Space","539","107"," ","Input"
"923","923","923",449839,449839,0,"Shift","Shift","539","107","NoChange","Nonproduction"
"924","924","924",450042,450196,154,"F","f","540","108","F","Input"
"925","925","925",450198,450312,114,"o","o","541","108","o","Input"
"926","926","926",450361,450480,119,"r","r","542","108","r","Input"
"927","927","927",450448,450601,153,"Space","Space","543","108"," ","Input"
"928","928","928",450584,450699,115,"e","e","544","109","e","Input"
"929","929","929",450821,450885,64,"s","s","545","109","s","Input"
"930","930","930",451103,451241,138,"Backspace","Backspace","544","109","s","Remove/Cut"
"931","931","931",451198,451338,140,"x","x","545","109","x","Input"
"932","932","932",451464,451583,119,"a","a","546","109","a","Input"
"933","933","933",451629,451688,59,"m","m","547","109","m","Input"
"934","934","934",451769,451872,103,"p","p","548","109","p","Input"
"935","935","935",451961,452055,94,"l","l","549","109","l","Input"
"936","936","936",452048,452169,121,"e","e","550","109","e","Input"
"937","937","937",452214,452384,170,",",",","551","109",",","Input"
"938","938","938",452349,452497,148,"Space","Space","552","109"," ","Input"
"939","939","939",455896,456414,518,"Leftclick","Leftclick","467","109","NoChange","Nonproduction"
"940","940","940",463049,464035,986,"Leftclick","Leftclick","467","109","NoChange","Nonproduction"
"941","941","941",469629,469711,82,"Leftclick","Leftclick","552","109","NoChange","Nonproduction"
"942","942","942",470577,470708,131,"w","w","553","110","w","Input"
"943","943","943",470758,470877,119,"h","h","554","110","h","Input"
"944","944","944",470857,470948,91,"e","e","555","110","e","Input"
"945","945","945",470990,471123,133,"n","n","556","110","n","Input"
"946","946","946",471088,471228,140,"Space","Space","557","110"," ","Input"
"947","947","947",471273,471445,172,"w","w","558","111","w","Input"
"948","948","948",471427,471592,165,"e","e","559","111","e","Input"
"949","949","949",471587,471722,135,"Space","Space","560","111"," ","Input"
"950","950","950",471690,471853,163,"a","a","561","112","a","Input"
"951","951","951",471819,472028,209,"r","r","562","112","r","Input"
"952","952","952",471917,472073,156,"e","e","563","112","e","Input"
"953","953","953",472015,472154,139,"Space","Space","564","112"," ","Input"
"954","954","954",472395,472478,83,"t","t","565","113","t","Input"
"955","955","955",472845,473012,167,"r","r","566","113","r","Input"
"956","956","956",473079,473303,224,"y","y","567","113","y","Input"
"957","957","957",473405,473524,119,"i","i","568","113","i","Input"
"958","958","958",473599,473729,130,"n","n","569","113","n","Input"
"959","959","959",473727,473833,106,"g","g","570","113","g","Input"
"960","960","960",473794,473914,120,"Space","Space","571","113"," ","Input"
"961","961","961",473958,474063,105,"t","t","572","114","t","Input"
"962","962","962",473990,474156,166,"o","o","573","114","o","Input"
"963","963","963",474110,474279,169,"Space","Space","574","114"," ","Input"
"964","964","964",478500,478613,113,"d","d","575","115","d","Input"
"965","965","965",478712,478811,99,"e","e","576","115","e","Input"
"966","966","966",479054,479193,139,"i","i","577","115","i","Input"
"967","967","967",479547,479654,107,"Backspace","Backspace","576","115","i","Remove/Cut"
"968","968","968",479701,479834,133,"c","c","577","115","c","Input"
"969","969","969",479804,479942,138,"i","i","578","115","i","Input"
"970","970","970",479992,480070,78,"d","d","579","115","d","Input"
"971","971","971",480133,480267,134,"e","e","580","115","e","Input"
"972","972","972",480257,480420,163,"Space","Space","581","115"," ","Input"
"973","973","973",480520,480674,154,"w","w","582","116","w","Input"
"974","974","974",480747,480865,118,"h","h","583","116","h","Input"
"975","975","975",480854,481001,147,"a","a","584","116","a","Input"
"976","976","976",481042,481116,74,"t","t","585","116","t","Input"
"977","977","977",481051,481165,114,"Space","Space","586","116"," ","Input"
"978","978","978",481215,481308,93,"t","t","587","117","t","Input"
"979","979","979",481270,481457,187,"o","o","588","117","o","Input"
"980","980","980",481400,481523,123,"Space","Space","589","117"," ","Input"
"981","981","981",481512,481617,105,"s","s","590","118","s","Input"
"982","982","982",481754,481885,131,"t","t","591","118","t","Input"
"983","983","983",481927,482057,130,"u","u","592","118","u","Input"
"984","984","984",482065,482170,105,"d","d","593","118","d","Input"
"985","985","985",482385,482556,171,"y","y","594","118","y","Input"
"986","986","986",482493,482643,150,"Space","Space","595","118"," ","Input"
"987","987","987",484714,484796,82,"i","i","596","119","i","Input"
"988","988","988",484890,485007,117,"n","n","597","119","n","Input"
"989","989","989",484986,485109,123,"Space","Space","598","119"," ","Input"
"990","990","990",485194,485336,142,"o","o","599","120","o","Input"
"991","991","991",485739,485839,100,"Backspace","Backspace","598","119","o","Remove/Cut"
"992","992","992",485922,485986,64,"Backspace","Backspace","597","119"," ","Remove/Cut"
"993","993","993",486070,486137,67,"Backspace","Backspace","596","119","n","Remove/Cut"
"994","994","994",486229,486284,55,"Backspace","Backspace","595","118","i","Remove/Cut"
"995","995","995",486380,486455,75,"Backspace","Backspace","594","118"," ","Remove/Cut"
"996","996","996",486608,486759,151,",",",","595","118",",","Input"
"997","997","997",486816,486927,111,"Space","Space","596","118"," ","Input"
"998","998","998",495928,496094,166,"w","w","597","119","w","Input"
"999","999","999",496059,496232,173,"e","e","598","119","e","Input"
"1000","1000","1000",496283,496346,63,"Space","Space","599","119"," ","Input"
"1001","1001","1001",496412,496521,109,"m","m","600","120","m","Input"
"1002","1002","1002",496617,496759,142,"u","u","601","120","u","Input"
"1003","1003","1003",496805,496920,115,"c","c","602","120","c","Input"
"1004","1004","1004",496870,497037,167,"h","h","603","120","h","Input"
"1005","1005","1005",496972,497141,169,"Space","Space","604","120"," ","Input"
"1006","1006","1006",497903,497996,93,"Backspace","Backspace","603","120"," ","Remove/Cut"
"1007","1007","1007",498065,498149,84,"Backspace","Backspace","602","120","h","Remove/Cut"
"1008","1008","1008",498206,498695,489,"Backspace","Backspace","601","120","c","Remove/Cut"
"1009","1009","1009",498695,498798,103,"Backspace","Backspace","600","120","u","Remove/Cut"
"1010","1010","1010",498798,498864,66,"Backspace","Backspace","599","119","m","Remove/Cut"
"1011","1011","1011",498864,498948,84,"Backspace","Backspace","598","119"," ","Remove/Cut"
"1012","1012","1012",498948,499032,84,"Backspace","Backspace","597","119","e","Remove/Cut"
"1013","1013","1013",499032,499117,85,"Backspace","Backspace","596","118","w","Remove/Cut"
"1014","1014","1014",499117,499199,82,"Backspace","Backspace","595","118"," ","Remove/Cut"
"1015","1015","1015",499199,499285,86,"Backspace","Backspace","594","118",",","Remove/Cut"
"1016","1016","1016",499285,499369,84,"Backspace","Backspace","593","118","y","Remove/Cut"
"1017","1017","1017",499369,499453,84,"Backspace","Backspace","592","118","d","Remove/Cut"
"1018","1018","1018",499453,499537,84,"Backspace","Backspace","591","118","u","Remove/Cut"
"1019","1019","1019",499537,499622,85,"Backspace","Backspace","590","118","t","Remove/Cut"
"1020","1020","1020",499622,499706,84,"Backspace","Backspace","589","117","s","Remove/Cut"
"1021","1021","1021",499706,499790,84,"Backspace","Backspace","588","117"," ","Remove/Cut"
"1022","1022","1022",499790,499874,84,"Backspace","Backspace","587","117","o","Remove/Cut"
"1023","1023","1023",499874,499958,84,"Backspace","Backspace","586","116","t","Remove/Cut"
"1024","1024","1024",499958,500042,84,"Backspace","Backspace","585","116"," ","Remove/Cut"
"1025","1025","1025",500042,500127,85,"Backspace","Backspace","584","116","t","Remove/Cut"
"1026","1026","1026",500127,500209,82,"Backspace","Backspace","583","116","a","Remove/Cut"
"1027","1027","1027",500209,500295,86,"Backspace","Backspace","582","116","h","Remove/Cut"
"1028","1028","1028",500295,500379,84,"Backspace","Backspace","581","115","w","Remove/Cut"
"1029","1029","1029",500379,500464,85,"Backspace","Backspace","580","115"," ","Remove/Cut"
"1030","1030","1030",500464,500548,84,"Backspace","Backspace","579","115","e","Remove/Cut"
"1031","1031","1031",500548,500632,84,"Backspace","Backspace","578","115","d","Remove/Cut"
"1032","1032","1032",500632,500716,84,"Backspace","Backspace","577","115","i","Remove/Cut"
"1033","1033","1033",500716,500801,85,"Backspace","Backspace","576","115","c","Remove/Cut"
"1034","1034","1034",500801,500885,84,"Backspace","Backspace","575","115","e","Remove/Cut"
"1035","1035","1035",500885,500936,51,"Backspace","Backspace","574","114","d","Remove/Cut"
"1036","1036","1036",501116,501211,95,"Backspace","Backspace","573","114"," ","Remove/Cut"
"1037","1037","1037",501384,501487,103,"Backspace","Backspace","572","114","o","Remove/Cut"
"1038","1038","1038",501586,501670,84,"Backspace","Backspace","571","113","t","Remove/Cut"
"1039","1039","1039",501772,501855,83,"Backspace","Backspace","570","113"," ","Remove/Cut"
"1040","1040","1040",502204,502372,168,"Space","Space","571","113"," ","Input"
"1041","1041","1041",503592,503688,96,"Backspace","Backspace","570","113"," ","Remove/Cut"
"1042","1042","1042",504794,506132,1338,"Leftclick","Leftclick","570","113","NoChange","Nonproduction"
"1043","1043","1043",507230,507340,110,"Backspace","Backspace","569","113","g","Remove/Cut"
"1044","1044","1044",507425,507925,500,"Backspace","Backspace","568","113","n","Remove/Cut"
"1045","1045","1045",507925,508011,86,"Backspace","Backspace","567","113","i","Remove/Cut"
"1046","1046","1046",508011,508015,4,"Backspace","Backspace","566","113","y","Remove/Cut"
"1047","1047","1047",508251,508362,111,"Backspace","Backspace","565","113","r","Remove/Cut"
"1048","1048","1048",508469,508565,96,"Backspace","Backspace","564","112","t","Remove/Cut"
"1049","1049","1049",509106,509217,111,"Backspace","Backspace","563","112"," ","Remove/Cut"
"1050","1050","1050",509301,509803,502,"Backspace","Backspace","562","112","e","Remove/Cut"
"1051","1051","1051",509803,509887,84,"Backspace","Backspace","561","112","r","Remove/Cut"
"1052","1052","1052",509887,509968,81,"Backspace","Backspace","560","111","a","Remove/Cut"
"1053","1053","1053",510119,510186,67,"Backspace","Backspace","559","111"," ","Remove/Cut"
"1054","1054","1054",510626,510741,115,"Backspace","Backspace","558","111","e","Remove/Cut"
"1055","1055","1055",510826,510927,101,"Backspace","Backspace","557","110","w","Remove/Cut"
"1056","1056","1056",511030,511068,38,"Backspace","Backspace","556","110"," ","Remove/Cut"
"1057","1057","1057",511191,511258,67,"Backspace","Backspace","555","110","n","Remove/Cut"
"1058","1058","1058",511358,511438,80,"Backspace","Backspace","554","110","e","Remove/Cut"
"1059","1059","1059",511526,511581,55,"Backspace","Backspace","553","110","h","Remove/Cut"
"1060","1060","1060",511668,511735,67,"Backspace","Backspace","552","109","w","Remove/Cut"
"1061","1061","1061",511823,511895,72,"Backspace","Backspace","551","109"," ","Remove/Cut"
"1062","1062","1062",512183,512306,123,"Space","Space","552","109"," ","Input"
"1063","1063","1063",512481,512618,137,"w","w","553","110","w","Input"
"1064","1064","1064",512613,512740,127,"e","e","554","110","e","Input"
"1065","1065","1065",512744,512836,92,"Space","Space","555","110"," ","Input"
"1066","1066","1066",512877,512982,105,"n","n","556","111","n","Input"
"1067","1067","1067",512977,513051,74,"e","e","557","111","e","Input"
"1068","1068","1068",513124,513206,82,"e","e","558","111","e","Input"
"1069","1069","1069",513297,513402,105,"d","d","559","111","d","Input"
"1070","1070","1070",513397,513508,111,"Space","Space","560","111"," ","Input"
"1071","1071","1071",513557,513637,80,"t","t","561","112","t","Input"
"1072","1072","1072",513676,513751,75,"h","h","562","112","h","Input"
"1073","1073","1073",514077,514176,99,"e","e","563","112","e","Input"
"1074","1074","1074",514179,514308,129,"Space","Space","564","112"," ","Input"
"1075","1075","1075",514395,514537,142,"c","c","565","113","c","Input"
"1076","1076","1076",514519,514614,95,"o","o","566","113","o","Input"
"1077","1077","1077",514720,514812,92,"n","n","567","113","n","Input"
"1078","1078","1078",515034,515169,135,"t","t","568","113","t","Input"
"1079","1079","1079",515213,515336,123,"a","a","569","113","a","Input"
"1080","1080","1080",515385,515494,109,"c","c","570","113","c","Input"
"1081","1081","1081",515608,515727,119,"t","t","571","113","t","Input"
"1082","1082","1082",515790,515929,139,"s","s","572","113","s","Input"
"1083","1083","1083",515899,516018,119,"Space","Space","573","113"," ","Input"
"1084","1084","1084",516064,516185,121,"o","o","574","114","o","Input"
"1085","1085","1085",516135,516247,112,"f","f","575","114","f","Input"
"1086","1086","1086",516250,516374,124,"Space","Space","576","114"," ","Input"
"1087","1087","1087",516418,516518,100,"t","t","577","115","t","Input"
"1088","1088","1088",516501,516588,87,"h","h","578","115","h","Input"
"1089","1089","1089",516844,516894,50,"Backspace","Backspace","577","115","h","Remove/Cut"
"1090","1090","1090",516986,517077,91,"Backspace","Backspace","576","114","t","Remove/Cut"
"1091","1091","1091",517176,517292,116,"o","o","577","115","o","Input"
"1092","1092","1092",517355,517452,97,"t","t","578","115","t","Input"
"1093","1093","1093",517431,517546,115,"h","h","579","115","h","Input"
"1094","1094","1094",517544,517666,122,"e","e","580","115","e","Input"
"1095","1095","1095",517632,517802,170,"r","r","581","115","r","Input"
"1096","1096","1096",517775,517922,147,"s","s","582","115","s","Input"
"1097","1097","1097",517908,518027,119,"Space","Space","583","115"," ","Input"
"1098","1098","1098",518077,518179,102,"w","w","584","116","w","Input"
"1099","1099","1099",518183,518279,96,"h","h","585","116","h","Input"
"1100","1100","1100",518399,518534,135,"o","o","586","116","o","Input"
"1101","1101","1101",518580,518691,111,"Space","Space","587","116"," ","Input"
"1102","1102","1102",518833,518955,122,"d","d","588","117","d","Input"
"1103","1103","1103",518937,519114,177,"o","o","589","117","o","Input"
"1104","1104","1104",519049,519171,122,"Space","Space","590","117"," ","Input"
"1105","1105","1105",519272,519408,136,"a","a","591","118","a","Input"
"1106","1106","1106",519405,519540,135,"Space","Space","592","118"," ","Input"
"1107","1107","1107",520100,520198,98,"b","b","593","119","b","Input"
"1108","1108","1108",520248,520347,99,"e","e","594","119","e","Input"
"1109","1109","1109",520409,520493,84,"t","t","595","119","t","Input"
"1110","1110","1110",520580,520648,68,"t","t","596","119","t","Input"
"1111","1111","1111",520697,520809,112,"e","e","597","119","e","Input"
"1112","1112","1112",520771,520906,135,"r","r","598","119","r","Input"
"1113","1113","1113",520887,521022,135,"Space","Space","599","119"," ","Input"
"1114","1114","1114",521122,521226,104,"h","h","600","120","h","Input"
"1115","1115","1115",521314,521426,112,"o","o","601","120","o","Input"
"1116","1116","1116",521722,521823,101,"Backspace","Backspace","600","120","o","Remove/Cut"
"1117","1117","1117",521902,521969,67,"Backspace","Backspace","599","119","h","Remove/Cut"
"1118","1118","1118",522105,522175,70,"j","j","600","120","j","Input"
"1119","1119","1119",522575,523075,500,"Backspace","Backspace","599","119","j","Remove/Cut"
"1120","1120","1120",523075,523159,84,"Backspace","Backspace","598","119"," ","Remove/Cut"
"1121","1121","1121",523159,523244,85,"Backspace","Backspace","597","119","r","Remove/Cut"
"1122","1122","1122",523244,523328,84,"Backspace","Backspace","596","119","e","Remove/Cut"
"1123","1123","1123",523328,523412,84,"Backspace","Backspace","595","119","t","Remove/Cut"
"1124","1124","1124",523412,523497,85,"Backspace","Backspace","594","119","t","Remove/Cut"
"1125","1125","1125",523497,523581,84,"Backspace","Backspace","593","119","e","Remove/Cut"
"1126","1126","1126",523581,523665,84,"Backspace","Backspace","592","118","b","Remove/Cut"
"1127","1127","1127",523665,523713,48,"Backspace","Backspace","591","118"," ","Remove/Cut"
"1128","1128","1128",523894,524396,502,"Backspace","Backspace","590","117","a","Remove/Cut"
"1129","1129","1129",524396,524479,83,"Backspace","Backspace","589","117"," ","Remove/Cut"
"1130","1130","1130",524479,524564,85,"Backspace","Backspace","588","117","o","Remove/Cut"
"1131","1131","1131",524564,524647,83,"Backspace","Backspace","587","116","d","Remove/Cut"
"1132","1132","1132",524647,524732,85,"Backspace","Backspace","586","116"," ","Remove/Cut"
"1133","1133","1133",524732,524816,84,"Backspace","Backspace","585","116","o","Remove/Cut"
"1134","1134","1134",524816,524900,84,"Backspace","Backspace","584","116","h","Remove/Cut"
"1135","1135","1135",524900,524984,84,"Backspace","Backspace","583","115","w","Remove/Cut"
"1136","1136","1136",524984,525067,83,"Backspace","Backspace","582","115"," ","Remove/Cut"
"1137","1137","1137",525067,525153,86,"Backspace","Backspace","581","115","s","Remove/Cut"
"1138","1138","1138",525153,525236,83,"Backspace","Backspace","580","115","r","Remove/Cut"
"1139","1139","1139",525236,525321,85,"Backspace","Backspace","579","115","e","Remove/Cut"
"1140","1140","1140",525321,525385,64,"Backspace","Backspace","578","115","h","Remove/Cut"
"1141","1141","1141",525620,525714,94,"Backspace","Backspace","577","115","t","Remove/Cut"
"1142","1142","1142",525858,525957,99,"Backspace","Backspace","576","114","o","Remove/Cut"
"1143","1143","1143",526128,526251,123,"e","e","577","115","e","Input"
"1144","1144","1144",526365,526548,183,"x","x","578","115","x","Input"
"1145","1145","1145",526607,526818,211,"p","p","579","115","p","Input"
"1146","1146","1146",526764,526942,178,"e","e","580","115","e","Input"
"1147","1147","1147",526880,527090,210,"r","r","581","115","r","Input"
"1148","1148","1148",527135,527159,24,"s","s","582","115","s","Input"
"1149","1149","1149",527231,527361,130,"t","t","583","115","t","Input"
"1150","1150","1150",527597,527688,91,"Backspace","Backspace","582","115","t","Remove/Cut"
"1151","1151","1151",527763,527858,95,"Backspace","Backspace","581","115","s","Remove/Cut"
"1152","1152","1152",527799,527994,195,"t","t","582","115","t","Input"
"1153","1153","1153",527960,528106,146,"s","s","583","115","s","Input"
"1154","1154","1154",528281,528476,195,",",",","584","115",",","Input"
"1155","1155","1155",528473,528572,99,"Space","Space","585","115"," ","Input"
"1156","1156","1156",530177,530284,107,"w","w","586","116","w","Input"
"1157","1157","1157",530336,530446,110,"h","h","587","116","h","Input"
"1158","1158","1158",530485,530591,106,"e","e","588","116","e","Input"
"1159","1159","1159",530569,530708,139,"n","n","589","116","n","Input"
"1160","1160","1160",530686,530821,135,"Space","Space","590","116"," ","Input"
"1161","1161","1161",532001,532111,110,"t","t","591","117","t","Input"
"1162","1162","1162",532202,532349,147,"r","r","592","117","r","Input"
"1163","1163","1163",532450,532606,156,"u","u","593","117","u","Input"
"1164","1164","1164",532782,532897,115,"i","i","594","117","i","Input"
"1165","1165","1165",532978,533085,107,"n","n","595","117","n","Input"
"1166","1166","1166",533135,533215,80,"g","g","596","117","g","Input"
"1167","1167","1167",533207,533312,105,"Space","Space","597","117"," ","Input"
"1168","1168","1168",533702,533806,104,"Backspace","Backspace","596","117"," ","Remove/Cut"
"1169","1169","1169",533865,533922,57,"Backspace","Backspace","595","117","g","Remove/Cut"
"1170","1170","1170",534006,534049,43,"Backspace","Backspace","594","117","n","Remove/Cut"
"1171","1171","1171",534140,534220,80,"Backspace","Backspace","593","117","i","Remove/Cut"
"1172","1172","1172",534297,534389,92,"Backspace","Backspace","592","117","u","Remove/Cut"
"1173","1173","1173",534644,534738,94,"Backspace","Backspace","591","117","r","Remove/Cut"
"1174","1174","1174",534830,534916,86,"Backspace","Backspace","590","116","t","Remove/Cut"
"1175","1175","1175",534960,535094,134,"a","a","591","117","a","Input"
"1176","1176","1176",535091,535237,146,"Space","Space","592","117"," ","Input"
"1177","1177","1177",535505,535640,135,"t","t","593","118","t","Input"
"1178","1178","1178",535688,535921,233,"e","e","594","118","e","Input"
"1179","1179","1179",535811,535977,166,"a","a","595","118","a","Input"
"1180","1180","1180",536235,536337,102,"Backspace","Backspace","594","118","a","Remove/Cut"
"1181","1181","1181",536424,536515,91,"Backspace","Backspace","593","118","e","Remove/Cut"
"1182","1182","1182",536583,536691,108,"Backspace","Backspace","592","117","t","Remove/Cut"
"1183","1183","1183",538321,538492,171,"d","d","593","118","d","Input"
"1184","1184","1184",538495,538595,100,"e","e","594","118","e","Input"
"1185","1185","1185",538641,538722,81,"n","n","595","118","n","Input"
"1186","1186","1186",538965,539080,115,"t","t","596","118","t","Input"
"1187","1187","1187",539066,539207,141,"i","i","597","118","i","Input"
"1188","1188","1188",539181,539308,127,"s","s","598","118","s","Input"
"1189","1189","1189",539357,539463,106,"t","t","599","118","t","Input"
"1190","1190","1190",539442,539590,148,"Space","Space","600","118"," ","Input"
"1191","1191","1191",539747,539918,171,"t","t","601","119","t","Input"
"1192","1192","1192",540013,540135,122,"r","r","602","119","r","Input"
"1193","1193","1193",540173,540264,91,"u","u","603","119","u","Input"
"1194","1194","1194",540546,540664,118,"Backspace","Backspace","602","119","u","Remove/Cut"
"1195","1195","1195",540756,540882,126,"i","i","603","119","i","Input"
"1196","1196","1196",540853,541039,186,"e","e","604","119","e","Input"
"1197","1197","1197",540956,541115,159,"s","s","605","119","s","Input"
"1198","1198","1198",541118,541210,92,"Space","Space","606","119"," ","Input"
"1199","1199","1199",541259,541342,83,"t","t","607","120","t","Input"
"1200","1200","1200",541339,541502,163,"o","o","608","120","o","Input"
"1201","1201","1201",541438,541574,136,"Space","Space","609","120"," ","Input"
"1202","1202","1202",541964,542006,42,"p","p","610","121","p","Input"
"1203","1203","1203",542082,542173,91,"f","f","611","121","f","Input"
"1204","1204","1204",542265,542348,83,"Backspace","Backspace","610","121","f","Remove/Cut"
"1205","1205","1205",542430,542503,73,"Backspace","Backspace","609","120","p","Remove/Cut"
"1206","1206","1206",542493,542629,136,"f","f","610","121","f","Input"
"1207","1207","1207",542632,542753,121,"i","i","611","121","i","Input"
"1208","1208","1208",543025,543175,150,"x","x","612","121","x","Input"
"1209","1209","1209",543228,543337,109,"Space","Space","613","121"," ","Input"
"1210","1210","1210",543375,543498,123,"t","t","614","122","t","Input"
"1211","1211","1211",543480,543591,111,"h","h","615","122","h","Input"
"1212","1212","1212",543569,543749,180,"e","e","616","122","e","Input"
"1213","1213","1213",543724,543750,26,"r","r","617","122","r","Input"
"1214","1214","1214",543735,543914,179,"i","i","618","122","i","Input"
"1215","1215","1215",543896,544019,123,"r","r","619","122","r","Input"
"1216","1216","1216",544426,544470,44,"Backspace","Backspace","618","122","r","Remove/Cut"
"1217","1217","1217",544572,544643,71,"Backspace","Backspace","617","122","i","Remove/Cut"
"1218","1218","1218",544725,544820,95,"Backspace","Backspace","616","122","r","Remove/Cut"
"1219","1219","1219",545002,545107,105,"i","i","617","122","i","Input"
"1220","1220","1220",545269,545352,83,"Backspace","Backspace","616","122","i","Remove/Cut"
"1221","1221","1221",545656,545778,122,"i","i","617","122","i","Input"
"1222","1222","1222",545828,545902,74,"r","r","618","122","r","Input"
"1223","1223","1223",545943,546030,87,"Space","Space","619","122"," ","Input"
"1224","1224","1224",555800,558838,3038,"Leftclick","Leftclick","619","122","NoChange","Nonproduction"
"1225","1225","1225",563257,563454,197,"Backspace","Backspace","552","109","we need the contacts of experts, when a dentist tries to fix their ","Remove/Cut"
"1226","1226","1226",563554,563626,72,"Backspace","Backspace","551","109"," ","Remove/Cut"
"1227","1227","1227",563726,564161,435,"Backspace","Backspace","550","109",",","Remove/Cut"
"1228","1228","1228",564489,564623,134,",",",","551","109",",","Input"
"1229","1229","1229",564830,565001,171,"Space","Space","552","109"," ","Input"
"1230","1230","1230",589777,589882,105,"w","w","553","110","w","Input"
"1231","1231","1231",589963,590055,92,"h","h","554","110","h","Input"
"1232","1232","1232",590104,590206,102,"e","e","555","110","e","Input"
"1233","1233","1233",590191,590330,139,"n","n","556","110","n","Input"
"1234","1234","1234",590307,590425,118,"Space","Space","557","110"," ","Input"
"1235","1235","1235",590486,590591,105,"n","n","558","111","n","Input"
"1236","1236","1236",590632,590766,134,"e","e","559","111","e","Input"
"1237","1237","1237",590818,590948,130,"w","w","560","111","w","Input"
"1238","1238","1238",590825,590862,37,"e","e","561","111","e","Input"
"1239","1239","1239",590946,591064,118,"Space","Space","562","111"," ","Input"
"1240","1240","1240",591118,591212,94,"t","t","563","112","t","Input"
"1241","1241","1241",591250,591324,74,"o","o","564","112","o","Input"
"1242","1242","1242",591499,591553,54,"Backspace","Backspace","563","112","o","Remove/Cut"
"1243","1243","1243",591655,591702,47,"Backspace","Backspace","562","111","t","Remove/Cut"
"1244","1244","1244",591822,591873,51,"Backspace","Backspace","561","111"," ","Remove/Cut"
"1245","1245","1245",591951,592027,76,"Backspace","Backspace","560","111","e","Remove/Cut"
"1246","1246","1246",592100,592225,125,"Space","Space","561","111"," ","Input"
"1247","1247","1247",592216,592349,133,"t","t","562","112","t","Input"
"1248","1248","1248",592304,592469,165,"o","o","563","112","o","Input"
"1249","1249","1249",592436,592590,154,"Space","Space","564","112"," ","Input"
"1250","1250","1250",592636,592736,100,"a","a","565","113","a","Input"
"1251","1251","1251",592734,592865,131,"Space","Space","566","113"," ","Input"
"1252","1252","1252",592992,593118,126,"j","j","567","114","j","Input"
"1253","1253","1253",593205,593325,120,"o","o","568","114","o","Input"
"1254","1254","1254",593425,593575,150,"b","b","569","114","b","Input"
"1255","1255","1255",593579,593664,85,"Space","Space","570","114"," ","Input"
"1256","1256","1256",593957,594103,146,"Backspace","Backspace","569","114"," ","Remove/Cut"
"1257","1257","1257",594153,594286,133,",",",","570","114",",","Input"
"1258","1258","1258",594386,594541,155,"Space","Space","571","114"," ","Input"
"1259","1259","1259",595727,595834,107,"w","w","572","115","w","Input"
"1260","1260","1260",595888,595990,102,"h","h","573","115","h","Input"
"1261","1261","1261",596273,596394,121,"Backspace","Backspace","572","115","h","Remove/Cut"
"1262","1262","1262",596371,596495,124,"e","e","573","115","e","Input"
"1263","1263","1263",596536,596611,75,"Space","Space","574","115"," ","Input"
"1264","1264","1264",596677,596772,95,"n","n","575","116","n","Input"
"1265","1265","1265",596850,596960,110,"e","e","576","116","e","Input"
"1266","1266","1266",597045,597111,66,"e","e","577","116","e","Input"
"1267","1267","1267",597211,597307,96,"d","d","578","116","d","Input"
"1268","1268","1268",597354,597457,103,"Space","Space","579","116"," ","Input"
"1269","1269","1269",616708,616791,83,"t","t","580","117","t","Input"
"1270","1270","1270",616835,616919,84,"h","h","581","117","h","Input"
"1271","1271","1271",616917,617020,103,"e","e","582","117","e","Input"
"1272","1272","1272",617018,617144,126,"Space","Space","583","117"," ","Input"
"1273","1273","1273",617245,617376,131,"l","l","584","118","l","Input"
"1274","1274","1274",617454,617549,95,"e","e","585","118","e","Input"
"1275","1275","1275",617816,617874,58,"Backspace","Backspace","584","118","e","Remove/Cut"
"1276","1276","1276",617957,618032,75,"Backspace","Backspace","583","117","l","Remove/Cut"
"1277","1277","1277",618137,618239,102,"h","h","584","118","h","Input"
"1278","1278","1278",618284,618390,106,"e","e","585","118","e","Input"
"1279","1279","1279",618385,618473,88,"l","l","586","118","l","Input"
"1280","1280","1280",618551,618685,134,"p","p","587","118","p","Input"
"1281","1281","1281",618680,618802,122,"Space","Space","588","118"," ","Input"
"1282","1282","1282",618847,618961,114,"o","o","589","119","o","Input"
"1283","1283","1283",618969,619092,123,"f","f","590","119","f","Input"
"1284","1284","1284",619071,619189,118,"Space","Space","591","119"," ","Input"
"1285","1285","1285",619328,619444,116,"c","c","592","120","c","Input"
"1286","1286","1286",619457,619533,76,"o","o","593","120","o","Input"
"1287","1287","1287",619780,619945,165,"w","w","594","120","w","Input"
"1288","1288","1288",619943,620178,235,"e","e","595","120","e","Input"
"1289","1289","1289",620120,620322,202,"r","r","596","120","r","Input"
"1290","1290","1290",620326,620658,332,"d","d","597","120","d","Input"
"1291","1291","1291",620754,620852,98,"Backspace","Backspace","596","120","d","Remove/Cut"
"1292","1292","1292",620971,621098,127,"k","k","597","120","k","Input"
"1293","1293","1293",621110,621221,111,"s","s","598","120","s","Input"
"1294","1294","1294",621265,621341,76,"Space","Space","599","120"," ","Input"
"1295","1295","1295",621926,621981,55,"Backspace","Backspace","598","120"," ","Remove/Cut"
"1296","1296","1296",622087,622142,55,"Backspace","Backspace","597","120","s","Remove/Cut"
"1297","1297","1297",622233,622292,59,"Backspace","Backspace","596","120","k","Remove/Cut"
"1298","1298","1298",622387,622457,70,"Backspace","Backspace","595","120","r","Remove/Cut"
"1299","1299","1299",622526,622625,99,"Backspace","Backspace","594","120","e","Remove/Cut"
"1300","1300","1300",622721,622849,128,"o","o","595","120","o","Input"
"1301","1301","1301",622852,622969,117,"r","r","596","120","r","Input"
"1302","1302","1302",623046,623194,148,"k","k","597","120","k","Input"
"1303","1303","1303",623235,623371,136,"s","s","598","120","s","Input"
"1304","1304","1304",623417,623481,64,"Space","Space","599","120"," ","Input"
"1305","1305","1305",624138,624340,202,"w","w","600","121","w","Input"
"1306","1306","1306",624257,624468,211,"e","e","601","121","e","Input"
"1307","1307","1307",624814,624896,82,"Backspace","Backspace","600","121","e","Remove/Cut"
"1308","1308","1308",625020,625103,83,"h","h","601","121","h","Input"
"1309","1309","1309",625153,625267,114,"e","e","602","121","e","Input"
"1310","1310","1310",625232,625371,139,"n","n","603","121","n","Input"
"1311","1311","1311",625337,625471,134,"Space","Space","604","121"," ","Input"
"1312","1312","1312",625579,625748,169,"w","w","605","122","w","Input"
"1313","1313","1313",625723,625875,152,"e","e","606","122","e","Input"
"1314","1314","1314",625855,625993,138,"Space","Space","607","122"," ","Input"
"1315","1315","1315",625967,626140,173,"a","a","608","123","a","Input"
"1316","1316","1316",626115,626293,178,"r","r","609","123","r","Input"
"1317","1317","1317",626234,626361,127,"e","e","610","123","e","Input"
"1318","1318","1318",626297,626441,144,"Space","Space","611","123"," ","Input"
"1319","1319","1319",626486,626593,107,"c","c","612","124","c","Input"
"1320","1320","1320",626635,626716,81,"o","o","613","124","o","Input"
"1321","1321","1321",626824,626926,102,"n","n","614","124","n","Input"
"1322","1322","1322",627064,627214,150,"f","f","615","124","f","Input"
"1323","1323","1323",627269,627427,158,"o","o","616","124","o","Input"
"1324","1324","1324",627431,627539,108,"r","r","617","124","r","Input"
"1325","1325","1325",627644,627753,109,"t","t","618","124","t","Input"
"1326","1326","1326",627806,627906,100,"e","e","619","124","e","Input"
"1327","1327","1327",628001,628109,108,"d","d","620","124","d","Input"
"1328","1328","1328",628637,628724,87,"Backspace","Backspace","619","124","d","Remove/Cut"
"1329","1329","1329",628812,628871,59,"Backspace","Backspace","618","124","e","Remove/Cut"
"1330","1330","1330",628955,629014,59,"Backspace","Backspace","617","124","t","Remove/Cut"
"1331","1331","1331",629113,629151,38,"Backspace","Backspace","616","124","r","Remove/Cut"
"1332","1332","1332",629246,629313,67,"Backspace","Backspace","615","124","o","Remove/Cut"
"1333","1333","1333",629396,629466,70,"Backspace","Backspace","614","124","f","Remove/Cut"
"1334","1334","1334",629551,629634,83,"Backspace","Backspace","613","124","n","Remove/Cut"
"1335","1335","1335",630094,630189,95,"m","m","614","124","m","Input"
"1336","1336","1336",630500,630619,119,"f","f","615","124","f","Input"
"1337","1337","1337",630800,630902,102,"r","r","616","124","r","Input"
"1338","1338","1338",630980,631083,103,"o","o","617","124","o","Input"
"1339","1339","1339",631174,631276,102,"n","n","618","124","n","Input"
"1340","1340","1340",631324,631434,110,"t","t","619","124","t","Input"
"1341","1341","1341",631504,631616,112,"e","e","620","124","e","Input"
"1342","1342","1342",631700,631831,131,"d","d","621","124","d","Input"
"1343","1343","1343",631828,631940,112,"Space","Space","622","124"," ","Input"
"1344","1344","1344",645168,645245,77,"b","b","623","125","b","Input"
"1345","1345","1345",645374,645588,214,"y","y","624","125","y","Input"
"1346","1346","1346",645518,645644,126,"Space","Space","625","125"," ","Input"
"1347","1347","1347",645730,645870,140,"a","a","626","126","a","Input"
"1348","1348","1348",645873,645978,105,"Space","Space","627","126"," ","Input"
"1349","1349","1349",646061,646216,155,"c","c","628","127","c","Input"
"1350","1350","1350",646203,646308,105,"h","h","629","127","h","Input"
"1351","1351","1351",646361,646457,96,"a","a","630","127","a","Input"
"1352","1352","1352",646579,646651,72,"l","l","631","127","l","Input"
"1353","1353","1353",646740,646815,75,"l","l","632","127","l","Input"
"1354","1354","1354",646862,646954,92,"a","a","633","127","a","Input"
"1355","1355","1355",647000,647111,111,"n","n","634","127","n","Input"
"1356","1356","1356",647175,647282,107,"g","g","635","127","g","Input"
"1357","1357","1357",647417,647528,111,"e","e","636","127","e","Input"
"1358","1358","1358",647525,647648,123,".",".","637","127",".","Input"
"1359","1359","1359",647711,647813,102,"Space","Space","638","127"," ","Input"
"1360","1360","1360",648743,648743,0,"Shift","Shift","638","127","NoChange","Nonproduction"
"1361","1361","1361",649269,649366,97,"w","w","639","128","w","Input"
"1362","1362","1362",649861,649861,0,"Shift","Shift","639","128","NoChange","Nonproduction"
"1363","1363","1363",649862,649984,122,"Backspace","Backspace","638","127","w","Remove/Cut"
"1364","1364","1364",650065,650238,173,"W","w","639","128","W","Input"
"1365","1365","1365",650203,650348,145,"H","h","640","128","H","Input"
"1366","1366","1366",650397,650495,98,"e","e","641","128","e","Input"
"1367","1367","1367",650658,650704,46,"Backspace","Backspace","640","128","e","Remove/Cut"
"1368","1368","1368",650810,650874,64,"Backspace","Backspace","639","128","H","Remove/Cut"
"1369","1369","1369",650945,651091,146,"e","e","640","128","e","Input"
"1370","1370","1370",651053,651188,135,"Space","Space","641","128"," ","Input"
"1371","1371","1371",652236,652442,206,"w","w","642","129","w","Input"
"1372","1372","1372",652408,652555,147,"e","e","643","129","e","Input"
"1373","1373","1373",652598,652678,80,"Space","Space","644","129"," ","Input"
"1374","1374","1374",652732,652818,86,"e","e","645","130","e","Input"
"1375","1375","1375",652866,652943,77,"n","n","646","130","n","Input"
"1376","1376","1376",653144,653275,131,"c","c","647","130","c","Input"
"1377","1377","1377",653312,653382,70,"o","o","648","130","o","Input"
"1378","1378","1378",653462,653564,102,"u","u","649","130","u","Input"
"1379","1379","1379",653660,653755,95,"n","n","650","130","n","Input"
"1380","1380","1380",653937,654047,110,"t","t","651","130","t","Input"
"1381","1381","1381",654099,654259,160,"e","e","652","130","e","Input"
"1382","1382","1382",654194,654371,177,"r","r","653","130","r","Input"
"1383","1383","1383",654353,654484,131,"Space","Space","654","130"," ","Input"
"1384","1384","1384",654481,654580,99,"a","a","655","131","a","Input"
"1385","1385","1385",654587,654684,97,"Space","Space","656","131"," ","Input"
"1386","1386","1386",655136,655263,127,"p","p","657","132","p","Input"
"1387","1387","1387",655277,655410,133,"r","r","658","132","r","Input"
"1388","1388","1388",655401,655540,139,"o","o","659","132","o","Input"
"1389","1389","1389",655753,655819,66,"b","b","660","132","b","Input"
"1390","1390","1390",655951,656046,95,"l","l","661","132","l","Input"
"1391","1391","1391",656061,656159,98,"e","e","662","132","e","Input"
"1392","1392","1392",656200,656306,106,"m","m","663","132","m","Input"
"1393","1393","1393",656300,656419,119,"Space","Space","664","132"," ","Input"
"1394","1394","1394",658093,658192,99,"Backspace","Backspace","663","132"," ","Remove/Cut"
"1395","1395","1395",658245,658349,104,",",",","664","132",",","Input"
"1396","1396","1396",658471,658583,112,"Space","Space","665","132"," ","Input"
"1397","1397","1397",658834,659024,190,"w","w","666","133","w","Input"
"1398","1398","1398",658950,659103,153,"e","e","667","133","e","Input"
"1399","1399","1399",659071,659197,126,"Space","Space","668","133"," ","Input"
"1400","1400","1400",659392,659610,218,"r","r","669","134","r","Input"
"1401","1401","1401",659588,659850,262,"e","e","670","134","e","Input"
"1402","1402","1402",659764,659930,166,"a","a","671","134","a","Input"
"1403","1403","1403",660095,660226,131,"c","c","672","134","c","Input"
"1404","1404","1404",660207,660383,176,"h","h","673","134","h","Input"
"1405","1405","1405",660340,660442,102,"Space","Space","674","134"," ","Input"
"1406","1406","1406",660512,660610,98,"o","o","675","135","o","Input"
"1407","1407","1407",660652,660742,90,"t","t","676","135","t","Input"
"1408","1408","1408",660730,660844,114,"h","h","677","135","h","Input"
"1409","1409","1409",660823,660957,134,"e","e","678","135","e","Input"
"1410","1410","1410",660915,661110,195,"r","r","679","135","r","Input"
"1411","1411","1411",661113,661278,165,"s","s","680","135","s","Input"
"1412","1412","1412",661255,661390,135,"Space","Space","681","135"," ","Input"
"1413","1413","1413",661433,661525,92,"t","t","682","136","t","Input"
"1414","1414","1414",661506,661661,155,"o","o","683","136","o","Input"
"1415","1415","1415",661631,661738,107,"Space","Space","684","136"," ","Input"
"1416","1416","1416",661940,662075,135,"s","s","685","137","s","Input"
"1417","1417","1417",662056,662162,106,"o","o","686","137","o","Input"
"1418","1418","1418",662273,662411,138,"l","l","687","137","l","Input"
"1419","1419","1419",662406,662524,118,"v","v","688","137","v","Input"
"1420","1420","1420",662580,662723,143,"e","e","689","137","e","Input"
"1421","1421","1421",662676,662774,98,"Space","Space","690","137"," ","Input"
"1422","1422","1422",662829,662942,113,"i","i","691","138","i","Input"
"1423","1423","1423",662924,663007,83,"t","t","692","138","t","Input"
"1424","1424","1424",663054,663155,101,"Space","Space","693","138"," ","Input"
"1425","1425","1425",663342,663451,109,"t","t","694","139","t","Input"
"1426","1426","1426",663449,663566,117,"o","o","695","139","o","Input"
"1427","1427","1427",663630,663739,109,"g","g","696","139","g","Input"
"1428","1428","1428",663805,663943,138,"e","e","697","139","e","Input"
"1429","1429","1429",663926,664046,120,"t","t","698","139","t","Input"
"1430","1430","1430",664088,664200,112,"h","h","699","139","h","Input"
"1431","1431","1431",664355,664421,66,"Backspace","Backspace","698","139","h","Remove/Cut"
"1432","1432","1432",664516,664587,71,"Backspace","Backspace","697","139","t","Remove/Cut"
"1433","1433","1433",664859,665006,147,"t","t","698","139","t","Input"
"1434","1434","1434",665059,665196,137,"h","h","699","139","h","Input"
"1435","1435","1435",665237,665400,163,"e","e","700","139","e","Input"
"1436","1436","1436",665354,665509,155,"r","r","701","139","r","Input"
"1437","1437","1437",665561,665697,136,".",".","702","139",".","Input"
"1438","1438","1438",665662,665793,131,"Space","Space","703","139"," ","Input"
"1439","1439","1439",666874,666976,102,"Enter","Enter","704","139","\n","Input"
"1440","1440","1440",667069,667149,80,"Enter","Enter","705","139","\n","Input"
"1441","1441","1441",674546,674546,0,"Shift","Shift","705","139","NoChange","Nonproduction"
"1442","1442","1442",674740,674934,194,"W","w","706","140","W","Input"
"1443","1443","1443",674881,675010,129,"e","e","707","140","e","Input"
"1444","1444","1444",674985,675126,141,"Space","Space","708","140"," ","Input"
"1445","1445","1445",675186,675325,139,"u","u","709","141","u","Input"
"1446","1446","1446",675520,675619,99,"Backspace","Backspace","708","140","u","Remove/Cut"
"1447","1447","1447",675588,675770,182,"w","w","709","141","w","Input"
"1448","1448","1448",675721,675900,179,"e","e","710","141","e","Input"
"1449","1449","1449",675876,675994,118,"Space","Space","711","141"," ","Input"
"1450","1450","1450",676044,676172,128,"u","u","712","142","u","Input"
"1451","1451","1451",676138,676265,127,"s","s","713","142","s","Input"
"1452","1452","1452",676311,676472,161,"e","e","714","142","e","Input"
"1453","1453","1453",676454,676600,146,"Space","Space","715","142"," ","Input"
"1454","1454","1454",676681,676775,94,"c","c","716","143","c","Input"
"1455","1455","1455",676779,676827,48,"o","o","717","143","o","Input"
"1456","1456","1456",676983,677085,102,"m","m","718","143","m","Input"
"1457","1457","1457",677190,677264,74,"p","p","719","143","p","Input"
"1458","1458","1458",677443,677477,34,"t","t","720","143","t","Input"
"1459","1459","1459",677857,677964,107,"Backspace","Backspace","719","143","t","Remove/Cut"
"1460","1460","1460",678014,678136,122,"e","e","720","143","e","Input"
"1461","1461","1461",678290,678393,103,"t","t","721","143","t","Input"
"1462","1462","1462",678445,678527,82,"i","i","722","143","i","Input"
"1463","1463","1463",678640,678670,30,"n","n","723","143","n","Input"
"1464","1464","1464",678967,679040,73,"t","t","724","143","t","Input"
"1465","1465","1465",679116,679183,67,"Backspace","Backspace","723","143","t","Remove/Cut"
"1466","1466","1466",679261,679351,90,"Backspace","Backspace","722","143","n","Remove/Cut"
"1467","1467","1467",679397,679497,100,"t","t","723","143","t","Input"
"1468","1468","1468",679455,679622,167,"i","i","724","143","i","Input"
"1469","1469","1469",679591,679672,81,"o","o","725","143","o","Input"
"1470","1470","1470",679738,679901,163,"n","n","726","143","n","Input"
"1471","1471","1471",679850,679980,130,"Space","Space","727","143"," ","Input"
"1472","1472","1472",680570,680640,70,"i","i","728","144","i","Input"
"1473","1473","1473",680751,680837,86,"n","n","729","144","n","Input"
"1474","1474","1474",680880,681007,127,"s","s","730","144","s","Input"
"1475","1475","1475",681065,681179,114,"t","t","731","144","t","Input"
"1476","1476","1476",681177,681401,224,"e","e","732","144","e","Input"
"1477","1477","1477",681336,681466,130,"a","a","733","144","a","Input"
"1478","1478","1478",681526,681672,146,"d","d","734","144","d","Input"
"1479","1479","1479",681647,681750,103,"Space","Space","735","144"," ","Input"
"1480","1480","1480",681797,681923,126,"o","o","736","145","o","Input"
"1481","1481","1481",681846,681987,141,"f","f","737","145","f","Input"
"1482","1482","1482",681971,682103,132,"Space","Space","738","145"," ","Input"
"1483","1483","1483",685827,685974,147,"c","c","739","146","c","Input"
"1484","1484","1484",686339,686433,94,"o","o","740","146","o","Input"
"1485","1485","1485",686511,686619,108,"o","o","741","146","o","Input"
"1486","1486","1486",686665,686794,129,"p","p","742","146","p","Input"
"1487","1487","1487",686802,687051,249,"e","e","743","146","e","Input"
"1488","1488","1488",687058,687234,176,"a","a","744","146","a","Input"
"1489","1489","1489",687519,687645,126,"t","t","745","146","t","Input"
"1490","1490","1490",687659,687853,194,"i","i","746","146","i","Input"
"1491","1491","1491",687806,687909,103,"o","o","747","146","o","Input"
"1492","1492","1492",688002,688117,115,"n","n","748","146","n","Input"
"1493","1493","1493",688197,688360,163,",",",","749","146",",","Input"
"1494","1494","1494",688325,688452,127,"Space","Space","750","146"," ","Input"
"1495","1495","1495",688890,689055,165,"w","w","751","147","w","Input"
"1496","1496","1496",689022,689171,149,"e","e","752","147","e","Input"
"1497","1497","1497",689162,689312,150,"Space","Space","753","147"," ","Input"
"1498","1498","1498",689837,689955,118,"j","j","754","148","j","Input"
"1499","1499","1499",690038,690141,103,"u","u","755","148","u","Input"
"1500","1500","1500",690114,690244,130,"s","s","756","148","s","Input"
"1501","1501","1501",690283,690372,89,"t","t","757","148","t","Input"
"1502","1502","1502",690323,690426,103,"Space","Space","758","148"," ","Input"
"1503","1503","1503",691492,691635,143,"f","f","759","149","f","Input"
"1504","1504","1504",691638,691734,96,"i","i","760","149","i","Input"
"1505","1505","1505",691850,691917,67,"l","l","761","149","l","Input"
"1506","1506","1506",692005,692092,87,"l","l","762","149","l","Input"
"1507","1507","1507",692068,692187,119,"Space","Space","763","149"," ","Input"
"1508","1508","1508",692234,692350,116,"o","o","764","150","o","Input"
"1509","1509","1509",692419,692543,124,"u","u","765","150","u","Input"
"1510","1510","1510",692588,692731,143,"r","r","766","150","r","Input"
"1511","1511","1511",692880,693087,207,"s","s","767","150","s","Input"
"1512","1512","1512",693024,693197,173,"e","e","768","150","e","Input"
"1513","1513","1513",693172,693327,155,"l","l","769","150","l","Input"
"1514","1514","1514",693456,693615,159,"v","v","770","150","v","Input"
"1515","1515","1515",693697,693903,206,"e","e","771","150","e","Input"
"1516","1516","1516",693845,693979,134,"s","s","772","150","s","Input"
"1517","1517","1517",693956,694079,123,"Space","Space","773","150"," ","Input"
"1518","1518","1518",694117,694234,117,"w","w","774","151","w","Input"
"1519","1519","1519",694200,694331,131,"i","i","775","151","i","Input"
"1520","1520","1520",694393,694532,139,"t","t","776","151","t","Input"
"1521","1521","1521",694442,694681,239,"h","h","777","151","h","Input"
"1522","1522","1522",694586,694735,149,"Space","Space","778","151"," ","Input"
"1523","1523","1523",697944,698098,154,"a","a","779","152","a","Input"
"1524","1524","1524",698137,698242,105,"n","n","780","152","n","Input"
"1525","1525","1525",698289,698379,90,"g","g","781","152","g","Input"
"1526","1526","1526",698457,698627,170,"e","e","782","152","e","Input"
"1527","1527","1527",698590,698736,146,"r","r","783","152","r","Input"
"1528","1528","1528",698740,698923,183,",",",","784","152",",","Input"
"1529","1529","1529",698893,699040,147,"Space","Space","785","152"," ","Input"
"1530","1530","1530",699305,699463,158,"f","f","786","153","f","Input"
"1531","1531","1531",699505,699633,128,"u","u","787","153","u","Input"
"1532","1532","1532",699670,699769,99,"s","s","788","153","s","Input"
"1533","1533","1533",699892,700014,122,"t","t","789","153","t","Input"
"1534","1534","1534",700317,700464,147,"u","u","790","153","u","Input"
"1535","1535","1535",700527,700720,193,"r","r","791","153","r","Input"
"1536","1536","1536",700691,700822,131,"a","a","792","153","a","Input"
"1537","1537","1537",700883,700998,115,"t","t","793","153","t","Input"
"1538","1538","1538",700958,701137,179,"i","i","794","153","i","Input"
"1539","1539","1539",701083,701189,106,"o","o","795","153","o","Input"
"1540","1540","1540",701253,701380,127,"n","n","796","153","n","Input"
"1541","1541","1541",701424,701595,171,",",",","797","153",",","Input"
"1542","1542","1542",701567,701717,150,"Space","Space","798","153"," ","Input"
"1543","1543","1543",703284,703374,90,"a","a","799","154","a","Input"
"1544","1544","1544",703649,703746,97,"n","n","800","154","n","Input"
"1545","1545","1545",703891,703997,106,"d","d","801","154","d","Input"
"1546","1546","1546",704045,704142,97,"Space","Space","802","154"," ","Input"
"1547","1547","1547",704314,704376,62,"i","i","803","155","i","Input"
"1548","1548","1548",704547,704625,78,"Backspace","Backspace","802","154","i","Remove/Cut"
"1549","1549","1549",704762,704860,98,"u","u","803","155","u","Input"
"1550","1550","1550",704918,705017,99,"g","g","804","155","g","Input"
"1551","1551","1551",705057,705126,69,"l","l","805","155","l","Input"
"1552","1552","1552",705341,705503,162,"y","y","806","155","y","Input"
"1553","1553","1553",705480,705583,103,"Space","Space","807","155"," ","Input"
"1554","1554","1554",705849,705964,115,"e","e","808","156","e","Input"
"1555","1555","1555",706188,706269,81,"Backspace","Backspace","807","155","e","Remove/Cut"
"1556","1556","1556",706248,706366,118,"f","f","808","156","f","Input"
"1557","1557","1557",706414,706515,101,"e","e","809","156","e","Input"
"1558","1558","1558",706579,706699,120,"e","e","810","156","e","Input"
"1559","1559","1559",706653,706770,117,"l","l","811","156","l","Input"
"1560","1560","1560",706835,706933,98,"i","i","812","156","i","Input"
"1561","1561","1561",707019,707120,101,"n","n","813","156","n","Input"
"1562","1562","1562",707086,707175,89,"g","g","814","156","g","Input"
"1563","1563","1563",707236,707361,125,"s","s","815","156","s","Input"
"1564","1564","1564",707335,707483,148,".",".","816","156",".","Input"
"1565","1565","1565",707470,707595,125,"Space","Space","817","156"," ","Input"
"1566","1566","1566",742029,742029,0,"Shift","Shift","817","156","NoChange","Nonproduction"
"1567","1567","1567",742223,742424,201,"W","w","818","157","W","Input"
"1568","1568","1568",742395,742498,103,"e","e","819","157","e","Input"
"1569","1569","1569",742549,742669,120,"Space","Space","820","157"," ","Input"
"1570","1570","1570",742716,742874,158,"o","o","821","158","o","Input"
"1571","1571","1571",742954,743072,118,"f","f","822","158","f","Input"
"1572","1572","1572",743182,743281,99,"t","t","823","158","t","Input"
"1573","1573","1573",743332,743458,126,"e","e","824","158","e","Input"
"1574","1574","1574",743497,743647,150,"n","n","825","158","n","Input"
"1575","1575","1575",743580,743715,135,"Space","Space","826","158"," ","Input"
"1576","1576","1576",743766,743878,112,"d","d","827","159","d","Input"
"1577","1577","1577",743883,744026,143,"o","o","828","159","o","Input"
"1578","1578","1578",743972,744110,138,"Space","Space","829","159"," ","Input"
"1579","1579","1579",744168,744246,78,"t","t","830","160","t","Input"
"1580","1580","1580",744215,744313,98,"h","h","831","160","h","Input"
"1581","1581","1581",744367,744462,95,"i","i","832","160","i","Input"
"1582","1582","1582",744517,744642,125,"n","n","833","160","n","Input"
"1583","1583","1583",744619,744749,130,"g","g","834","160","g","Input"
"1584","1584","1584",744823,744938,115,"s","s","835","160","s","Input"
"1585","1585","1585",744941,745089,148,"Space","Space","836","160"," ","Input"
"1586","1586","1586",745337,745488,151,"w","w","837","161","w","Input"
"1587","1587","1587",745648,745800,152,"r","r","838","161","r","Input"
"1588","1588","1588",745775,745894,119,"o","o","839","161","o","Input"
"1589","1589","1589",745971,746106,135,"n","n","840","161","n","Input"
"1590","1590","1590",746091,746201,110,"g","g","841","161","g","Input"
"1591","1591","1591",746251,746367,116,"Space","Space","842","161"," ","Input"
"1592","1592","1592",746516,746651,135,"a","a","843","162","a","Input"
"1593","1593","1593",746701,746777,76,"n","n","844","162","n","Input"
"1594","1594","1594",746775,746869,94,"d","d","845","162","d","Input"
"1595","1595","1595",746917,747003,86,"Space","Space","846","162"," ","Input"
"1596","1596","1596",747284,747351,67,"Backspace","Backspace","845","162"," ","Remove/Cut"
"1597","1597","1597",747453,747500,47,"Backspace","Backspace","844","162","d","Remove/Cut"
"1598","1598","1598",747614,747662,48,"Backspace","Backspace","843","162","n","Remove/Cut"
"1599","1599","1599",747744,747826,82,"Backspace","Backspace","842","161","a","Remove/Cut"
"1600","1600","1600",747962,748064,102,"o","o","843","162","o","Input"
"1601","1601","1601",748118,748212,94,"r","r","844","162","r","Input"
"1602","1602","1602",748185,748332,147,"Space","Space","845","162"," ","Input"
"1603","1603","1603",749398,749492,94,"t","t","846","163","t","Input"
"1604","1604","1604",749587,749723,136,"r","r","847","163","r","Input"
"1605","1605","1605",749774,749877,103,"y","y","848","163","y","Input"
"1606","1606","1606",749861,750019,158,"Space","Space","849","163"," ","Input"
"1607","1607","1607",750093,750204,111,"t","t","850","164","t","Input"
"1608","1608","1608",750202,750375,173,"o","o","851","164","o","Input"
"1609","1609","1609",750308,750444,136,"Space","Space","852","164"," ","Input"
"1610","1610","1610",750680,750814,134,"f","f","853","165","f","Input"
"1611","1611","1611",750851,750930,79,"i","i","854","165","i","Input"
"1612","1612","1612",751020,751134,114,"n","n","855","165","n","Input"
"1613","1613","1613",751187,751264,77,"d","d","856","165","d","Input"
"1614","1614","1614",751304,751367,63,"Space","Space","857","165"," ","Input"
"1615","1615","1615",751424,751513,89,"t","t","858","166","t","Input"
"1616","1616","1616",751503,751598,95,"h","h","859","166","h","Input"
"1617","1617","1617",751570,751674,104,"e","e","860","166","e","Input"
"1618","1618","1618",751723,751788,65,"Space","Space","861","166"," ","Input"
"1619","1619","1619",753038,753199,161,"s","s","862","167","s","Input"
"1620","1620","1620",753241,753351,110,"h","h","863","167","h","Input"
"1621","1621","1621",753439,753581,142,"o","o","864","167","o","Input"
"1622","1622","1622",753563,753678,115,"r","r","865","167","r","Input"
"1623","1623","1623",753871,753997,126,"t","t","866","167","t","Input"
"1624","1624","1624",754674,754844,170,"c","c","867","167","c","Input"
"1625","1625","1625",754848,755000,152,"u","u","868","167","u","Input"
"1626","1626","1626",755124,755262,138,"t","t","869","167","t","Input"
"1627","1627","1627",755383,755489,106,"s","s","870","167","s","Input"
"1628","1628","1628",755565,755712,147,"Space","Space","871","167"," ","Input"
"1629","1629","1629",764387,765694,1307,"Leftclick","Leftclick","552","167","NoChange","Nonproduction"
"1630","1630","1630",766653,766719,66,"Leftclick","Leftclick","871","167","NoChange","Nonproduction"
"1631","1631","1631",767424,767515,91,"t","t","872","168","t","Input"
"1632","1632","1632",767512,767666,154,"o","o","873","168","o","Input"
"1633","1633","1633",767608,767746,138,"Space","Space","874","168"," ","Input"
"1634","1634","1634",768161,768307,146,"c","c","875","169","c","Input"
"1635","1635","1635",768283,768435,152,"h","h","876","169","h","Input"
"1636","1636","1636",768377,768608,231,"e","e","877","169","e","Input"
"1637","1637","1637",768495,768646,151,"a","a","878","169","a","Input"
"1638","1638","1638",769018,769115,97,"t","t","879","169","t","Input"
"1639","1639","1639",769184,769324,140,"Space","Space","880","169"," ","Input"
"1640","1640","1640",769847,769986,139,"a","a","881","170","a","Input"
"1641","1641","1641",769990,770089,99,"n","n","882","170","n","Input"
"1642","1642","1642",770133,770216,83,"d","d","883","170","d","Input"
"1643","1643","1643",770266,770346,80,"Space","Space","884","170"," ","Input"
"1644","1644","1644",771718,771842,124,"b","b","885","171","b","Input"
"1645","1645","1645",771818,771921,103,"e","e","886","171","e","Input"
"1646","1646","1646",771983,772086,103,"Space","Space","887","171"," ","Input"
"1647","1647","1647",772134,772244,110,"f","f","888","172","f","Input"
"1648","1648","1648",772283,772371,88,"i","i","889","172","i","Input"
"1649","1649","1649",772599,772682,83,"Backspace","Backspace","888","172","i","Remove/Cut"
"1650","1650","1650",772757,772837,80,"Backspace","Backspace","887","171","f","Remove/Cut"
"1651","1651","1651",772841,772944,103,"t","t","888","172","t","Input"
"1652","1652","1652",772984,773077,93,"h","h","889","172","h","Input"
"1653","1653","1653",773050,773143,93,"e","e","890","172","e","Input"
"1654","1654","1654",773185,773304,119,"Space","Space","891","172"," ","Input"
"1655","1655","1655",773553,773678,125,"f","f","892","173","f","Input"
"1656","1656","1656",773660,773806,146,"i","i","893","173","i","Input"
"1657","1657","1657",773797,773958,161,"r","r","894","173","r","Input"
"1658","1658","1658",773949,774087,138,"s","s","895","173","s","Input"
"1659","1659","1659",774092,774199,107,"t","t","896","173","t","Input"
"1660","1660","1660",774207,774320,113,"Space","Space","897","173"," ","Input"
"1661","1661","1661",774367,774464,97,"a","a","898","174","a","Input"
"1662","1662","1662",774844,774962,118,"Backspace","Backspace","897","173","a","Remove/Cut"
"1663","1663","1663",775052,775179,127,"o","o","898","174","o","Input"
"1664","1664","1664",775139,775254,115,"r","r","899","174","r","Input"
"1665","1665","1665",775302,775395,93,"Space","Space","900","174"," ","Input"
"1666","1666","1666",775547,775728,181,"f","f","901","175","f","Input"
"1667","1667","1667",775704,775811,107,"a","a","902","175","a","Input"
"1668","1668","1668",775881,775995,114,"s","s","903","175","s","Input"
"1669","1669","1669",776048,776151,103,"t","t","904","175","t","Input"
"1670","1670","1670",776200,776304,104,"e","e","905","175","e","Input"
"1671","1671","1671",776376,776443,67,"d","d","906","175","d","Input"
"1672","1672","1672",776428,776578,150,"s","s","907","175","s","Input"
"1673","1673","1673",776808,776883,75,"Backspace","Backspace","906","175","s","Remove/Cut"
"1674","1674","1674",776967,777056,89,"Backspace","Backspace","905","175","d","Remove/Cut"
"1675","1675","1675",777030,777185,155,"s","s","906","175","s","Input"
"1676","1676","1676",777158,777292,134,"t","t","907","175","t","Input"
"1677","1677","1677",777344,777481,137,"Space","Space","908","175"," ","Input"
"1678","1678","1678",778095,778225,130,"o","o","909","176","o","Input"
"1679","1679","1679",778312,778399,87,"n","n","910","176","n","Input"
"1680","1680","1680",778403,778523,120,"e","e","911","176","e","Input"
"1681","1681","1681",778570,778663,93,".",".","912","176",".","Input"
"1682","1682","1682",778720,778865,145,"Space","Space","913","176"," ","Input"
"1683","1683","1683",780881,780881,0,"Shift","Shift","913","176","NoChange","Nonproduction"
"1684","1684","1684",781300,781479,179,"W","W","914","177","W","Input"
"1685","1685","1685",781620,781730,110,"e","e","915","177","e","Input"
"1686","1686","1686",781779,781909,130,"Space","Space","916","177"," ","Input"
"1687","1687","1687",782111,782242,131,"g","g","917","178","g","Input"
"1688","1688","1688",782246,782374,128,"a","a","918","178","a","Input"
"1689","1689","1689",782372,782486,114,"i","i","919","178","i","Input"
"1690","1690","1690",782541,782691,150,"n","n","920","178","n","Input"
"1691","1691","1691",782643,782776,133,"Space","Space","921","178"," ","Input"
"1692","1692","1692",782774,782916,142,"e","e","922","179","e","Input"
"1693","1693","1693",782954,783056,102,"n","n","923","179","n","Input"
"1694","1694","1694",783180,783314,134,"e","e","924","179","e","Input"
"1695","1695","1695",783787,783866,79,"Backspace","Backspace","923","179","e","Remove/Cut"
"1696","1696","1696",784066,784212,146,"e","e","924","179","e","Input"
"1697","1697","1697",784295,784389,94,"m","m","925","179","m","Input"
"1698","1698","1698",784478,784613,135,"i","i","926","179","i","Input"
"1699","1699","1699",784716,784754,38,"s","s","927","179","s","Input"
"1700","1700","1700",785022,785118,96,"Backspace","Backspace","926","179","s","Remove/Cut"
"1701","1701","1701",785173,785347,174,"e","e","927","179","e","Input"
"1702","1702","1702",785264,785417,153,"s","s","928","179","s","Input"
"1703","1703","1703",785393,785499,106,"Space","Space","929","179"," ","Input"
"1704","1704","1704",785567,785682,115,"a","a","930","180","a","Input"
"1705","1705","1705",785664,785778,114,"n","n","931","180","n","Input"
"1706","1706","1706",785823,785906,83,"d","d","932","180","d","Input"
"1707","1707","1707",785832,785971,139,"Space","Space","933","180"," ","Input"
"1708","1708","1708",787642,787756,114,"o","o","934","181","o","Input"
"1709","1709","1709",788219,788281,62,"Backspace","Backspace","933","180","o","Remove/Cut"
"1710","1710","1710",788286,788452,166,"a","a","934","181","a","Input"
"1711","1711","1711",788423,788613,190,"r","r","935","181","r","Input"
"1712","1712","1712",788555,788705,150,"e","e","936","181","e","Input"
"1713","1713","1713",788669,788789,120,"Space","Space","937","181"," ","Input"
"1714","1714","1714",788878,788987,109,"a","a","938","182","a","Input"
"1715","1715","1715",789538,789628,90,"Backspace","Backspace","937","181","a","Remove/Cut"
"1716","1716","1716",789724,789831,107,"o","o","938","182","o","Input"
"1717","1717","1717",789924,790027,103,"f","f","939","182","f","Input"
"1718","1718","1718",790157,790244,87,"t","t","940","182","t","Input"
"1719","1719","1719",790294,790408,114,"e","e","941","182","e","Input"
"1720","1720","1720",790460,790571,111,"n","n","942","182","n","Input"
"1721","1721","1721",790557,790668,111,"Space","Space","943","182"," ","Input"
"1722","1722","1722",790909,791060,151,"c","c","944","183","c","Input"
"1723","1723","1723",791064,791198,134,"h","h","945","183","h","Input"
"1724","1724","1724",791189,791388,199,"e","e","946","183","e","Input"
"1725","1725","1725",791317,791458,141,"a","a","947","183","a","Input"
"1726","1726","1726",791546,791660,114,"t","t","948","183","t","Input"
"1727","1727","1727",791712,791832,120,"e","e","949","183","e","Input"
"1728","1728","1728",791957,792103,146,"d","d","950","183","d","Input"
"1729","1729","1729",792100,792218,118,"Space","Space","951","183"," ","Input"
"1730","1730","1730",792262,792330,68,"o","o","952","184","o","Input"
"1731","1731","1731",792410,792512,102,"n","n","953","184","n","Input"
"1732","1732","1732",792487,792621,134,"Space","Space","954","184"," ","Input"
"1733","1733","1733",793038,793125,87,"t","t","955","185","t","Input"
"1734","1734","1734",793178,793210,32,"o","o","956","185","o","Input"
"1735","1735","1735",793295,793353,58,"o","o","957","185","o","Input"
"1736","1736","1736",793461,793586,125,".",".","958","185",".","Input"
"1737","1737","1737",793581,793669,88,"Space","Space","959","185"," ","Input"
"1738","1738","1738",841775,841775,0,"Shift","Shift","959","185","NoChange","Nonproduction"
"1739","1739","1739",841956,842206,250,"W","w","960","186","W","Input"
"1740","1740","1740",842168,842279,111,"e","e","961","186","e","Input"
"1741","1741","1741",842393,842644,251,"Space","Space","962","186"," ","Input"
"1742","1742","1742",842685,842806,121,"a","a","963","187","a","Input"
"1743","1743","1743",842772,842931,159,"n","n","964","187","n","Input"
"1744","1744","1744",842904,843007,103,"Space","Space","965","187"," ","Input"
"1745","1745","1745",843335,843410,75,"Backspace","Backspace","964","187"," ","Remove/Cut"
"1746","1746","1746",843495,843549,54,"Backspace","Backspace","963","187","n","Remove/Cut"
"1747","1747","1747",843628,843731,103,"Backspace","Backspace","962","186","a","Remove/Cut"
"1748","1748","1748",843735,843918,183,"c","c","963","187","c","Input"
"1749","1749","1749",843856,844001,145,"a","a","964","187","a","Input"
"1750","1750","1750",843972,844122,150,"n","n","965","187","n","Input"
"1751","1751","1751",844079,844222,143,"Space","Space","966","187"," ","Input"
"1752","1752","1752",844448,844522,74,"g","g","967","188","g","Input"
"1753","1753","1753",844610,844750,140,"e","e","968","188","e","Input"
"1754","1754","1754",844753,844880,127,"t","t","969","188","t","Input"
"1755","1755","1755",844870,844972,102,"Space","Space","970","188"," ","Input"
"1756","1756","1756",845022,845098,76,"o","o","971","189","o","Input"
"1757","1757","1757",845271,845356,85,"Backspace","Backspace","970","188","o","Remove/Cut"
"1758","1758","1758",845446,845551,105,"l","l","971","189","l","Input"
"1759","1759","1759",845645,845697,52,"i","i","972","189","i","Input"
"1760","1760","1760",845681,845832,151,"s","s","973","189","s","Input"
"1761","1761","1761",845870,845957,87,"t","t","974","189","t","Input"
"1762","1762","1762",845949,846047,98,"Space","Space","975","189"," ","Input"
"1763","1763","1763",846181,846255,74,"Backspace","Backspace","974","189"," ","Remove/Cut"
"1764","1764","1764",846337,846395,58,"Backspace","Backspace","973","189","t","Remove/Cut"
"1765","1765","1765",846475,846538,63,"Backspace","Backspace","972","189","s","Remove/Cut"
"1766","1766","1766",846597,846700,103,"Backspace","Backspace","971","189","i","Remove/Cut"
"1767","1767","1767",846813,846913,100,"o","o","972","189","o","Input"
"1768","1768","1768",846897,847016,119,"s","s","973","189","s","Input"
"1769","1769","1769",847072,847163,91,"t","t","974","189","t","Input"
"1770","1770","1770",847135,847277,142,"Space","Space","975","189"," ","Input"
"1771","1771","1771",847511,847606,95,"i","i","976","190","i","Input"
"1772","1772","1772",847696,847825,129,"n","n","977","190","n","Input"
"1773","1773","1773",847778,847909,131,"Space","Space","978","190"," ","Input"
"1774","1774","1774",847955,848046,91,"t","t","979","191","t","Input"
"1775","1775","1775",848023,848117,94,"h","h","980","191","h","Input"
"1776","1776","1776",848122,848217,95,"e","e","981","191","e","Input"
"1777","1777","1777",848221,848309,88,"Space","Space","982","191"," ","Input"
"1778","1778","1778",848472,848546,74,"a","a","983","192","a","Input"
"1779","1779","1779",848541,848723,182,"w","w","984","192","w","Input"
"1780","1780","1780",848814,848884,70,"Backspace","Backspace","983","192","w","Remove/Cut"
"1781","1781","1781",848976,849067,91,"Backspace","Backspace","982","191","a","Remove/Cut"
"1782","1782","1782",849041,849155,114,"w","w","983","192","w","Input"
"1783","1783","1783",849107,849247,140,"a","a","984","192","a","Input"
"1784","1784","1784",849298,849426,128,"s","s","985","192","s","Input"
"1785","1785","1785",849316,849509,193,"y","y","986","192","y","Input"
"1786","1786","1786",849423,849609,186,"Space","Space","987","192"," ","Input"
"1787","1787","1787",849869,849945,76,"Backspace","Backspace","986","192"," ","Remove/Cut"
"1788","1788","1788",850044,850094,50,"Backspace","Backspace","985","192","y","Remove/Cut"
"1789","1789","1789",850184,850246,62,"Backspace","Backspace","984","192","s","Remove/Cut"
"1790","1790","1790",850465,850564,99,"Backspace","Backspace","983","192","a","Remove/Cut"
"1791","1791","1791",850649,850727,78,"Backspace","Backspace","982","191","w","Remove/Cut"
"1792","1792","1792",850815,850905,90,"Backspace","Backspace","981","191"," ","Remove/Cut"
"1793","1793","1793",850976,851059,83,"Backspace","Backspace","980","191","e","Remove/Cut"
"1794","1794","1794",851139,851208,69,"Backspace","Backspace","979","191","h","Remove/Cut"
"1795","1795","1795",851304,851371,67,"Backspace","Backspace","978","190","t","Remove/Cut"
"1796","1796","1796",851842,851937,95,"o","o","979","191","o","Input"
"1797","1797","1797",852063,852146,83,"u","u","980","191","u","Input"
"1798","1798","1798",852237,852368,131,"r","r","981","191","r","Input"
"1799","1799","1799",852337,852434,97,"Space","Space","982","191"," ","Input"
"1800","1800","1800",852554,852769,215,"w","w","983","192","w","Input"
"1801","1801","1801",852682,852823,141,"a","a","984","192","a","Input"
"1802","1802","1802",852881,853041,160,"y","y","985","192","y","Input"
"1803","1803","1803",853014,853149,135,"Space","Space","986","192"," ","Input"
"1804","1804","1804",866065,866164,99,"a","a","987","193","a","Input"
"1805","1805","1805",866228,866328,100,"n","n","988","193","n","Input"
"1806","1806","1806",866306,866420,114,"d","d","989","193","d","Input"
"1807","1807","1807",866468,866584,116,"Space","Space","990","193"," ","Input"
"1808","1808","1808",867166,867293,127,"e","e","991","194","e","Input"
"1809","1809","1809",867352,867417,65,"n","n","992","194","n","Input"
"1810","1810","1810",867467,867565,98,"d","d","993","194","d","Input"
"1811","1811","1811",867631,867719,88,"u","u","994","194","u","Input"
"1812","1812","1812",868169,868297,128,"Backspace","Backspace","993","194","u","Remove/Cut"
"1813","1813","1813",868349,868477,128,"Space","Space","994","194"," ","Input"
"1814","1814","1814",868534,868651,117,"u","u","995","195","u","Input"
"1815","1815","1815",868721,868872,151,"p","p","996","195","p","Input"
"1816","1816","1816",868913,868988,75,"Space","Space","997","195"," ","Input"
"1817","1817","1817",869066,869159,93,"n","n","998","196","n","Input"
"1818","1818","1818",869199,869275,76,"e","e","999","196","e","Input"
"1819","1819","1819",869360,869443,83,"e","e","1000","196","e","Input"
"1820","1820","1820",869549,869683,134,"d","d","1001","196","d","Input"
"1821","1821","1821",869753,869848,95,"i","i","1002","196","i","Input"
"1822","1822","1822",869945,870054,109,"n","n","1003","196","n","Input"
"1823","1823","1823",870045,870159,114,"g","g","1004","196","g","Input"
"1824","1824","1824",870203,870290,87,"Space","Space","1005","196"," ","Input"
"1825","1825","1825",887054,887158,104,"t","t","1006","197","t","Input"
"1826","1826","1826",887160,887229,69,"h","h","1007","197","h","Input"
"1827","1827","1827",887319,887441,122,"e","e","1008","197","e","Input"
"1828","1828","1828",887454,887561,107,"Space","Space","1009","197"," ","Input"
"1829","1829","1829",887961,888063,102,"h","h","1010","198","h","Input"
"1830","1830","1830",888109,888217,108,"e","e","1011","198","e","Input"
"1831","1831","1831",888479,888519,40,"l","l","1012","198","l","Input"
"1832","1832","1832",888596,888659,63,"l","l","1013","198","l","Input"
"1833","1833","1833",888744,888834,90,"p","p","1014","198","p","Input"
"1834","1834","1834",889031,889085,54,"Backspace","Backspace","1013","198","p","Remove/Cut"
"1835","1835","1835",889162,889240,78,"Backspace","Backspace","1012","198","l","Remove/Cut"
"1836","1836","1836",889322,889441,119,"p","p","1013","198","p","Input"
"1837","1837","1837",889494,889668,174,"Space","Space","1014","198"," ","Input"
"1838","1838","1838",890096,890206,110,"o","o","1015","199","o","Input"
"1839","1839","1839",890261,890370,109,"f","f","1016","199","f","Input"
"1840","1840","1840",890352,890466,114,"Space","Space","1017","199"," ","Input"
"1841","1841","1841",890580,890718,138,"o","o","1018","200","o","Input"
"1842","1842","1842",890761,890861,100,"t","t","1019","200","t","Input"
"1843","1843","1843",890859,890956,97,"h","h","1020","200","h","Input"
"1844","1844","1844",890930,891068,138,"e","e","1021","200","e","Input"
"1845","1845","1845",891027,891209,182,"r","r","1022","200","r","Input"
"1846","1846","1846",891178,891332,154,"s","s","1023","200","s","Input"
"1847","1847","1847",891377,891456,79,"Space","Space","1024","200"," ","Input"
"1848","1848","1848",891472,891590,118,"a","a","1025","201","a","Input"
"1849","1849","1849",891649,891772,123,"t","t","1026","201","t","Input"
"1850","1850","1850",891741,891847,106,"Space","Space","1027","201"," ","Input"
"1851","1851","1851",891896,891955,59,"t","t","1028","202","t","Input"
"1852","1852","1852",891950,892057,107,"h","h","1029","202","h","Input"
"1853","1853","1853",892022,892111,89,"e","e","1030","202","e","Input"
"1854","1854","1854",892251,892382,131,"Space","Space","1031","202"," ","Input"
"1855","1855","1855",892474,892615,141,"e","e","1032","203","e","Input"
"1856","1856","1856",892610,892716,106,"n","n","1033","203","n","Input"
"1857","1857","1857",892759,892933,174,"d","d","1034","203","d","Input"
"1858","1858","1858",892998,893145,147,".",".","1035","203",".","Input"
"1859","1859","1859",893154,893294,140,"Space","Space","1036","203"," ","Input"
"1860","1860","1860",923221,924301,1080,"Leftclick","Leftclick","1036","203","NoChange","Nonproduction"
"1861","1861","1861",924869,925047,178,"Backspace","Backspace","1024","200","at the end. ","Remove/Cut"
"1862","1862","1862",929377,929555,178,"Backspace","Backspace","1023","200"," ","Remove/Cut"
"1863","1863","1863",930059,930191,132,"Space","Space","1024","200"," ","Input"
"1864","1864","1864",930364,930520,156,"a","a","1025","201","a","Input"
"1865","1865","1865",930564,930708,144,"n","n","1026","201","n","Input"
"1866","1866","1866",930674,930764,90,"d","d","1027","201","d","Input"
"1867","1867","1867",930772,930896,124,"Space","Space","1028","201"," ","Input"
"1868","1868","1868",930952,931081,129,"e","e","1029","202","e","Input"
"1869","1869","1869",931130,931233,103,"n","n","1030","202","n","Input"
"1870","1870","1870",931280,931388,108,"d","d","1031","202","d","Input"
"1871","1871","1871",931392,931567,175,"Space","Space","1032","202"," ","Input"
"1872","1872","1872",931675,931817,142,"u","u","1033","203","u","Input"
"1873","1873","1873",931871,932060,189,"p","p","1034","203","p","Input"
"1874","1874","1874",932025,932167,142,"Space","Space","1035","203"," ","Input"
"1875","1875","1875",932236,932356,120,"f","f","1036","204","f","Input"
"1876","1876","1876",932414,932541,127,"e","e","1037","204","e","Input"
"1877","1877","1877",932589,932699,110,"e","e","1038","204","e","Input"
"1878","1878","1878",932670,932793,123,"l","l","1039","204","l","Input"
"1879","1879","1879",932866,932975,109,"i","i","1040","204","i","Input"
"1880","1880","1880",933033,933138,105,"n","n","1041","204","n","Input"
"1881","1881","1881",933134,933235,101,"g","g","1042","204","g","Input"
"1882","1882","1882",933240,933327,87,"Space","Space","1043","204"," ","Input"
"1883","1883","1883",933657,933799,142,"f","f","1044","205","f","Input"
"1884","1884","1884",933808,933952,144,"u","u","1045","205","u","Input"
"1885","1885","1885",934214,934291,77,"Backspace","Backspace","1044","205","u","Remove/Cut"
"1886","1886","1886",934371,934461,90,"Backspace","Backspace","1043","204","f","Remove/Cut"
"1887","1887","1887",934909,935009,100,"g","g","1044","205","g","Input"
"1888","1888","1888",935083,935197,114,"u","u","1045","205","u","Input"
"1889","1889","1889",935251,935338,87,"i","i","1046","205","i","Input"
"1890","1890","1890",935396,935496,100,"t","t","1047","205","t","Input"
"1891","1891","1891",935549,935621,72,"l","l","1048","205","l","Input"
"1892","1892","1892",935731,935894,163,"y","y","1049","205","y","Input"
"1893","1893","1893",935844,935978,134,"Space","Space","1050","205"," ","Input"
"1894","1894","1894",935961,936090,129,"a","a","1051","206","a","Input"
"1895","1895","1895",936375,936456,81,"b","b","1052","206","b","Input"
"1896","1896","1896",936571,936653,82,"o","o","1053","206","o","Input"
"1897","1897","1897",936723,936830,107,"u","u","1054","206","u","Input"
"1898","1898","1898",936844,936962,118,"t","t","1055","206","t","Input"
"1899","1899","1899",937044,937138,94,"Space","Space","1056","206"," ","Input"
"1900","1900","1900",937188,937299,111,"i","i","1057","207","i","Input"
"1901","1901","1901",937275,937370,95,"t","t","1058","207","t","Input"
"1902","1902","1902",937426,937551,125,".",".","1059","207",".","Input"
"1903","1903","1903",937548,937669,121,"Space","Space","1060","207"," ","Input"
"1904","1904","1904",937928,937928,0,"Shift","Shift","1060","207","NoChange","Nonproduction"
"1905","1905","1905",938127,938268,141,"O","o","1061","208","O","Input"
"1906","1906","1906",938271,938393,122,"t","t","1062","208","t","Input"
"1907","1907","1907",938364,938463,99,"h","h","1063","208","h","Input"
"1908","1908","1908",938438,938568,130,"e","e","1064","208","e","Input"
"1909","1909","1909",938528,938714,186,"r","r","1065","208","r","Input"
"1910","1910","1910",938655,938794,139,"e","e","1066","208","e","Input"
"1911","1911","1911",938770,938869,99,"Space","Space","1067","208"," ","Input"
"1912","1912","1912",939083,939165,82,"Backspace","Backspace","1066","208"," ","Remove/Cut"
"1913","1913","1913",939256,939318,62,"Backspace","Backspace","1065","208","e","Remove/Cut"
"1914","1914","1914",939399,939481,82,"Backspace","Backspace","1064","208","r","Remove/Cut"
"1915","1915","1915",939558,939653,95,"Backspace","Backspace","1063","208","e","Remove/Cut"
"1916","1916","1916",939723,939818,95,"Backspace","Backspace","1062","208","h","Remove/Cut"
"1917","1917","1917",939871,939871,0,"Shift","Shift","1062","208","NoChange","Nonproduction"
"1918","1918","1918",939894,939964,70,"Backspace","Backspace","1061","208","t","Remove/Cut"
"1919","1919","1919",940037,940124,87,"Backspace","Backspace","1060","207","O","Remove/Cut"
"1920","1920","1920",940205,940380,175,"W","W","1061","208","W","Input"
"1921","1921","1921",940479,940559,80,"o","o","1062","208","o","Input"
"1922","1922","1922",940605,940734,129,"r","r","1063","208","r","Input"
"1923","1923","1923",940710,940813,103,"k","k","1064","208","k","Input"
"1924","1924","1924",940888,940965,77,"i","i","1065","208","i","Input"
"1925","1925","1925",941054,941147,93,"n","n","1066","208","n","Input"
"1926","1926","1926",941126,941264,138,"g","g","1067","208","g","Input"
"1927","1927","1927",941237,941340,103,"Space","Space","1068","208"," ","Input"
"1928","1928","1928",941401,941529,128,"w","w","1069","209","w","Input"
"1929","1929","1929",941490,941600,110,"o","o","1070","209","o","Input"
"1930","1930","1930",941655,941753,98,"t","t","1071","209","t","Input"
"1931","1931","1931",941702,941829,127,"h","h","1072","209","h","Input"
"1932","1932","1932",941813,941949,136,"Space","Space","1073","209"," ","Input"
"1933","1933","1933",942130,942196,66,"Backspace","Backspace","1072","209"," ","Remove/Cut"
"1934","1934","1934",942292,942342,50,"Backspace","Backspace","1071","209","h","Remove/Cut"
"1935","1935","1935",942432,942498,66,"Backspace","Backspace","1070","209","t","Remove/Cut"
"1936","1936","1936",942571,942674,103,"Backspace","Backspace","1069","209","o","Remove/Cut"
"1937","1937","1937",942755,942874,119,"i","i","1070","209","i","Input"
"1938","1938","1938",942921,943014,93,"t","t","1071","209","t","Input"
"1939","1939","1939",942988,943138,150,"h","h","1072","209","h","Input"
"1940","1940","1940",943083,943215,132,"Space","Space","1073","209"," ","Input"
"1941","1941","1941",943275,943399,124,"o","o","1074","210","o","Input"
"1942","1942","1942",943456,943547,91,"t","t","1075","210","t","Input"
"1943","1943","1943",943519,943640,121,"h","h","1076","210","h","Input"
"1944","1944","1944",943631,943797,166,"e","e","1077","210","e","Input"
"1945","1945","1945",943731,943932,201,"r","r","1078","210","r","Input"
"1946","1946","1946",943903,944080,177,"s","s","1079","210","s","Input"
"1947","1947","1947",944063,944182,119,"Space","Space","1080","210"," ","Input"
"1948","1948","1948",944293,944448,155,"c","c","1081","211","c","Input"
"1949","1949","1949",944409,944562,153,"a","a","1082","211","a","Input"
"1950","1950","1950",944521,944703,182,"n","n","1083","211","n","Input"
"1951","1951","1951",944623,944753,130,"Space","Space","1084","211"," ","Input"
"1952","1952","1952",945138,945286,148,"h","h","1085","212","h","Input"
"1953","1953","1953",945336,945427,91,"e","e","1086","212","e","Input"
"1954","1954","1954",945472,945551,79,"l","l","1087","212","l","Input"
"1955","1955","1955",945617,945766,149,"p","p","1088","212","p","Input"
"1956","1956","1956",945734,945848,114,"Space","Space","1089","212"," ","Input"
"1957","1957","1957",945893,946032,139,"u","u","1090","213","u","Input"
"1958","1958","1958",946075,946199,124,"s","s","1091","213","s","Input"
"1959","1959","1959",946182,946303,121,"Space","Space","1092","213"," ","Input"
"1960","1960","1960",946886,947124,238,"r","r","1093","214","r","Input"
"1961","1961","1961",947002,947203,201,"e","e","1094","214","e","Input"
"1962","1962","1962",947172,947257,85,"a","a","1095","214","a","Input"
"1963","1963","1963",947418,947597,179,"c","c","1096","214","c","Input"
"1964","1964","1964",947595,947800,205,"h","h","1097","214","h","Input"
"1965","1965","1965",947709,947876,167,"Space","Space","1098","214"," ","Input"
"1966","1966","1966",952951,953082,131,"o","o","1099","215","o","Input"
"1967","1967","1967",953126,953248,122,"t","t","1100","215","t","Input"
"1968","1968","1968",953218,953350,132,"h","h","1101","215","h","Input"
"1969","1969","1969",953319,953456,137,"e","e","1102","215","e","Input"
"1970","1970","1970",953407,953536,129,"r","r","1103","215","r","Input"
"1971","1971","1971",953512,953648,136,"Space","Space","1104","215"," ","Input"
"1972","1972","1972",953745,953894,149,"p","p","1105","216","p","Input"
"1973","1973","1973",953903,954038,135,"e","e","1106","216","e","Input"
"1974","1974","1974",953992,954158,166,"o","o","1107","216","o","Input"
"1975","1975","1975",954107,954214,107,"p","p","1108","216","p","Input"
"1976","1976","1976",954301,954410,109,"l","l","1109","216","l","Input"
"1977","1977","1977",954405,954524,119,"e","e","1110","216","e","Input"
"1978","1978","1978",954578,954752,174,",",",","1111","216",",","Input"
"1979","1979","1979",954726,954857,131,"Space","Space","1112","216"," ","Input"
"1980","1980","1980",956680,956826,146,"a","a","1113","217","a","Input"
"1981","1981","1981",956933,957019,86,"c","c","1114","217","c","Input"
"1982","1982","1982",957113,957231,118,"h","h","1115","217","h","Input"
"1983","1983","1983",957286,957426,140,"i","i","1116","217","i","Input"
"1984","1984","1984",957478,957593,115,"v","v","1117","217","v","Input"
"1985","1985","1985",957682,957892,210,"e","e","1118","217","e","Input"
"1986","1986","1986",957945,958062,117,"Space","Space","1119","217"," ","Input"
"1987","1987","1987",958378,958504,126,"b","b","1120","218","b","Input"
"1988","1988","1988",958543,958612,69,"e","e","1121","218","e","Input"
"1989","1989","1989",958798,958868,70,"t","t","1122","218","t","Input"
"1990","1990","1990",958955,959073,118,"t","t","1123","218","t","Input"
"1991","1991","1991",959047,959241,194,"e","e","1124","218","e","Input"
"1992","1992","1992",959175,959303,128,"r","r","1125","218","r","Input"
"1993","1993","1993",959297,959401,104,"Space","Space","1126","218"," ","Input"
"1994","1994","1994",959758,959907,149,"g","g","1127","219","g","Input"
"1995","1995","1995",959923,960113,190,"o","o","1128","219","o","Input"
"1996","1996","1996",960047,960177,130,"a","a","1129","219","a","Input"
"1997","1997","1997",960582,960725,143,"l","l","1130","219","l","Input"
"1998","1998","1998",960801,960928,127,"s","s","1131","219","s","Input"
"1999","1999","1999",962173,962320,147,",",",","1132","219",",","Input"
"2000","2000","2000",962365,962446,81,"Space","Space","1133","219"," ","Input"
"2001","2001","2001",986008,986010,2,"c","c","1134","220","c","Input"
"2002","2002","2002",986193,986275,82,"Backspace","Backspace","1133","219","c","Remove/Cut"
"2003","2003","2003",986415,986501,86,"b","b","1134","220","b","Input"
"2004","2004","2004",986542,986649,107,"e","e","1135","220","e","Input"
"2005","2005","2005",986780,986918,138,"c","c","1136","220","c","Input"
"2006","2006","2006",986958,987031,73,"o","o","1137","220","o","Input"
"2007","2007","2007",987135,987238,103,"m","m","1138","220","m","Input"
"2008","2008","2008",987290,987401,111,"e","e","1139","220","e","Input"
"2009","2009","2009",987374,987488,114,"Space","Space","1140","220"," ","Input"
"2010","2010","2010",987544,987643,99,"a","a","1141","221","a","Input"
"2011","2011","2011",987641,987731,90,"Space","Space","1142","221"," ","Input"
"2012","2012","2012",987903,987981,78,"t","t","1143","222","t","Input"
"2013","2013","2013",988049,988247,198,"e","e","1144","222","e","Input"
"2014","2014","2014",988197,988335,138,"a","a","1145","222","a","Input"
"2015","2015","2015",988386,988498,112,"m","m","1146","222","m","Input"
"2016","2016","2016",988788,988840,52,"l","l","1147","222","l","Input"
"2017","2017","2017",989387,989497,110,"Backspace","Backspace","1146","222","l","Remove/Cut"
"2018","2018","2018",989599,989678,79,"p","p","1147","222","p","Input"
"2019","2019","2019",989789,989855,66,"k","k","1148","222","k","Input"
"2020","2020","2020",989911,990020,109,"a","a","1149","222","a","Input"
"2021","2021","2021",990105,990183,78,"y","y","1150","222","y","Input"
"2022","2022","2022",990361,990419,58,"Backspace","Backspace","1149","222","y","Remove/Cut"
"2023","2023","2023",990535,990582,47,"Backspace","Backspace","1148","222","a","Remove/Cut"
"2024","2024","2024",990674,990740,66,"Backspace","Backspace","1147","222","k","Remove/Cut"
"2025","2025","2025",990915,990956,41,"l","l","1148","222","l","Input"
"2026","2026","2026",991564,991690,126,"a","a","1149","222","a","Input"
"2027","2027","2027",991746,991820,74,"y","y","1150","222","y","Input"
"2028","2028","2028",991863,992023,160,"e","e","1151","222","e","Input"
"2029","2029","2029",991997,992127,130,"r","r","1152","222","r","Input"
"2030","2030","2030",992180,992373,193,",",",","1153","222",",","Input"
"2031","2031","2031",992338,992457,119,"Space","Space","1154","222"," ","Input"
"2032","2032","2032",1000665,1000777,112,"l","l","1155","223","l","Input"
"2033","2033","2033",1000984,1001062,78,"Backspace","Backspace","1154","222","l","Remove/Cut"
"2034","2034","2034",1001245,1001294,49,"h","h","1155","223","h","Input"
"2035","2035","2035",1001729,1001827,98,"Backspace","Backspace","1154","222","h","Remove/Cut"
"2036","2036","2036",1001978,1002079,101,"b","b","1155","223","b","Input"
"2037","2037","2037",1002142,1002204,62,"u","u","1156","223","u","Input"
"2038","2038","2038",1002290,1002353,63,"i","i","1157","223","i","Input"
"2039","2039","2039",1002464,1002546,82,"l","l","1158","223","l","Input"
"2040","2040","2040",1002601,1002684,83,"d","d","1159","223","d","Input"
"2041","2041","2041",1002735,1002797,62,"Space","Space","1160","223"," ","Input"
"2042","2042","2042",1002871,1002953,82,"l","l","1161","224","l","Input"
"2043","2043","2043",1003035,1003106,71,"o","o","1162","224","o","Input"
"2044","2044","2044",1003220,1003297,77,"n","n","1163","224","n","Input"
"2045","2045","2045",1003306,1003385,79,"g","g","1164","224","g","Input"
"2046","2046","2046",1003767,1003860,93,"Space","Space","1165","224"," ","Input"
"2047","2047","2047",1003964,1004047,83,"l","l","1166","225","l","Input"
"2048","2048","2048",1004109,1004245,136,"a","a","1167","225","a","Input"
"2049","2049","2049",1004309,1004440,131,"s","s","1168","225","s","Input"
"2050","2050","2050",1004516,1004615,99,"t","t","1169","225","t","Input"
"2051","2051","2051",1004676,1004764,88,"i","i","1170","225","i","Input"
"2052","2052","2052",1004852,1004947,95,"n","n","1171","225","n","Input"
"2053","2053","2053",1004920,1005038,118,"g","g","1172","225","g","Input"
"2054","2054","2054",1005086,1005163,77,"Space","Space","1173","225"," ","Input"
"2055","2055","2055",1005231,1005442,211,"r","r","1174","226","r","Input"
"2056","2056","2056",1005356,1005576,220,"e","e","1175","226","e","Input"
"2057","2057","2057",1005532,1005679,147,"a","a","1176","226","a","Input"
"2058","2058","2058",1005855,1005936,81,"Backspace","Backspace","1175","226","a","Remove/Cut"
"2059","2059","2059",1006047,1006157,110,"l","l","1176","226","l","Input"
"2060","2060","2060",1006155,1006301,146,"a","a","1177","226","a","Input"
"2061","2061","2061",1006354,1006460,106,"t","t","1178","226","t","Input"
"2062","2062","2062",1006503,1006658,155,"i","i","1179","226","i","Input"
"2063","2063","2063",1006630,1006706,76,"o","o","1180","226","o","Input"
"2064","2064","2064",1006782,1006931,149,"n","n","1181","226","n","Input"
"2065","2065","2065",1006902,1007015,113,"s","s","1182","226","s","Input"
"2066","2066","2066",1007101,1007219,118,"h","h","1183","226","h","Input"
"2067","2067","2067",1007285,1007382,97,"i","i","1184","226","i","Input"
"2068","2068","2068",1007481,1007579,98,"p","p","1185","226","p","Input"
"2069","2069","2069",1007626,1007770,144,"s","s","1186","226","s","Input"
"2070","2070","2070",1007774,1007935,161,",",",","1187","226",",","Input"
"2071","2071","2071",1007908,1008042,134,"Space","Space","1188","226"," ","Input"
"2072","2072","2072",1013889,1014867,978,"Leftclick","Leftclick","1187","226","NoChange","Nonproduction"
"2073","2073","2073",1015258,1015308,50,"Backspace","Backspace","1172","225"," relationships,","Remove/Cut"
"2074","2074","2074",1015359,1015419,60,"Backspace","Backspace","1171","225","g","Remove/Cut"
"2075","2075","2075",1015621,1015690,69,"Space","Space","1172","225"," ","Input"
"2076","2076","2076",1016237,1016272,35,"Backspace","Backspace","1171","225"," ","Remove/Cut"
"2077","2077","2077",1016423,1016535,112,"g","g","1172","225","g","Input"
"2078","2078","2078",1016591,1016665,74,"Space","Space","1173","225"," ","Input"
"2079","2079","2079",1017088,1017181,93,"f","f","1174","226","f","Input"
"2080","2080","2080",1017280,1017416,136,"r","r","1175","226","r","Input"
"2081","2081","2081",1017396,1017513,117,"i","i","1176","226","i","Input"
"2082","2082","2082",1017504,1017610,106,"e","e","1177","226","e","Input"
"2083","2083","2083",1017659,1017768,109,"n","n","1178","226","n","Input"
"2084","2084","2084",1017751,1017866,115,"d","d","1179","226","d","Input"
"2085","2085","2085",1017996,1018119,123,"s","s","1180","226","s","Input"
"2086","2086","2086",1018312,1018413,101,"h","h","1181","226","h","Input"
"2087","2087","2087",1018497,1018603,106,"i","i","1182","226","i","Input"
"2088","2088","2088",1018694,1018804,110,"p","p","1183","226","p","Input"
"2089","2089","2089",1018860,1019003,143,"s","s","1184","226","s","Input"
"2090","2090","2090",1019018,1019224,206,",",",","1185","226",",","Input"
"2091","2091","2091",1019201,1019335,134,"Space","Space","1186","226"," ","Input"
"2092","2092","2092",1026957,1027084,127,"a","a","1187","227","a","Input"
"2093","2093","2093",1027129,1027231,102,"n","n","1188","227","n","Input"
"2094","2094","2094",1027236,1027357,121,"d","d","1189","227","d","Input"
"2095","2095","2095",1027354,1027448,94,"Space","Space","1190","227"," ","Input"
"2096","2096","2096",1028108,1028216,108,"t","t","1191","228","t","Input"
"2097","2097","2097",1028265,1028356,91,"h","h","1192","228","h","Input"
"2098","2098","2098",1028451,1028569,118,"i","i","1193","228","i","Input"
"2099","2099","2099",1028642,1028733,91,"n","n","1194","228","n","Input"
"2100","2100","2100",1028784,1028924,140,"k","k","1195","228","k","Input"
"2101","2101","2101",1028893,1029019,126,"Space","Space","1196","228"," ","Input"
"2102","2102","2102",1029128,1029226,98,"b","b","1197","229","b","Input"
"2103","2103","2103",1029280,1029378,98,"e","e","1198","229","e","Input"
"2104","2104","2104",1029480,1029554,74,"t","t","1199","229","t","Input"
"2105","2105","2105",1029630,1029708,78,"t","t","1200","229","t","Input"
"2106","2106","2106",1029717,1029880,163,"e","e","1201","229","e","Input"
"2107","2107","2107",1029834,1029959,125,"r","r","1202","229","r","Input"
"2108","2108","2108",1029931,1030020,89,"Space","Space","1203","229"," ","Input"
"2109","2109","2109",1030100,1030190,90,"b","b","1204","230","b","Input"
"2110","2110","2110",1030172,1030274,102,"e","e","1205","230","e","Input"
"2111","2111","2111",1030377,1030495,118,"c","c","1206","230","c","Input"
"2112","2112","2112",1030547,1030661,114,"u","u","1207","230","u","Input"
"2113","2113","2113",1030726,1031017,291,"s","s","1208","230","s","Input"
"2114","2114","2114",1030730,1030757,27,"a","a","1209","230","a","Input"
"2115","2115","2115",1030944,1031134,190,"e","e","1210","230","e","Input"
"2116","2116","2116",1031079,1031234,155,"Space","Space","1211","230"," ","Input"
"2117","2117","2117",1031719,1031786,67,"Backspace","Backspace","1210","230"," ","Remove/Cut"
"2118","2118","2118",1031897,1031930,33,"Backspace","Backspace","1209","230","e","Remove/Cut"
"2119","2119","2119",1032030,1032092,62,"Backspace","Backspace","1208","230","a","Remove/Cut"
"2120","2120","2120",1032202,1032240,38,"s","s","1209","230","s","Input"
"2121","2121","2121",1032332,1032414,82,"Backspace","Backspace","1208","230","s","Remove/Cut"
"2122","2122","2122",1032544,1032631,87,"Backspace","Backspace","1207","230","s","Remove/Cut"
"2123","2123","2123",1033379,1033513,134,"a","a","1208","230","a","Input"
"2124","2124","2124",1034003,1034166,163,"u","u","1209","230","u","Input"
"2125","2125","2125",1034164,1034345,181,"s","s","1210","230","s","Input"
"2126","2126","2126",1034291,1034444,153,"e","e","1211","230","e","Input"
"2127","2127","2127",1034427,1034554,127,"Space","Space","1212","230"," ","Input"
"2128","2128","2128",1035261,1035343,82,"Backspace","Backspace","1211","230"," ","Remove/Cut"
"2129","2129","2129",1035433,1035504,71,"Backspace","Backspace","1210","230","e","Remove/Cut"
"2130","2130","2130",1035597,1035671,74,"Backspace","Backspace","1209","230","s","Remove/Cut"
"2131","2131","2131",1035758,1035836,78,"Backspace","Backspace","1208","230","u","Remove/Cut"
"2132","2132","2132",1035916,1035995,79,"Backspace","Backspace","1207","230","a","Remove/Cut"
"2133","2133","2133",1036078,1036149,71,"Backspace","Backspace","1206","230","u","Remove/Cut"
"2134","2134","2134",1036238,1036300,62,"Backspace","Backspace","1205","230","c","Remove/Cut"
"2135","2135","2135",1036823,1037012,189,"c","c","1206","230","c","Input"
"2136","2136","2136",1036979,1037101,122,"a","a","1207","230","a","Input"
"2137","2137","2137",1037148,1037261,113,"u","u","1208","230","u","Input"
"2138","2138","2138",1037243,1037387,144,"s","s","1209","230","s","Input"
"2139","2139","2139",1037351,1037513,162,"e","e","1210","230","e","Input"
"2140","2140","2140",1037454,1037581,127,"Space","Space","1211","230"," ","Input"
"2141","2141","2141",1037770,1037893,123,"t","t","1212","231","t","Input"
"2142","2142","2142",1037973,1038091,118,"h","h","1213","231","h","Input"
"2143","2143","2143",1038266,1038348,82,"Backspace","Backspace","1212","231","h","Remove/Cut"
"2144","2144","2144",1038401,1038528,127,"w","w","1213","231","w","Input"
"2145","2145","2145",1038489,1038612,123,"o","o","1214","231","o","Input"
"2146","2146","2146",1038650,1038745,95,"Space","Space","1215","231"," ","Input"
"2147","2147","2147",1038856,1038950,94,"h","h","1216","232","h","Input"
"2148","2148","2148",1039044,1039202,158,"e","e","1217","232","e","Input"
"2149","2149","2149",1039256,1039402,146,"a","a","1218","232","a","Input"
"2150","2150","2150",1039812,1039955,143,"d","d","1219","232","d","Input"
"2151","2151","2151",1040003,1040127,124,"s","s","1220","232","s","Input"
"2152","2152","2152",1040167,1040264,97,"Space","Space","1221","232"," ","Input"
"2153","2153","2153",1040678,1040815,137,"t","t","1222","233","t","Input"
"2154","2154","2154",1040794,1040912,118,"h","h","1223","233","h","Input"
"2155","2155","2155",1040951,1041029,78,"i","i","1224","233","i","Input"
"2156","2156","2156",1041116,1041201,85,"n","n","1225","233","n","Input"
"2157","2157","2157",1041253,1041349,96,"k","k","1226","233","k","Input"
"2158","2158","2158",1041718,1041836,118,"Space","Space","1227","233"," ","Input"
"2159","2159","2159",1041937,1042036,99,"b","b","1228","234","b","Input"
"2160","2160","2160",1042086,1042174,88,"e","e","1229","234","e","Input"
"2161","2161","2161",1042243,1042309,66,"t","t","1230","234","t","Input"
"2162","2162","2162",1042385,1042491,106,"t","t","1231","234","t","Input"
"2163","2163","2163",1042536,1042668,132,"e","e","1232","234","e","Input"
"2164","2164","2164",1042609,1042735,126,"r","r","1233","234","r","Input"
"2165","2165","2165",1042681,1042795,114,"Space","Space","1234","234"," ","Input"
"2166","2166","2166",1042842,1042932,90,"t","t","1235","235","t","Input"
"2167","2167","2167",1042902,1042994,92,"h","h","1236","235","h","Input"
"2168","2168","2168",1042992,1043132,140,"a","a","1237","235","a","Input"
"2169","2169","2169",1043106,1043249,143,"n","n","1238","235","n","Input"
"2170","2170","2170",1043225,1043356,131,"Space","Space","1239","235"," ","Input"
"2171","2171","2171",1043404,1043488,84,"o","o","1240","236","o","Input"
"2172","2172","2172",1043569,1043664,95,"n","n","1241","236","n","Input"
"2173","2173","2173",1043645,1043780,135,"e","e","1242","236","e","Input"
"2174","2174","2174",1043862,1043916,54,".",".","1243","236",".","Input"
"2175","2175","2175",1044241,1044375,134,"Space","Space","1244","236"," ","Input"
"2176","2176","2176",1048011,1048110,99,"Leftclick","Leftclick","1245","236","NoChange","Nonproduction"
"2177","2177","2177",1049899,1049979,80,"Leftclick","Leftclick","1245","236","NoChange","Nonproduction"
"2178","2178","2178",1051247,1051362,115,"Leftclick","Leftclick","1245","236","NoChange","Nonproduction"
"2179","2179","2179",1056093,1056194,101,"Leftclick","Leftclick","1245","236","NoChange","Nonproduction"
"2180","2180","2180",1057092,1057210,118,"Backspace","Backspace","1244","236"," ","Remove/Cut"
"2181","2181","2181",1057311,1057385,74,"Backspace","Backspace","1243","236"," ","Remove/Cut"
"2182","2182","2182",1078213,1078362,149,"Leftclick","Leftclick","302","236","NoChange","Nonproduction"
"2183","2183","2183",1095349,1095349,0,"Shift","Shift","302","236","NoChange","Nonproduction"
"2184","2184","2184",1095526,1095670,144,"T","t","303","236","T","Input"
"2185","2185","2185",1095617,1095716,99,"h","h","304","236","h","Input"
"2186","2186","2186",1095773,1095860,87,"i","i","305","236","i","Input"
"2187","2187","2187",1095858,1095971,113,"s","s","306","236","s","Input"
"2188","2188","2188",1095953,1096087,134,"Space","Space","307","237"," ","Input"
"2189","2189","2189",1096129,1096197,68,"i","i","308","237","i","Input"
"2190","2190","2190",1096206,1096321,115,"s","s","309","237","s","Input"
"2191","2191","2191",1096311,1096430,119,"Space","Space","310","238"," ","Input"
"2192","2192","2192",1096702,1096808,106,"s","s","311","238","s","Input"
"2193","2193","2193",1096799,1096909,110,"o","o","312","238","o","Input"
"2194","2194","2194",1096993,1097091,98,"m","m","313","238","m","Input"
"2195","2195","2195",1097065,1097176,111,"e","e","314","238","e","Input"
"2196","2196","2196",1097236,1097336,100,"t","t","315","238","t","Input"
"2197","2197","2197",1097296,1097414,118,"h","h","316","238","h","Input"
"2198","2198","2198",1097426,1097533,107,"i","i","317","238","i","Input"
"2199","2199","2199",1097595,1097700,105,"n","n","318","238","n","Input"
"2200","2200","2200",1097667,1097765,98,"g","g","319","238","g","Input"
"2201","2201","2201",1097815,1097883,68,"Space","Space","320","239"," ","Input"
"2202","2202","2202",1097931,1098008,77,"t","t","321","239","t","Input"
"2203","2203","2203",1097982,1098079,97,"h","h","322","239","h","Input"
"2204","2204","2204",1098054,1098206,152,"a","a","323","239","a","Input"
"2205","2205","2205",1098156,1098258,102,"t","t","324","239","t","Input"
"2206","2206","2206",1098198,1098299,101,"Space","Space","325","240"," ","Input"
"2207","2207","2207",1098384,1098482,98,"n","n","326","240","n","Input"
"2208","2208","2208",1098532,1098622,90,"e","e","327","240","e","Input"
"2209","2209","2209",1098681,1098773,92,"e","e","328","240","e","Input"
"2210","2210","2210",1098854,1099015,161,"d","d","329","240","d","Input"
"2211","2211","2211",1098986,1099148,162,"s","s","330","240","s","Input"
"2212","2212","2212",1099152,1099279,127,"Space","Space","331","241"," ","Input"
"2213","2213","2213",1099332,1099396,64,"t","t","332","241","t","Input"
"2214","2214","2214",1099401,1099557,156,"o","o","333","241","o","Input"
"2215","2215","2215",1099507,1099625,118,"Space","Space","334","242"," ","Input"
"2216","2216","2216",1099690,1099772,82,"b","b","335","242","b","Input"
"2217","2217","2217",1099777,1099888,111,"e","e","336","242","e","Input"
"2218","2218","2218",1100046,1100107,61,"Backspace","Backspace","335","242","e","Remove/Cut"
"2219","2219","2219",1100454,1100576,122,"e","e","336","242","e","Input"
"2220","2220","2220",1100615,1100759,144,"Space","Space","337","243"," ","Input"
"2221","2221","2221",1100798,1100916,118,"a","a","338","243","a","Input"
"2222","2222","2222",1101072,1101185,113,"d","d","339","243","d","Input"
"2223","2223","2223",1101279,1101393,114,"d","d","340","243","d","Input"
"2224","2224","2224",1101461,1101652,191,"t","t","341","243","t","Input"
"2225","2225","2225",1101606,1101791,185,"e","e","342","243","e","Input"
"2226","2226","2226",1102084,1102166,82,"Backspace","Backspace","341","243","e","Remove/Cut"
"2227","2227","2227",1102242,1102344,102,"Backspace","Backspace","340","243","t","Remove/Cut"
"2228","2228","2228",1102398,1102656,258,"r","r","341","243","r","Input"
"2229","2229","2229",1102551,1102753,202,"e","e","342","243","e","Input"
"2230","2230","2230",1102802,1102867,65,"s","s","343","243","s","Input"
"2231","2231","2231",1102955,1103093,138,"s","s","344","243","s","Input"
"2232","2232","2232",1103043,1103177,134,"e","e","345","243","e","Input"
"2233","2233","2233",1103228,1103363,135,"d","d","346","243","d","Input"
"2234","2234","2234",1103332,1103441,109,"Space","Space","347","244"," ","Input"
"2235","2235","2235",1103433,1103546,113,"i","i","348","244","i","Input"
"2236","2236","2236",1103600,1103752,152,"n","n","349","244","n","Input"
"2237","2237","2237",1103689,1103803,114,"Space","Space","350","245"," ","Input"
"2238","2238","2238",1103962,1104059,97,"t","t","351","245","t","Input"
"2239","2239","2239",1104100,1104215,115,"o","o","352","245","o","Input"
"2240","2240","2240",1104230,1104315,85,"w","w","353","245","w","Input"
"2241","2241","2241",1104508,1104601,93,"Backspace","Backspace","352","245","w","Remove/Cut"
"2242","2242","2242",1104572,1104797,225,"d","d","353","245","d","Input"
"2243","2243","2243",1104717,1104860,143,"a","a","354","245","a","Input"
"2244","2244","2244",1104904,1105073,169,"y","y","355","245","y","Input"
"2245","2245","2245",1105075,1105151,76,"s","s","356","245","s","Input"
"2246","2246","2246",1105215,1105306,91,"Space","Space","357","246"," ","Input"
"2247","2247","2247",1106019,1106090,71,"Backspace","Backspace","356","245"," ","Remove/Cut"
"2248","2248","2248",1106172,1106239,67,"Backspace","Backspace","355","245","s","Remove/Cut"
"2249","2249","2249",1106364,1106438,74,";",";","356","245",";","Input"
"2250","2250","2250",1106841,1106905,64,"Backspace","Backspace","355","245",";","Remove/Cut"
"2251","2251","2251",1107101,1107187,86,"'","'","356","245","'","Input"
"2252","2252","2252",1107272,1107389,117,"s","s","357","245","s","Input"
"2253","2253","2253",1107398,1107485,87,"Space","Space","358","246"," ","Input"
"2254","2254","2254",1107573,1107680,107,"w","w","359","246","w","Input"
"2255","2255","2255",1107677,1107754,77,"o","o","360","246","o","Input"
"2256","2256","2256",1107820,1107959,139,"r","r","361","246","r","Input"
"2257","2257","2257",1108004,1108032,28,"k","k","362","246","k","Input"
"2258","2258","2258",1108093,1108160,67,"k","k","363","246","k","Input"
"2259","2259","2259",1108533,1108607,74,"Backspace","Backspace","362","246","k","Remove/Cut"
"2260","2260","2260",1108691,1108777,86,"Backspace","Backspace","361","246","k","Remove/Cut"
"2261","2261","2261",1108906,1109003,97,"l","l","362","246","l","Input"
"2262","2262","2262",1109213,1109343,130,"d","d","363","246","d","Input"
"2263","2263","2263",1109432,1109505,73,".",".","364","246",".","Input"
"2264","2264","2264",1109563,1109678,115,"Space","Space","365","247"," ","Input"
"2265","2265","2265",1110759,1110759,0,"Shift","Shift","365","247","NoChange","Nonproduction"
"2266","2266","2266",1111162,1111345,183,"W","w","366","247","W","Input"
"2267","2267","2267",1111339,1111472,133,"e","e","367","247","e","Input"
"2268","2268","2268",1111520,1111603,83,"Space","Space","368","248"," ","Input"
"2269","2269","2269",1111845,1112019,174,"o","o","369","248","o","Input"
"2270","2270","2270",1112072,1112229,157,"f","f","370","248","f","Input"
"2271","2271","2271",1112356,1112449,93,"t","t","371","248","t","Input"
"2272","2272","2272",1112492,1112644,152,"e","e","372","248","e","Input"
"2273","2273","2273",1112690,1112851,161,"n","n","373","248","n","Input"
"2274","2274","2274",1112793,1112947,154,"Space","Space","374","249"," ","Input"
"2275","2275","2275",1113063,1113184,121,"c","c","375","249","c","Input"
"2276","2276","2276",1113153,1113241,88,"o","o","376","249","o","Input"
"2277","2277","2277",1113380,1113463,83,"m","m","377","249","m","Input"
"2278","2278","2278",1113579,1113692,113,"p","p","378","249","p","Input"
"2279","2279","2279",1113742,1113835,93,"e","e","379","249","e","Input"
"2280","2280","2280",1113908,1113998,90,"t","t","380","249","t","Input"
"2281","2281","2281",1114047,1114177,130,"e","e","381","249","e","Input"
"2282","2282","2282",1114148,1114283,135,"Space","Space","382","250"," ","Input"
"2283","2283","2283",1114325,1114434,109,"w","w","383","250","w","Input"
"2284","2284","2284",1114417,1114530,113,"i","i","384","250","i","Input"
"2285","2285","2285",1114575,1114671,96,"t","t","385","250","t","Input"
"2286","2286","2286",1114626,1114805,179,"h","h","386","250","h","Input"
"2287","2287","2287",1114730,1114859,129,"Space","Space","387","251"," ","Input"
"2288","2288","2288",1114949,1115007,58,"o","o","388","251","o","Input"
"2289","2289","2289",1115099,1115143,44,"e","e","389","251","e","Input"
"2290","2290","2290",1115221,1115323,102,"Backspace","Backspace","388","251","e","Remove/Cut"
"2291","2291","2291",1115404,1115494,90,"Backspace","Backspace","387","251","o","Remove/Cut"
"2292","2292","2292",1115540,1115742,202,"e","e","388","251","e","Input"
"2293","2293","2293",1115661,1115826,165,"a","a","389","251","a","Input"
"2294","2294","2294",1115927,1116034,107,"c","c","390","251","c","Input"
"2295","2295","2295",1116083,1116137,54,"h","h","391","251","h","Input"
"2296","2296","2296",1116239,1116329,90,"o","o","392","251","o","Input"
"2297","2297","2297",1116376,1116473,97,"t","t","393","251","t","Input"
"2298","2298","2298",1116525,1116613,88,"h","h","394","251","h","Input"
"2299","2299","2299",1116579,1116713,134,"e","e","395","251","e","Input"
"2300","2300","2300",1116666,1116803,137,"r","r","396","251","r","Input"
"2301","2301","2301",1116779,1116881,102,"Space","Space","397","252"," ","Input"
"2302","2302","2302",1116935,1117066,131,"w","w","398","252","w","Input"
"2303","2303","2303",1117062,1117155,93,"h","h","399","252","h","Input"
"2304","2304","2304",1117211,1117313,102,"e","e","400","252","e","Input"
"2305","2305","2305",1117264,1117421,157,"n","n","401","252","n","Input"
"2306","2306","2306",1117393,1117520,127,"Space","Space","402","253"," ","Input"
"2307","2307","2307",1117753,1117923,170,"w","w","403","253","w","Input"
"2308","2308","2308",1117877,1117998,121,"e","e","404","253","e","Input"
"2309","2309","2309",1117994,1118087,93,"Space","Space","405","254"," ","Input"
"2310","2310","2310",1118144,1118274,130,"c","c","406","254","c","Input"
"2311","2311","2311",1118241,1118393,152,"a","a","407","254","a","Input"
"2312","2312","2312",1118365,1118500,135,"n","n","408","254","n","Input"
"2313","2313","2313",1118498,1118619,121,"Space","Space","409","255"," ","Input"
"2314","2314","2314",1118674,1118777,103,"a","a","410","255","a","Input"
"2315","2315","2315",1118910,1119004,94,"Backspace","Backspace","409","255","a","Remove/Cut"
"2316","2316","2316",1119056,1119135,79,"d","d","410","255","d","Input"
"2317","2317","2317",1119177,1119321,144,"o","o","411","255","o","Input"
"2318","2318","2318",1119288,1119381,93,"Space","Space","412","256"," ","Input"
"2319","2319","2319",1119378,1119489,111,"a","a","413","256","a","Input"
"2320","2320","2320",1119543,1119618,75,"Space","Space","414","257"," ","Input"
"2321","2321","2321",1120164,1120263,99,"m","m","415","257","m","Input"
"2322","2322","2322",1120373,1120443,70,"u","u","416","257","u","Input"
"2323","2323","2323",1120490,1120583,93,"c","c","417","257","c","Input"
"2324","2324","2324",1120631,1120722,91,"h","h","418","257","h","Input"
"2325","2325","2325",1120727,1120842,115,"Space","Space","419","258"," ","Input"
"2326","2326","2326",1121668,1121759,91,"g","g","420","258","g","Input"
"2327","2327","2327",1121763,1121937,174,"r","r","421","258","r","Input"
"2328","2328","2328",1121896,1122109,213,"e","e","422","258","e","Input"
"2329","2329","2329",1122044,1122196,152,"a","a","423","258","a","Input"
"2330","2330","2330",1122199,1122298,99,"t","t","424","258","t","Input"
"2331","2331","2331",1122345,1122458,113,"e","e","425","258","e","Input"
"2332","2332","2332",1122571,1122737,166,"r","r","426","258","r","Input"
"2333","2333","2333",1122777,1122940,163,"Space","Space","427","259"," ","Input"
"2334","2334","2334",1123095,1123193,98,"j","j","428","259","j","Input"
"2335","2335","2335",1123289,1123403,114,"o","o","429","259","o","Input"
"2336","2336","2336",1123505,1123599,94,"b","b","430","259","b","Input"
"2337","2337","2337",1123646,1123747,101,"Space","Space","431","260"," ","Input"
"2338","2338","2338",1123743,1123880,137,"a","a","432","260","a","Input"
"2339","2339","2339",1123961,1124086,125,"s","s","433","260","s","Input"
"2340","2340","2340",1124127,1124231,104,"Space","Space","434","261"," ","Input"
"2341","2341","2341",1124335,1124409,74,"Space","Space","435","261"," ","Input"
"2342","2342","2342",1124465,1124525,60,"a","a","436","261","a","Input"
"2343","2343","2343",1124686,1124760,74,"Backspace","Backspace","435","261","a","Remove/Cut"
"2344","2344","2344",1124840,1124926,86,"Backspace","Backspace","434","261"," ","Remove/Cut"
"2345","2345","2345",1124988,1125113,125,"a","a","435","261","a","Input"
"2346","2346","2346",1125219,1125314,95,"Space","Space","436","262"," ","Input"
"2347","2347","2347",1125632,1125746,114,"t","t","437","262","t","Input"
"2348","2348","2348",1125797,1125945,148,"e","e","438","262","e","Input"
"2349","2349","2349",1126035,1126172,137,"a","a","439","262","a","Input"
"2350","2350","2350",1126163,1126289,126,"m","m","440","262","m","Input"
"2351","2351","2351",1126402,1126532,130,".",".","441","262",".","Input"
"2352","2352","2352",1126578,1126676,98,"Space","Space","442","263"," ","Input"
"2353","2353","2353",1126823,1126823,0,"Shift","Shift","442","263","NoChange","Nonproduction"
"2354","2354","2354",1127104,1127284,180,"W","w","443","263","W","Input"
"2355","2355","2355",1127282,1127438,156,"e","e","444","263","e","Input"
"2356","2356","2356",1127422,1127559,137,"Space","Space","445","264"," ","Input"
"2357","2357","2357",1127614,1127773,159,"a","a","446","264","a","Input"
"2358","2358","2358",1127756,1127973,217,"r","r","447","264","r","Input"
"2359","2359","2359",1127864,1128010,146,"e","e","448","264","e","Input"
"2360","2360","2360",1127968,1128114,146,"Space","Space","449","265"," ","Input"
"2361","2361","2361",1128165,1128257,92,"a","a","450","265","a","Input"
"2362","2362","2362",1128296,1128345,49,"l","l","451","265","l","Input"
"2363","2363","2363",1128443,1128584,141,"l","l","452","265","l","Input"
"2364","2364","2364",1128539,1128681,142,"Space","Space","453","266"," ","Input"
"2365","2365","2365",1130164,1130254,90,"g","g","454","266","g","Input"
"2366","2366","2366",1130316,1130560,244,"r","r","455","266","r","Input"
"2367","2367","2367",1130420,1130669,249,"e","e","456","266","e","Input"
"2368","2368","2368",1130616,1130778,162,"a","a","457","266","a","Input"
"2369","2369","2369",1130755,1130894,139,"t","t","458","266","t","Input"
"2370","2370","2370",1131092,1131258,166,",",",","459","266",",","Input"
"2371","2371","2371",1131298,1131399,101,"Space","Space","460","267"," ","Input"
"2372","2372","2372",1131470,1131598,128,"u","u","461","267","u","Input"
"2373","2373","2373",1131774,1131864,90,"n","n","462","267","n","Input"
"2374","2374","2374",1131943,1132077,134,"i","i","463","267","i","Input"
"2375","2375","2375",1132213,1132344,131,"q","q","464","267","q","Input"
"2376","2376","2376",1132408,1132468,60,"y","y","465","267","y","Input"
"2377","2377","2377",1132517,1132687,170,"e","e","466","267","e","Input"
"2378","2378","2378",1132871,1132921,50,"Backspace","Backspace","465","267","e","Remove/Cut"
"2379","2379","2379",1133011,1133081,70,"Backspace","Backspace","464","267","y","Remove/Cut"
"2380","2380","2380",1133198,1133308,110,"u","u","465","267","u","Input"
"2381","2381","2381",1133350,1133480,130,"e","e","466","267","e","Input"
"2382","2382","2382",1133455,1133551,96,"Space","Space","467","268"," ","Input"
"2383","2383","2383",1133601,1133709,108,"a","a","468","268","a","Input"
"2384","2384","2384",1133749,1133803,54,"n","n","469","268","n","Input"
"2385","2385","2385",1133853,1133933,80,"d","d","470","268","d","Input"
"2386","2386","2386",1133931,1134017,86,"Space","Space","471","269"," ","Input"
"2387","2387","2387",1134095,1134184,89,"n","n","472","269","n","Input"
"2388","2388","2388",1134290,1134376,86,"o","o","473","269","o","Input"
"2389","2389","2389",1134443,1134558,115,"Space","Space","474","270"," ","Input"
"2390","2390","2390",1134603,1134693,90,"o","o","475","270","o","Input"
"2391","2391","2391",1134774,1134900,126,"n","n","476","270","n","Input"
"2392","2392","2392",1134898,1135030,132,"e","e","477","270","e","Input"
"2393","2393","2393",1134998,1135104,106,"Space","Space","478","271"," ","Input"
"2394","2394","2394",1135155,1135264,109,"i","i","479","271","i","Input"
"2395","2395","2395",1135317,1135408,91,"s","s","480","271","s","Input"
"2396","2396","2396",1135406,1135499,93,"Space","Space","481","272"," ","Input"
"2397","2397","2397",1135564,1135649,85,"b","b","482","272","b","Input"
"2398","2398","2398",1135653,1135768,115,"e","e","483","272","e","Input"
"2399","2399","2399",1135834,1135922,88,"t","t","484","272","t","Input"
"2400","2400","2400",1136022,1136203,181,"e","e","485","272","e","Input"
"2401","2401","2401",1136407,1136518,111,"Backspace","Backspace","484","272","e","Remove/Cut"
"2402","2402","2402",1136516,1136645,129,"t","t","485","272","t","Input"
"2403","2403","2403",1136703,1136884,181,"e","e","486","272","e","Input"
"2404","2404","2404",1136819,1136949,130,"r","r","487","272","r","Input"
"2405","2405","2405",1137008,1137120,112,"Space","Space","488","273"," ","Input"
"2406","2406","2406",1137407,1137525,118,"t","t","489","273","t","Input"
"2407","2407","2407",1137495,1137618,123,"h","h","490","273","h","Input"
"2408","2408","2408",1137612,1137751,139,"a","a","491","273","a","Input"
"2409","2409","2409",1137726,1137880,154,"n","n","492","273","n","Input"
"2410","2410","2410",1137851,1137965,114,"Space","Space","493","274"," ","Input"
"2411","2411","2411",1138130,1138261,131,"t","t","494","274","t","Input"
"2412","2412","2412",1138374,1138460,86,"o","o","495","274","o","Input"
"2413","2413","2413",1138682,1138780,98,"Backspace","Backspace","494","274","o","Remove/Cut"
"2414","2414","2414",1138900,1138986,86,"h","h","495","274","h","Input"
"2415","2415","2415",1139035,1139144,109,"e","e","496","274","e","Input"
"2416","2416","2416",1139139,1139221,82,"Space","Space","497","275"," ","Input"
"2417","2417","2417",1139271,1139359,88,"o","o","498","275","o","Input"
"2418","2418","2418",1139434,1139578,144,"t","t","499","275","t","Input"
"2419","2419","2419",1139559,1139682,123,"h","h","500","275","h","Input"
"2420","2420","2420",1139659,1139803,144,"e","e","501","275","e","Input"
"2421","2421","2421",1139753,1139892,139,"r","r","502","275","r","Input"
"2422","2422","2422",1139858,1139973,115,"Space","Space","503","276"," ","Input"
"2423","2423","2423",1143117,1143241,124,"Backspace","Backspace","502","275"," ","Remove/Cut"
"2424","2424","2424",1143578,1143648,70,".",".","503","275",".","Input"
"2425","2425","2425",1143762,1143891,129,"Space","Space","504","276"," ","Input"
"2426","2426","2426",1161344,1161479,135,"Leftclick","Leftclick","636","276","NoChange","Nonproduction"
"2427","2427","2427",1163229,1163322,93,"Leftclick","Leftclick","635","276","NoChange","Nonproduction"
"2428","2428","2428",1163587,1163587,0,"Shift","Shift","635","276","NoChange","Nonproduction"
"2429","2429","2429",1163925,1164067,142,"T","t","636","276","T","Input"
"2430","2430","2430",1164072,1164191,119,"o","o","637","276","o","Input"
"2431","2431","2431",1164302,1164421,119,"g","g","638","276","g","Input"
"2432","2432","2432",1164522,1164672,150,"e","e","639","276","e","Input"
"2433","2433","2433",1164918,1164989,71,"Backspace","Backspace","638","276","e","Remove/Cut"
"2434","2434","2434",1165093,1165155,62,"Backspace","Backspace","637","276","g","Remove/Cut"
"2435","2435","2435",1165247,1165301,54,"Backspace","Backspace","636","276","o","Remove/Cut"
"2436","2436","2436",1165382,1165481,99,"Backspace","Backspace","635","276","T","Remove/Cut"
"2437","2437","2437",1165532,1165669,137,"a","a","636","276","a","Input"
"2438","2438","2438",1165908,1165978,70,"Backspace","Backspace","635","276","a","Remove/Cut"
"2439","2439","2439",1166035,1166035,0,"Shift","Shift","635","276","NoChange","Nonproduction"
"2440","2440","2440",1166183,1166344,161,"A","a","636","276","A","Input"
"2441","2441","2441",1166358,1166465,107,"Space","Space","637","277"," ","Input"
"2442","2442","2442",1166738,1166816,78,"c","c","638","277","c","Input"
"2443","2443","2443",1166979,1167078,99,"Backspace","Backspace","637","277","c","Remove/Cut"
"2444","2444","2444",1167152,1167290,138,"t","t","638","277","t","Input"
"2445","2445","2445",1167332,1167551,219,"e","e","639","277","e","Input"
"2446","2446","2446",1167457,1167606,149,"a","a","640","277","a","Input"
"2447","2447","2447",1167651,1167780,129,"m","m","641","277","m","Input"
"2448","2448","2448",1167757,1167864,107,"Space","Space","642","278"," ","Input"
"2449","2449","2449",1167927,1168059,132,"c","c","643","278","c","Input"
"2450","2450","2450",1168112,1168265,153,"a","a","644","278","a","Input"
"2451","2451","2451",1168263,1168419,156,"n","n","645","278","n","Input"
"2452","2452","2452",1168370,1168512,142,"Space","Space","646","279"," ","Input"
"2453","2453","2453",1168889,1169067,178,"c","c","647","279","c","Input"
"2454","2454","2454",1169038,1169148,110,"o","o","648","279","o","Input"
"2455","2455","2455",1169235,1169346,111,"m","m","649","279","m","Input"
"2456","2456","2456",1169327,1169455,128,"e","e","650","279","e","Input"
"2457","2457","2457",1169450,1169541,91,"Space","Space","651","280"," ","Input"
"2458","2458","2458",1169588,1169677,89,"u","u","652","280","u","Input"
"2459","2459","2459",1169769,1169945,176,"p","p","653","280","p","Input"
"2460","2460","2460",1169917,1170055,138,"Space","Space","654","281"," ","Input"
"2461","2461","2461",1170104,1170185,81,"s","s","655","281","s","Input"
"2462","2462","2462",1170357,1170442,85,"Backspace","Backspace","654","281","s","Remove/Cut"
"2463","2463","2463",1170485,1170559,74,"w","w","655","281","w","Input"
"2464","2464","2464",1170602,1170652,50,"i","i","656","281","i","Input"
"2465","2465","2465",1170756,1170865,109,"t","t","657","281","t","Input"
"2466","2466","2466",1170812,1170952,140,"h","h","658","281","h","Input"
"2467","2467","2467",1170919,1171030,111,"Space","Space","659","282"," ","Input"
"2468","2468","2468",1171034,1171170,136,"a","a","660","282","a","Input"
"2469","2469","2469",1171222,1171247,25,"l","l","661","282","l","Input"
"2470","2470","2470",1171347,1171457,110,"l","l","662","282","l","Input"
"2471","2471","2471",1171509,1171640,131,"Space","Space","663","283"," ","Input"
"2472","2472","2472",1171686,1171803,117,"s","s","664","283","s","Input"
"2473","2473","2473",1171774,1171904,130,"o","o","665","283","o","Input"
"2474","2474","2474",1172045,1172182,137,"r","r","666","283","r","Input"
"2475","2475","2475",1172264,1172382,118,"t","t","667","283","t","Input"
"2476","2476","2476",1172436,1172550,114,"s","s","668","283","s","Input"
"2477","2477","2477",1172600,1172683,83,"Space","Space","669","284"," ","Input"
"2478","2478","2478",1172698,1172831,133,"o","o","670","284","o","Input"
"2479","2479","2479",1172762,1172932,170,"f","f","671","284","f","Input"
"2480","2480","2480",1172900,1173035,135,"Space","Space","672","285"," ","Input"
"2481","2481","2481",1173116,1173218,102,"b","b","673","285","b","Input"
"2482","2482","2482",1173355,1173468,113,"r","r","674","285","r","Input"
"2483","2483","2483",1173517,1173624,107,"i","i","675","285","i","Input"
"2484","2484","2484",1174139,1174197,58,"l","l","676","285","l","Input"
"2485","2485","2485",1174287,1174352,65,"l","l","677","285","l","Input"
"2486","2486","2486",1174435,1174553,118,"i","i","678","285","i","Input"
"2487","2487","2487",1174605,1174693,88,"a","a","679","285","a","Input"
"2488","2488","2488",1174697,1174804,107,"n","n","680","285","n","Input"
"2489","2489","2489",1174855,1174971,116,"t","t","681","285","t","Input"
"2490","2490","2490",1174966,1175068,102,"Space","Space","682","286"," ","Input"
"2491","2491","2491",1175223,1175353,130,"i","i","683","286","i","Input"
"2492","2492","2492",1175424,1175512,88,"d","d","684","286","d","Input"
"2493","2493","2493",1175584,1175751,167,"e","e","685","286","e","Input"
"2494","2494","2494",1175689,1175822,133,"a","a","686","286","a","Input"
"2495","2495","2495",1175909,1176052,143,"s","s","687","286","s","Input"
"2496","2496","2496",1176437,1176561,124,".",".","688","286",".","Input"
"2497","2497","2497",1176604,1176709,105,"Space","Space","689","287"," ","Input"
"2498","2498","2498",1181376,1181434,58,"ArrowRight","ArrowRight","690","287","NoChange","Nonproduction"
"2499","2499","2499",1181537,1181600,63,"ArrowRight","ArrowRight","691","287","NoChange","Nonproduction"
"2500","2500","2500",1181699,1181753,54,"ArrowRight","ArrowRight","692","287","NoChange","Nonproduction"
"2501","2501","2501",1181856,1181927,71,"ArrowRight","ArrowRight","693","287","NoChange","Nonproduction"
"2502","2502","2502",1182640,1182727,87,",",",","694","287",",","Input"
"2503","2503","2503",1199136,1199216,80,"Leftclick","Leftclick","851","287","NoChange","Nonproduction"
"2504","2504","2504",1199861,1199975,114,"ArrowLeft","ArrowLeft","850","287","NoChange","Nonproduction"
"2505","2505","2505",1200351,1200425,74,"-","-","851","287","-","Input"
"2506","2506","2506",1203520,1203623,103,"Leftclick","Leftclick","1501","287","NoChange","Nonproduction"
"2507","2507","2507",1212988,1214201,1213,"Leftclick","Leftclick","938","287","NoChange","Nonproduction"
"2508","2508","2508",1215158,1215286,128,"Leftclick","Leftclick","960","287","NoChange","Nonproduction"
"2509","2509","2509",1279189,1279312,123,"Leftclick","Leftclick","1317","287","NoChange","Nonproduction"
"2510","2510","2510",1280130,1280206,76,"Space","Space","1318","287"," ","Input"
"2511","2511","2511",1280631,1280631,0,"Shift","Shift","1318","287","NoChange","Nonproduction"
"2512","2512","2512",1280929,1281024,95,"I","i","1319","288","I","Input"
"2513","2513","2513",1281103,1281193,90,"t","t","1320","288","t","Input"
"2514","2514","2514",1281238,1281325,87,"Space","Space","1321","288"," ","Input"
"2515","2515","2515",1281561,1281685,124,"a","a","1322","289","a","Input"
"2516","2516","2516",1281642,1281804,162,"n","n","1323","289","n","Input"
"2517","2517","2517",1281765,1281858,93,"Space","Space","1324","289"," ","Input"
"2518","2518","2518",1282213,1282296,83,"Backspace","Backspace","1323","289"," ","Remove/Cut"
"2519","2519","2519",1282386,1282465,79,"Backspace","Backspace","1322","289","n","Remove/Cut"
"2520","2520","2520",1282544,1282651,107,"Backspace","Backspace","1321","288","a","Remove/Cut"
"2521","2521","2521",1282613,1282807,194,"c","c","1322","289","c","Input"
"2522","2522","2522",1282765,1282914,149,"a","a","1323","289","a","Input"
"2523","2523","2523",1282868,1283038,170,"n","n","1324","289","n","Input"
"2524","2524","2524",1282993,1283107,114,"Space","Space","1325","289"," ","Input"
"2525","2525","2525",1283198,1283318,120,"b","b","1326","290","b","Input"
"2526","2526","2526",1283355,1283436,81,"e","e","1327","290","e","Input"
"2527","2527","2527",1283491,1283534,43,"Space","Space","1328","290"," ","Input"
"2528","2528","2528",1286145,1286292,147,"c","c","1329","291","c","Input"
"2529","2529","2529",1286290,1286375,85,"o","o","1330","291","o","Input"
"2530","2530","2530",1286451,1286550,99,"m","m","1331","291","m","Input"
"2531","2531","2531",1286649,1286727,78,"p","p","1332","291","p","Input"
"2532","2532","2532",1286840,1286931,91,"l","l","1333","291","l","Input"
"2533","2533","2533",1286929,1287029,100,"e","e","1334","291","e","Input"
"2534","2534","2534",1287185,1287339,154,"x","x","1335","291","x","Input"
"2535","2535","2535",1287395,1287507,112,"Space","Space","1336","291"," ","Input"
"2536","2536","2536",1287476,1287582,106,"a","a","1337","292","a","Input"
"2537","2537","2537",1287629,1287704,75,"n","n","1338","292","n","Input"
"2538","2538","2538",1287702,1287820,118,"d","d","1339","292","d","Input"
"2539","2539","2539",1287796,1287903,107,"Space","Space","1340","292"," ","Input"
"2540","2540","2540",1288241,1288295,54,"h","h","1341","293","h","Input"
"2541","2541","2541",1288523,1288621,98,"Backspace","Backspace","1340","292","h","Remove/Cut"
"2542","2542","2542",1288659,1288771,112,"c","c","1341","293","c","Input"
"2543","2543","2543",1288812,1288886,74,"h","h","1342","293","h","Input"
"2544","2544","2544",1288948,1289067,119,"a","a","1343","293","a","Input"
"2545","2545","2545",1289115,1289169,54,"l","l","1344","293","l","Input"
"2546","2546","2546",1289264,1289343,79,"l","l","1345","293","l","Input"
"2547","2547","2547",1289357,1289459,102,"a","a","1346","293","a","Input"
"2548","2548","2548",1289511,1289567,56,"n","n","1347","293","n","Input"
"2549","2549","2549",1289632,1289709,77,"g","g","1348","293","g","Input"
"2550","2550","2550",1289782,1289857,75,"i","i","1349","293","i","Input"
"2551","2551","2551",1289943,1290026,83,"n","n","1350","293","n","Input"
"2552","2552","2552",1290076,1290128,52,"g","g","1351","293","g","Input"
"2553","2553","2553",1290139,1290234,95,"Space","Space","1352","293"," ","Input"
"2554","2554","2554",1290323,1290443,120,"w","w","1353","294","w","Input"
"2555","2555","2555",1290414,1290502,88,"o","o","1354","294","o","Input"
"2556","2556","2556",1290969,1291043,74,"Backspace","Backspace","1353","294","o","Remove/Cut"
"2557","2557","2557",1291130,1291219,89,"Backspace","Backspace","1352","293","w","Remove/Cut"
"2558","2558","2558",1291267,1291353,86,"t","t","1353","294","t","Input"
"2559","2559","2559",1291339,1291509,170,"o","o","1354","294","o","Input"
"2560","2560","2560",1291479,1291601,122,"Space","Space","1355","294"," ","Input"
"2561","2561","2561",1293396,1293496,100,"h","h","1356","295","h","Input"
"2562","2562","2562",1293502,1293601,99,"a","a","1357","295","a","Input"
"2563","2563","2563",1293647,1293733,86,"v","v","1358","295","v","Input"
"2564","2564","2564",1293780,1293842,62,"e","e","1359","295","e","Input"
"2565","2565","2565",1293898,1293960,62,"Space","Space","1360","295"," ","Input"
"2566","2566","2566",1294052,1294217,165,"a","a","1361","296","a","Input"
"2567","2567","2567",1294263,1294352,89,"Space","Space","1362","296"," ","Input"
"2568","2568","2568",1294554,1294699,145,"c","c","1363","297","c","Input"
"2569","2569","2569",1294654,1294746,92,"o","o","1364","297","o","Input"
"2570","2570","2570",1294873,1294956,83,"m","m","1365","297","m","Input"
"2571","2571","2571",1295130,1295199,69,"p","p","1366","297","p","Input"
"2572","2572","2572",1295288,1295382,94,"e","e","1367","297","e","Input"
"2573","2573","2573",1295558,1295636,78,"t","t","1368","297","t","Input"
"2574","2574","2574",1295730,1295816,86,"i","i","1369","297","i","Input"
"2575","2575","2575",1296214,1296328,114,"t","t","1370","297","t","Input"
"2576","2576","2576",1296379,1296430,51,"i","i","1371","297","i","Input"
"2577","2577","2577",1296482,1296577,95,"v","v","1372","297","v","Input"
"2578","2578","2578",1296645,1296776,131,"e","e","1373","297","e","Input"
"2579","2579","2579",1296754,1296868,114,"Space","Space","1374","297"," ","Input"
"2580","2580","2580",1296968,1297086,118,"w","w","1375","298","w","Input"
"2581","2581","2581",1297094,1297178,84,"o","o","1376","298","o","Input"
"2582","2582","2582",1297297,1297431,134,"r","r","1377","298","r","Input"
"2583","2583","2583",1297436,1297556,120,"k","k","1378","298","k","Input"
"2584","2584","2584",1297920,1298009,89,"p","p","1379","298","p","Input"
"2585","2585","2585",1298144,1298241,97,"l","l","1380","298","l","Input"
"2586","2586","2586",1298282,1298409,127,"a","a","1381","298","a","Input"
"2587","2587","2587",1298621,1298814,193,"c","c","1382","298","c","Input"
"2588","2588","2588",1298749,1298894,145,"e","e","1383","298","e","Input"
"2589","2589","2589",1299528,1299610,82,"ArrowLeft","ArrowLeft","1382","298","NoChange","Nonproduction"
"2590","2590","2590",1299703,1299753,50,"ArrowLeft","ArrowLeft","1381","298","NoChange","Nonproduction"
"2591","2591","2591",1299843,1299909,66,"ArrowLeft","ArrowLeft","1380","298","NoChange","Nonproduction"
"2592","2592","2592",1299996,1300066,70,"ArrowLeft","ArrowLeft","1379","298","NoChange","Nonproduction"
"2593","2593","2593",1300143,1300217,74,"ArrowLeft","ArrowLeft","1378","298","NoChange","Nonproduction"
"2594","2594","2594",1300382,1300567,185,"Space","Space","1379","299"," ","Input"
"2595","2595","2595",1300735,1300832,97,"ArrowRight","ArrowRight","1380","299","NoChange","Nonproduction"
"2596","2596","2596",1300945,1301007,62,"ArrowRight","ArrowRight","1381","299","NoChange","Nonproduction"
"2597","2597","2597",1301111,1301172,61,"ArrowRight","ArrowRight","1382","299","NoChange","Nonproduction"
"2598","2598","2598",1301283,1301341,58,"ArrowRight","ArrowRight","1383","299","NoChange","Nonproduction"
"2599","2599","2599",1301446,1301540,94,"ArrowRight","ArrowRight","1384","299","NoChange","Nonproduction"
"2600","2600","2600",1303052,1303197,145,".",".","1385","299",".","Input"
"2601","2601","2601",1303326,1303411,85,"Space","Space","1386","299"," ","Input"
"2602","2602","2602",1313440,1313651,211,"ArrowRight","ArrowRight","1387","299","NoChange","Nonproduction"
"2603","2603","2603",1313937,1313972,35,"\\","\\","1388","299","\\","Input"
"2604","2604","2604",1314113,1314152,39,"Backspace","Backspace","1387","299","\\","Remove/Cut"
"2605","2605","2605",1314253,1314342,89,"Backspace","Backspace","1386","299"," ","Remove/Cut"
"2606","2606","2606",1314432,1314521,89,"Backspace","Backspace","1385","298"," ","Remove/Cut"
"2607","2607","2607",1314878,1314959,81,"Space","Space","1386","299"," ","Input"
"2608","2608","2608",1456231,1456350,119,"Leftclick","Leftclick","1569","299","NoChange","Nonproduction"
"2609","2609","2609",1457077,1457229,152,"Space","Space","1570","299"," ","Input"
"2610","2610","2610",1476104,1476227,123,"Enter","Enter","1571","299","\n","Input"
"2611","2611","2611",1476582,1476684,102,"Enter","Enter","1572","299","\n","Input"
"2612","2612","2612",1478892,1478892,0,"Shift","Shift","1572","299","NoChange","Nonproduction"
"2613","2613","2613",1479017,1479189,172,"C","c","1573","300","C","Input"
"2614","2614","2614",1479975,1480144,169,"o","o","1574","300","o","Input"
"2615","2615","2615",1484224,1484282,58,"Backspace","Backspace","1573","300","o","Remove/Cut"
"2616","2616","2616",1489337,1489491,154,"o","o","1574","300","o","Input"
"2617","2617","2617",1489546,1489664,118,"m","m","1575","300","m","Input"
"2618","2618","2618",1489749,1489851,102,"p","p","1576","300","p","Input"
"2619","2619","2619",1490102,1490187,85,"Backspace","Backspace","1575","300","p","Remove/Cut"
"2620","2620","2620",1490299,1490369,70,"Backspace","Backspace","1574","300","m","Remove/Cut"
"2621","2621","2621",1490501,1490547,46,"Backspace","Backspace","1573","300","o","Remove/Cut"
"2622","2622","2622",1490895,1491036,141,"p","p","1574","300","p","Input"
"2623","2623","2623",1491191,1491253,62,"p","p","1575","300","p","Input"
"2624","2624","2624",1491435,1491489,54,"Backspace","Backspace","1574","300","p","Remove/Cut"
"2625","2625","2625",1491592,1491666,74,"Backspace","Backspace","1573","300","p","Remove/Cut"
"2626","2626","2626",1491810,1491880,70,"o","o","1574","300","o","Input"
"2627","2627","2627",1491988,1492074,86,"o","o","1575","300","o","Input"
"2628","2628","2628",1492364,1492446,82,"p","p","1576","300","p","Input"
"2629","2629","2629",1492708,1492857,149,"e","e","1577","300","e","Input"
"2630","2630","2630",1493303,1493441,138,"r","r","1578","300","r","Input"
"2631","2631","2631",1493408,1493562,154,"a","a","1579","300","a","Input"
"2632","2632","2632",1493535,1493654,119,"t","t","1580","300","t","Input"
"2633","2633","2633",1494105,1494222,117,"i","i","1581","300","i","Input"
"2634","2634","2634",1494227,1494342,115,"o","o","1582","300","o","Input"
"2635","2635","2635",1494435,1494579,144,"n","n","1583","300","n","Input"
"2636","2636","2636",1494527,1494661,134,"Space","Space","1584","300"," ","Input"
"2637","2637","2637",1494783,1494856,73,"i","i","1585","301","i","Input"
"2638","2638","2638",1494932,1495113,181,"s","s","1586","301","s","Input"
"2639","2639","2639",1495083,1495193,110,"Space","Space","1587","301"," ","Input"
"2640","2640","2640",1495395,1495433,38,"t","t","1588","302","t","Input"
"2641","2641","2641",1495587,1495716,129,"h","h","1589","302","h","Input"
"2642","2642","2642",1495721,1495832,111,"e","e","1590","302","e","Input"
"2643","2643","2643",1495880,1495956,76,"Space","Space","1591","302"," ","Input"
"2644","2644","2644",1498238,1498328,90,"i","i","1592","303","i","Input"
"2645","2645","2645",1498385,1498458,73,"d","d","1593","303","d","Input"
"2646","2646","2646",1498559,1498752,193,"e","e","1594","303","e","Input"
"2647","2647","2647",1498707,1498865,158,"a","a","1595","303","a","Input"
"2648","2648","2648",1498839,1498944,105,"Space","Space","1596","303"," ","Input"
"2649","2649","2649",1499014,1499141,127,"a","a","1597","304","a","Input"
"2650","2650","2650",1499185,1499238,53,"n","n","1598","304","n","Input"
"2651","2651","2651",1499288,1499407,119,"d","d","1599","304","d","Input"
"2652","2652","2652",1499449,1499501,52,"Space","Space","1600","304"," ","Input"
"2653","2653","2653",1499601,1499683,82,"b","b","1601","305","b","Input"
"2654","2654","2654",1499656,1499737,81,"e","e","1602","305","e","Input"
"2655","2655","2655",1499915,1500078,163,"s","s","1603","305","s","Input"
"2656","2656","2656",1500060,1500183,123,"t","t","1604","305","t","Input"
"2657","2657","2657",1500236,1500358,122,"Space","Space","1605","305"," ","Input"
"2658","2658","2658",1500495,1500674,179,"w","w","1606","306","w","Input"
"2659","2659","2659",1500635,1500809,174,"a","a","1607","306","a","Input"
"2660","2660","2660",1500807,1500982,175,"y","y","1608","306","y","Input"
"2661","2661","2661",1500954,1501084,130,"Space","Space","1609","306"," ","Input"
"2662","2662","2662",1502908,1503021,113,"t","t","1610","307","t","Input"
"2663","2663","2663",1503071,1503253,182,"o","o","1611","307","o","Input"
"2664","2664","2664",1503176,1503349,173,"Space","Space","1612","307"," ","Input"
"2665","2665","2665",1503737,1503922,185,"l","l","1613","308","l","Input"
"2666","2666","2666",1503813,1504030,217,"e","e","1614","308","e","Input"
"2667","2667","2667",1503977,1504134,157,"a","a","1615","308","a","Input"
"2668","2668","2668",1504338,1504471,133,"d","d","1616","308","d","Input"
"2669","2669","2669",1504522,1504662,140,"Space","Space","1617","308"," ","Input"
"2670","2670","2670",1505491,1505633,142,"g","g","1618","309","g","Input"
"2671","2671","2671",1505599,1505728,129,"h","h","1619","309","h","Input"
"2672","2672","2672",1505777,1505936,159,"i","i","1620","309","i","Input"
"2673","2673","2673",1506168,1506245,77,"Backspace","Backspace","1619","309","i","Remove/Cut"
"2674","2674","2674",1506323,1506388,65,"Backspace","Backspace","1618","309","h","Remove/Cut"
"2675","2675","2675",1506445,1506550,105,"Backspace","Backspace","1617","308","g","Remove/Cut"
"2676","2676","2676",1506954,1507059,105,"t","t","1618","309","t","Input"
"2677","2677","2677",1507353,1507424,71,"Backspace","Backspace","1617","308","t","Remove/Cut"
"2678","2678","2678",1520594,1520735,141,"Backspace","Backspace","1616","308"," ","Remove/Cut"
"2679","2679","2679",1520966,1521088,122,"Space","Space","1617","308"," ","Input"
"2680","2680","2680",1541268,1541392,124,"i","i","1618","309","i","Input"
"2681","2681","2681",1542328,1542364,36,"Backspace","Backspace","1617","308","i","Remove/Cut"
"2682","2682","2682",1542493,1542546,53,"Backspace","Backspace","1616","308"," ","Remove/Cut"
"2683","2683","2683",1542667,1542736,69,"Backspace","Backspace","1615","308","d","Remove/Cut"
"2684","2684","2684",1543036,1543109,73,"Backspace","Backspace","1614","308","a","Remove/Cut"
"2685","2685","2685",1543208,1543271,63,"Backspace","Backspace","1613","308","e","Remove/Cut"
"2686","2686","2686",1543361,1543463,102,"Backspace","Backspace","1612","307","l","Remove/Cut"
"2687","2687","2687",1544136,1544282,146,"a","a","1613","308","a","Input"
"2688","2688","2688",1544470,1544595,125,"Backspace","Backspace","1612","307","a","Remove/Cut"
"2689","2689","2689",1544722,1544872,150,"l","l","1613","308","l","Input"
"2690","2690","2690",1544841,1545010,169,"e","e","1614","308","e","Input"
"2691","2691","2691",1544953,1545087,134,"a","a","1615","308","a","Input"
"2692","2692","2692",1545392,1545449,57,"Backspace","Backspace","1614","308","a","Remove/Cut"
"2693","2693","2693",1545547,1545600,53,"Backspace","Backspace","1613","308","e","Remove/Cut"
"2694","2694","2694",1545671,1545780,109,"Backspace","Backspace","1612","307","l","Remove/Cut"
"2695","2695","2695",1545824,1545954,130,"a","a","1613","308","a","Input"
"2696","2696","2696",1546148,1546269,121,"c","c","1614","308","c","Input"
"2697","2697","2697",1546416,1546497,81,"h","h","1615","308","h","Input"
"2698","2698","2698",1546591,1546695,104,"i","i","1616","308","i","Input"
"2699","2699","2699",1546692,1546789,97,"e","e","1617","308","e","Input"
"2700","2700","2700",1546900,1547025,125,"v","v","1618","308","v","Input"
"2701","2701","2701",1547110,1547222,112,"e","e","1619","308","e","Input"
"2702","2702","2702",1547270,1547347,77,"Space","Space","1620","308"," ","Input"
"2703","2703","2703",1547398,1547493,95,"s","s","1621","309","s","Input"
"2704","2704","2704",1547543,1547602,59,"u","u","1622","309","u","Input"
"2705","2705","2705",1547862,1547897,35,"c","c","1623","309","c","Input"
"2706","2706","2706",1547983,1548060,77,"c","c","1624","309","c","Input"
"2707","2707","2707",1548190,1548275,85,"e","e","1625","309","e","Input"
"2708","2708","2708",1548400,1548496,96,"s","s","1626","309","s","Input"
"2709","2709","2709",1548572,1548681,109,"s","s","1627","309","s","Input"
"2710","2710","2710",1548728,1548802,74,"Space","Space","1628","309"," ","Input"
"2711","2711","2711",1548841,1548931,90,"i","i","1629","310","i","Input"
"2712","2712","2712",1549010,1549174,164,"n","n","1630","310","n","Input"
"2713","2713","2713",1549144,1549226,82,"Space","Space","1631","310"," ","Input"
"2714","2714","2714",1549185,1549288,103,"t","t","1632","311","t","Input"
"2715","2715","2715",1549345,1549405,60,"h","h","1633","311","h","Input"
"2716","2716","2716",1549475,1549616,141,"i","i","1634","311","i","Input"
"2717","2717","2717",1549577,1549692,115,"s","s","1635","311","s","Input"
"2718","2718","2718",1549690,1549810,120,"Space","Space","1636","311"," ","Input"
"2719","2719","2719",1549910,1550052,142,"c","c","1637","312","c","Input"
"2720","2720","2720",1550290,1550379,89,"o","o","1638","312","o","Input"
"2721","2721","2721",1550540,1550600,60,"m","m","1639","312","m","Input"
"2722","2722","2722",1550755,1550824,69,"p","p","1640","312","p","Input"
"2723","2723","2723",1551183,1551272,89,"l","l","1641","312","l","Input"
"2724","2724","2724",1551392,1551622,230,"e","e","1642","312","e","Input"
"2725","2725","2725",1551819,1551964,145,"x","x","1643","312","x","Input"
"2726","2726","2726",1552102,1552222,120,"Space","Space","1644","312"," ","Input"
"2727","2727","2727",1553503,1553635,132,"w","w","1645","313","w","Input"
"2728","2728","2728",1553679,1553822,143,"o","o","1646","313","o","Input"
"2729","2729","2729",1553881,1554045,164,"r","r","1647","313","r","Input"
"2730","2730","2730",1554095,1554259,164,"l","l","1648","313","l","Input"
"2731","2731","2731",1554314,1554529,215,"d","d","1649","313","d","Input"
"2732","2732","2732",1554471,1554637,166,"s","s","1650","313","s","Input"
"2733","2733","2733",1554862,1554943,81,"Backspace","Backspace","1649","313","s","Remove/Cut"
"2734","2734","2734",1554996,1555135,139,".",".","1650","313",".","Input"
"2735","2735","2735",1555071,1555181,110,"Space","Space","1651","313"," ","Input"
"2736","2736","2736",1594372,1594558,186,"Leftclick","Leftclick","1570","313","NoChange","Nonproduction"
"2737","2737","2737",1597530,1597689,159,"Leftclick","Leftclick","0","313","NoChange","Nonproduction"
"2738","2738","2738",1598390,1599680,1290,"Tab","Tab","0","313","NoChange","Nonproduction"
"2739","2739","2739",1600200,1600280,80,"Leftclick","Leftclick","1651","313","NoChange","Nonproduction"
"2740","2740","2740",1610255,1610488,233,"Leftclick","Leftclick","504","313","NoChange","Nonproduction"
"2741","2741","2741",1616254,1616254,0,"Shift","Shift","504","313","NoChange","Nonproduction"
"2742","2742","2742",1616477,1616610,133,"T","t","505","313","T","Input"
"2743","2743","2743",1616615,1616710,95,"h","h","506","313","h","Input"
"2744","2744","2744",1616722,1616857,135,"e","e","507","313","e","Input"
"2745","2745","2745",1616833,1616941,108,"Space","Space","508","314"," ","Input"
"2746","2746","2746",1617081,1617214,133,"i","i","509","314","i","Input"
"2747","2747","2747",1617368,1617445,77,"Backspace","Backspace","508","314","i","Remove/Cut"
"2748","2748","2748",1617628,1617736,108,"i","i","509","314","i","Input"
"2749","2749","2749",1617775,1617875,100,"d","d","510","314","d","Input"
"2750","2750","2750",1617925,1618150,225,"e","e","511","314","e","Input"
"2751","2751","2751",1618037,1618200,163,"a","a","512","314","a","Input"
"2752","2752","2752",1618271,1618403,132,"Space","Space","513","315"," ","Input"
"2753","2753","2753",1618541,1618648,107,"o","o","514","315","o","Input"
"2754","2754","2754",1618693,1618778,85,"f","f","515","315","f","Input"
"2755","2755","2755",1618776,1618880,104,"Space","Space","516","316"," ","Input"
"2756","2756","2756",1618957,1619082,125,"c","c","517","316","c","Input"
"2757","2757","2757",1619125,1619160,35,"o","o","518","316","o","Input"
"2758","2758","2758",1619267,1619336,69,"m","m","519","316","m","Input"
"2759","2759","2759",1619438,1619556,118,"p","p","520","316","p","Input"
"2760","2760","2760",1619537,1619647,110,"e","e","521","316","e","Input"
"2761","2761","2761",1619721,1619819,98,"t","t","522","316","t","Input"
"2762","2762","2762",1619860,1619985,125,"i","i","523","316","i","Input"
"2763","2763","2763",1620176,1620293,117,"t","t","524","316","t","Input"
"2764","2764","2764",1620262,1620491,229,"o","o","525","316","o","Input"
"2765","2765","2765",1620347,1620448,101,"i","i","526","316","i","Input"
"2766","2766","2766",1620544,1620576,32,"o","o","527","316","o","Input"
"2767","2767","2767",1621013,1621082,69,"Backspace","Backspace","526","316","o","Remove/Cut"
"2768","2768","2768",1621166,1621218,52,"Backspace","Backspace","525","316","i","Remove/Cut"
"2769","2769","2769",1621292,1621400,108,"Backspace","Backspace","524","316","o","Remove/Cut"
"2770","2770","2770",1621620,1621777,157,"i","i","525","316","i","Input"
"2771","2771","2771",1621826,1621902,76,"o","o","526","316","o","Input"
"2772","2772","2772",1621995,1622145,150,"n","n","527","316","n","Input"
"2773","2773","2773",1622107,1622223,116,"Space","Space","528","317"," ","Input"
"2774","2774","2774",1622295,1622385,90,"i","i","529","317","i","Input"
"2775","2775","2775",1622430,1622561,131,"s","s","530","317","s","Input"
"2776","2776","2776",1622528,1622628,100,"Space","Space","531","318"," ","Input"
"2777","2777","2777",1622677,1622754,77,"a","a","532","318","a","Input"
"2778","2778","2778",1622796,1622879,83,"l","l","533","318","l","Input"
"2779","2779","2779",1622934,1623054,120,"s","s","534","318","s","Input"
"2780","2780","2780",1623052,1623229,177,"o","o","535","318","o","Input"
"2781","2781","2781",1623196,1623321,125,"Space","Space","536","319"," ","Input"
"2782","2782","2782",1623735,1623808,73,"i","i","537","319","i","Input"
"2783","2783","2783",1623932,1624005,73,"n","n","538","319","n","Input"
"2784","2784","2784",1624127,1624206,79,"t","t","539","319","t","Input"
"2785","2785","2785",1624301,1624483,182,"r","r","540","319","r","Input"
"2786","2786","2786",1624425,1624557,132,"e","e","541","319","e","Input"
"2787","2787","2787",1624694,1624784,90,"o","o","542","319","o","Input"
"2788","2788","2788",1624953,1625015,62,"p","p","543","319","p","Input"
"2789","2789","2789",1625146,1625227,81,"Backspace","Backspace","542","319","p","Remove/Cut"
"2790","2790","2790",1625292,1625372,80,"Backspace","Backspace","541","319","o","Remove/Cut"
"2791","2791","2791",1625485,1625520,35,"o","o","542","319","o","Input"
"2792","2792","2792",1625565,1625574,9,"p","p","543","319","p","Input"
"2793","2793","2793",1625571,1625758,187,"r","r","544","319","r","Input"
"2794","2794","2794",1625710,1625925,215,"e","e","545","319","e","Input"
"2795","2795","2795",1626011,1626076,65,"Backspace","Backspace","544","319","e","Remove/Cut"
"2796","2796","2796",1626174,1626231,57,"Backspace","Backspace","543","319","r","Remove/Cut"
"2797","2797","2797",1626324,1626401,77,"Backspace","Backspace","542","319","p","Remove/Cut"
"2798","2798","2798",1626485,1626569,84,"Backspace","Backspace","541","319","o","Remove/Cut"
"2799","2799","2799",1626650,1626732,82,"Backspace","Backspace","540","319","e","Remove/Cut"
"2800","2800","2800",1627139,1627295,156,"r","r","541","319","r","Input"
"2801","2801","2801",1627518,1627595,77,"Backspace","Backspace","540","319","r","Remove/Cut"
"2802","2802","2802",1627711,1627825,114,"p","p","541","319","p","Input"
"2803","2803","2803",1628062,1628135,73,"Backspace","Backspace","540","319","p","Remove/Cut"
"2804","2804","2804",1628288,1628424,136,"e","e","541","319","e","Input"
"2805","2805","2805",1628483,1628563,80,"Backspace","Backspace","540","319","e","Remove/Cut"
"2806","2806","2806",1628631,1628729,98,"Backspace","Backspace","539","319","r","Remove/Cut"
"2807","2807","2807",1628708,1628864,156,"e","e","540","319","e","Input"
"2808","2808","2808",1628824,1628968,144,"r","r","541","319","r","Input"
"2809","2809","2809",1629554,1629646,92,"p","p","542","319","p","Input"
"2810","2810","2810",1629700,1629871,171,"r","r","543","319","r","Input"
"2811","2811","2811",1629821,1629970,149,"e","e","544","319","e","Input"
"2812","2812","2812",1630015,1630134,119,"t","t","545","319","t","Input"
"2813","2813","2813",1630181,1630266,85,"e","e","546","319","e","Input"
"2814","2814","2814",1630345,1630481,136,"d","d","547","319","d","Input"
"2815","2815","2815",1630477,1630600,123,"Space","Space","548","320"," ","Input"
"2816","2816","2816",1630576,1630766,190,"a","a","549","320","a","Input"
"2817","2817","2817",1630822,1630925,103,"s","s","550","320","s","Input"
"2818","2818","2818",1630872,1630990,118,"Space","Space","551","321"," ","Input"
"2819","2819","2819",1639625,1639738,113,"w","w","552","321","w","Input"
"2820","2820","2820",1639800,1639889,89,"h","h","553","321","h","Input"
"2821","2821","2821",1639977,1640134,157,"o","o","554","321","o","Input"
"2822","2822","2822",1640114,1640287,173,"Space","Space","555","322"," ","Input"
"2823","2823","2823",1640338,1640414,76,"i","i","556","322","i","Input"
"2824","2824","2824",1640592,1640725,133,"s","s","557","322","s","Input"
"2825","2825","2825",1640772,1640857,85,"Space","Space","558","323"," ","Input"
"2826","2826","2826",1640961,1641038,77,"b","b","559","323","b","Input"
"2827","2827","2827",1641123,1641284,161,"e","e","560","323","e","Input"
"2828","2828","2828",1641389,1641527,138,"t","t","561","323","t","Input"
"2829","2829","2829",1641621,1641782,161,"t","t","562","323","t","Input"
"2830","2830","2830",1641770,1641933,163,"e","e","563","323","e","Input"
"2831","2831","2831",1641898,1642009,111,"r","r","564","323","r","Input"
"2832","2832","2832",1641976,1642119,143,"Space","Space","565","324"," ","Input"
"2833","2833","2833",1642735,1642885,150,"t","t","566","324","t","Input"
"2834","2834","2834",1642828,1642934,106,"h","h","567","324","h","Input"
"2835","2835","2835",1642894,1643040,146,"a","a","568","324","a","Input"
"2836","2836","2836",1643037,1643174,137,"n","n","569","324","n","Input"
"2837","2837","2837",1643143,1643265,122,"Space","Space","570","325"," ","Input"
"2838","2838","2838",1643308,1643439,131,"t","t","571","325","t","Input"
"2839","2839","2839",1643406,1643522,116,"h","h","572","325","h","Input"
"2840","2840","2840",1643490,1643603,113,"e","e","573","325","e","Input"
"2841","2841","2841",1643608,1643728,120,"Space","Space","574","326"," ","Input"
"2842","2842","2842",1643809,1643950,141,"o","o","575","326","o","Input"
"2843","2843","2843",1644047,1644156,109,"t","t","576","326","t","Input"
"2844","2844","2844",1644229,1644366,137,"e","e","577","326","e","Input"
"2845","2845","2845",1644257,1644317,60,"h","h","578","326","h","Input"
"2846","2846","2846",1644363,1644474,111,"r","r","579","326","r","Input"
"2847","2847","2847",1644524,1644667,143,"Space","Space","580","327"," ","Input"
"2848","2848","2848",1644866,1644927,61,"Backspace","Backspace","579","326"," ","Remove/Cut"
"2849","2849","2849",1645030,1645080,50,"Backspace","Backspace","578","326","r","Remove/Cut"
"2850","2850","2850",1645176,1645225,49,"Backspace","Backspace","577","326","h","Remove/Cut"
"2851","2851","2851",1645323,1645392,69,"Backspace","Backspace","576","326","e","Remove/Cut"
"2852","2852","2852",1645555,1645640,85,"h","h","577","326","h","Input"
"2853","2853","2853",1645689,1645837,148,"e","e","578","326","e","Input"
"2854","2854","2854",1645795,1645945,150,"r","r","579","326","r","Input"
"2855","2855","2855",1646066,1646274,208,".",".","580","326",".","Input"
"2856","2856","2856",1646322,1646456,134,"Space","Space","581","327"," ","Input"
"2857","2857","2857",1649768,1649810,42,"Backspace","Backspace","580","326"," ","Remove/Cut"
"2858","2858","2858",1649910,1650002,92,"Backspace","Backspace","579","326",".","Remove/Cut"
"2859","2859","2859",1650092,1650148,56,",",",","580","326",",","Input"
"2860","2860","2860",1650281,1650463,182,"Space","Space","581","327"," ","Input"
"2861","2861","2861",1650643,1650813,170,"w","w","582","327","w","Input"
"2862","2862","2862",1650909,1650998,89,"h","h","583","327","h","Input"
"2863","2863","2863",1651065,1651165,100,"i","i","584","327","i","Input"
"2864","2864","2864",1651211,1651317,106,"c","c","585","327","c","Input"
"2865","2865","2865",1651271,1651398,127,"h","h","586","327","h","Input"
"2866","2866","2866",1651363,1651486,123,"Space","Space","587","328"," ","Input"
"2867","2867","2867",1651527,1651610,83,"i","i","588","328","i","Input"
"2868","2868","2868",1651660,1651740,80,"s","s","589","328","s","Input"
"2869","2869","2869",1651754,1651859,105,"Space","Space","590","329"," ","Input"
"2870","2870","2870",1652042,1652191,149,"g","g","591","329","g","Input"
"2871","2871","2871",1652400,1652480,80,"Backspace","Backspace","590","329","g","Remove/Cut"
"2872","2872","2872",1652490,1652652,162,"w","w","591","329","w","Input"
"2873","2873","2873",1652692,1652848,156,"r","r","592","329","r","Input"
"2874","2874","2874",1652808,1652929,121,"o","o","593","329","o","Input"
"2875","2875","2875",1653069,1653162,93,"n","n","594","329","n","Input"
"2876","2876","2876",1653230,1653354,124,"g","g","595","329","g","Input"
"2877","2877","2877",1653485,1653643,158,".",".","596","329",".","Input"
"2878","2878","2878",1653621,1653781,160,"Space","Space","597","330"," ","Input"
"2879","2879","2879",1655292,1655373,81,"Leftclick","Leftclick","1744","330","NoChange","Nonproduction"
"2880","2880","2880",1691497,1691593,96,"Leftclick","Leftclick","1744","330","NoChange","Nonproduction"
"2881","2881","2881",1718241,1718365,124,"Leftclick","Leftclick","1741","330","NoChange","Nonproduction"
"2882","2882","2882",1742563,1742692,129,"Leftclick","Leftclick","1744","330","NoChange","Nonproduction"
"2883","2883","2883",1744164,1744164,0,"Shift","Shift","1744","330","NoChange","Nonproduction"
"2884","2884","2884",1744698,1744831,133,"Enter","Enter","1745","330","\n","Input"
"2885","2885","2885",1744946,1745040,94,"Enter","Enter","1746","330","\n","Input"
"2886","2886","2886",1745178,1745178,0,"Shift","Shift","1746","330","NoChange","Nonproduction"
"2887","2887","2887",1745435,1745609,174,"T","t","1747","331","T","Input"
"2888","2888","2888",1745560,1745660,100,"H","h","1748","331","H","Input"
"2889","2889","2889",1745722,1745839,117,"a","a","1749","331","a","Input"
"2890","2890","2890",1745789,1745878,89,"n","n","1750","331","n","Input"
"2891","2891","2891",1745933,1746080,147,"k","k","1751","331","k","Input"
"2892","2892","2892",1746053,1746196,143,"Space","Space","1752","331"," ","Input"
"2893","2893","2893",1746488,1746543,55,"Backspace","Backspace","1751","331"," ","Remove/Cut"
"2894","2894","2894",1746642,1746700,58,"Backspace","Backspace","1750","331","k","Remove/Cut"
"2895","2895","2895",1746785,1746850,65,"Backspace","Backspace","1749","331","n","Remove/Cut"
"2896","2896","2896",1746928,1747002,74,"Backspace","Backspace","1748","331","a","Remove/Cut"
"2897","2897","2897",1747098,1747196,98,"Backspace","Backspace","1747","331","H","Remove/Cut"
"2898","2898","2898",1747806,1747891,85,"h","h","1748","331","h","Input"
"2899","2899","2899",1747963,1748106,143,"a","a","1749","331","a","Input"
"2900","2900","2900",1748062,1748148,86,"n","n","1750","331","n","Input"
"2901","2901","2901",1748245,1748383,138,"k","k","1751","331","k","Input"
"2902","2902","2902",1748376,1748521,145,"Space","Space","1752","331"," ","Input"
"2903","2903","2903",1748693,1748850,157,"y","y","1753","332","y","Input"
"2904","2904","2904",1748813,1748965,152,"o","o","1754","332","o","Input"
"2905","2905","2905",1748963,1749109,146,"u","u","1755","332","u","Input"
"2906","2906","2906",1749458,1749566,108,"Space","Space","1756","332"," ","Input"
"2907","2907","2907",1749519,1749672,153,".",".","1757","332",".","Input"
"2908","2908","2908",1749852,1749932,80,"Backspace","Backspace","1756","332",".","Remove/Cut"
"2909","2909","2909",1750020,1750203,183,"Backspace","Backspace","1755","332"," ","Remove/Cut"
"2910","2910","2910",1750160,1750307,147,".",".","1756","332",".","Input"
"2911","2911","2911",1750249,1750416,167,"Space","Space","1757","332"," ","Input"
"2912","2912","2912",1751626,1752127,501,"Backspace","Backspace","1756","332"," ","Remove/Cut"
"2913","2913","2913",1752127,1752244,117,"Backspace","Backspace","1755","332",".","Remove/Cut"
"2914","2914","2914",1752244,1752295,51,"Backspace","Backspace","1754","332","u","Remove/Cut"
"2915","2915","2915",1752295,1752379,84,"Backspace","Backspace","1753","332","o","Remove/Cut"
"2916","2916","2916",1752379,1752463,84,"Backspace","Backspace","1752","331","y","Remove/Cut"
"2917","2917","2917",1752463,1752547,84,"Backspace","Backspace","1751","331"," ","Remove/Cut"
"2918","2918","2918",1752547,1752631,84,"Backspace","Backspace","1750","331","k","Remove/Cut"
"2919","2919","2919",1752631,1752716,85,"Backspace","Backspace","1749","331","n","Remove/Cut"
"2920","2920","2920",1752716,1752800,84,"Backspace","Backspace","1748","331","a","Remove/Cut"
"2921","2921","2921",1752800,1752883,83,"Backspace","Backspace","1747","331","h","Remove/Cut"
"2922","2922","2922",1752883,1752967,84,"Backspace","Backspace","1746","330","T","Remove/Cut"
"2923","2923","2923",1752967,1753042,75,"Backspace","Backspace","1745","330","\n","Remove/Cut"
"2924","2924","2924",1753263,1753379,116,"Backspace","Backspace","1744","330","\n","Remove/Cut"
"2925","2925","2925",1789276,1789390,114,"Leftclick","Leftclick","1744","330","NoChange","Nonproduction"
"2926","2926","2926",1791230,1791352,122,"Leftclick","Leftclick","1744","330","NoChange","Nonproduction"
"2927","2927","2927",1797882,1798005,123,"Leftclick","Leftclick","1744","330","NoChange","Nonproduction"
