"","DownEventID","UpEventID","DownTime","UpTime","ActionTime","DownEvent","UpEvent","Cursorposition","WordCount","TextChange","Activity"
"1","1","1",9044,9147,103,"Leftclick","Leftclick","0","0","NoChange","Nonproduction"
"2","2","2",34270,34422,152,"Leftclick","Leftclick","0","0","NoChange","Nonproduction"
"3","3","3",38157,38267,110,"t","t","1","1","t","Input"
"4","4","4",39097,39193,96,"Backspace","Backspace","0","0","t","Remove/Cut"
"5","5","5",39529,39656,127,"CapsLock","CapsLock","0","0","NoChange","Nonproduction"
"6","6","6",40085,40172,87,"T","T","1","1","T","Input"
"7","7","7",41116,41225,109,"CapsLock","CapsLock","1","1","NoChange","Nonproduction"
"8","8","8",41576,41672,96,"h","h","2","1","h","Input"
"9","9","9",41896,41992,96,"e","e","3","1","e","Input"
"10","10","10",42328,42510,182,"Space","Space","4","1"," ","Input"
"11","11","11",45689,45784,95,"p","p","5","2","p","Input"
"12","12","12",46085,46186,101,"e","e","6","2","e","Input"
"13","13","13",46552,46632,80,"o","o","7","2","o","Input"
"14","14","14",46741,46824,83,"p","p","8","2","p","Input"
"15","15","15",46945,47033,88,"l","l","9","2","l","Input"
"16","16","16",47801,47893,92,"e","e","10","2","e","Input"
"17","17","17",48009,48089,80,"s","s","11","2","s","Input"
"18","18","18",48248,48376,128,"Space","Space","12","2"," ","Input"
"19","19","19",48573,48633,60,"a","a","13","3","a","Input"
"20","20","20",48805,48889,84,"r","r","14","3","r","Input"
"21","21","21",48986,49080,94,"e","e","15","3","e","Input"
"22","22","22",49257,49402,145,"Space","Space","16","3"," ","Input"
"23","23","23",50553,50650,97,"h","h","17","4","h","Input"
"24","24","24",51595,51689,94,"a","a","18","4","a","Input"
"25","25","25",52097,52338,241,"p","p","19","4","p","Input"
"26","26","26",52363,52364,1,"p","p","20","4","p","Input"
"27","27","27",52792,52872,80,"y","y","21","4","y","Input"
"28","28","28",53017,53145,128,"Space","Space","22","4"," ","Input"
"29","29","29",53243,53352,109,"t","t","23","5","t","Input"
"30","30","30",53641,53737,96,"o","o","24","5","o","Input"
"31","31","31",53864,53976,112,"Space","Space","25","5"," ","Input"
"32","32","32",54185,54280,95,"a","a","26","6","a","Input"
"33","33","33",54601,54681,80,"c","c","27","6","c","Input"
"34","34","34",54952,55048,96,"h","h","28","6","h","Input"
"35","35","35",55209,55275,66,"i","i","29","6","i","Input"
"36","36","36",55577,55646,69,"v","v","30","6","v","Input"
"37","37","37",55805,55898,93,"e","e","31","6","e","Input"
"38","38","38",56520,56632,112,"Space","Space","32","6"," ","Input"
"39","39","39",56824,56888,64,"t","t","33","7","t","Input"
"40","40","40",57032,57113,81,"h","h","34","7","h","Input"
"41","41","41",57370,57451,81,"e","e","35","7","e","Input"
"42","42","42",57929,58009,80,"i","i","36","7","i","Input"
"43","43","43",58227,58281,54,"r","r","37","7","r","Input"
"44","44","44",58389,58504,115,"Space","Space","38","7"," ","Input"
"45","45","45",58614,58713,99,"g","g","39","8","g","Input"
"46","46","46",58960,59032,72,"o","o","40","8","o","Input"
"47","47","47",59289,59368,79,"a","a","41","8","a","Input"
"48","48","48",59688,59769,81,"l","l","42","8","l","Input"
"49","49","49",60008,60108,100,"s","s","43","8","s","Input"
"50","50","50",61210,61305,95,".",".","44","8",".","Input"
"51","51","51",63401,63480,79,"t","t","45","8","t","Input"
"52","52","52",63737,63833,96,"h","h","46","8","h","Input"
"53","53","53",64196,64281,85,"e","e","47","8","e","Input"
"54","54","54",64762,64857,95,"y","y","48","8","y","Input"
"55","55","55",65241,65371,130,"Space","Space","49","8"," ","Input"
"56","56","56",65737,65836,99,"a","a","50","9","a","Input"
"57","57","57",66329,66397,68,"r","r","51","9","r","Input"
"58","58","58",66555,66664,109,"e","e","52","9","e","Input"
"59","59","59",73149,73273,124,"Space","Space","53","9"," ","Input"
"60","60","60",74424,74505,81,"v","v","54","10","v","Input"
"61","61","61",74666,74762,96,"e","e","55","10","e","Input"
"62","62","62",74904,74990,86,"r","r","56","10","r","Input"
"63","63","63",75257,75339,82,"y","y","57","10","y","Input"
"64","64","64",75465,75577,112,"Space","Space","58","10"," ","Input"
"65","65","65",75821,75865,44,"i","i","59","11","i","Input"
"66","66","66",76053,76149,96,"n","n","60","11","n","Input"
"67","67","67",76399,76489,90,"t","t","61","11","t","Input"
"68","68","68",76648,76747,99,"r","r","62","11","r","Input"
"69","69","69",76913,77017,104,"e","e","63","11","e","Input"
"70","70","70",77164,77257,93,"s","s","64","11","s","Input"
"71","71","71",77529,77610,81,"t","t","65","11","t","Input"
"72","72","72",77769,77865,96,"e","e","66","11","e","Input"
"73","73","73",78025,78105,80,"d","d","67","11","d","Input"
"74","74","74",78681,78793,112,"Space","Space","68","11"," ","Input"
"75","75","75",79481,79561,80,"t","t","69","12","t","Input"
"76","76","76",79883,79961,78,"o","o","70","12","o","Input"
"77","77","77",80133,80243,110,"Space","Space","71","12"," ","Input"
"78","78","78",80762,80858,96,"a","a","72","13","a","Input"
"79","79","79",81226,81306,80,"c","c","73","13","c","Input"
"80","80","80",81529,81613,84,"h","h","74","13","h","Input"
"81","81","81",81960,82058,98,"e","e","75","13","e","Input"
"82","82","82",85801,85865,64,"Backspace","Backspace","74","13","e","Remove/Cut"
"83","83","83",86298,86377,79,"i","i","75","13","i","Input"
"84","84","84",86811,86889,78,"e","e","76","13","e","Input"
"85","85","85",87130,87210,80,"v","v","77","13","v","Input"
"86","86","86",87386,87448,62,"e","e","78","13","e","Input"
"87","87","87",89485,89610,125,"Space","Space","79","13"," ","Input"
"88","88","88",91323,91385,62,"Backspace","Backspace","78","13"," ","Remove/Cut"
"89","89","89",91726,91819,93,".",".","79","13",".","Input"
"90","90","90",93021,93099,78,"t","t","80","13","t","Input"
"91","91","91",94121,94201,80,"Backspace","Backspace","79","13","t","Remove/Cut"
"92","92","92",94616,94746,130,"CapsLock","CapsLock","79","13","NoChange","Nonproduction"
"93","93","93",95209,95288,79,"T","T","80","13","T","Input"
"94","94","94",95946,96044,98,"CapsLock","CapsLock","80","13","NoChange","Nonproduction"
"95","95","95",96697,96830,133,"h","h","81","13","h","Input"
"96","96","96",97033,97114,81,"e","e","82","13","e","Input"
"97","97","97",97430,97514,84,"y","y","83","13","y","Input"
"98","98","98",97633,97772,139,"Space","Space","84","13"," ","Input"
"99","99","99",98218,98304,86,"m","m","85","14","m","Input"
"100","100","100",98602,98682,80,"u","u","86","14","u","Input"
"101","101","101",98906,99017,111,"s","s","87","14","s","Input"
"102","102","102",99402,99500,98,"t","t","88","14","t","Input"
"103","103","103",99611,99738,127,"Space","Space","89","14"," ","Input"
"104","104","104",99978,100064,86,"b","b","90","15","b","Input"
"105","105","105",100289,100378,89,"e","e","91","15","e","Input"
"106","106","106",100537,100666,129,"Space","Space","92","15"," ","Input"
"107","107","107",102107,102200,93,"c","c","93","16","c","Input"
"108","108","108",102601,102666,65,"k","k","94","16","k","Input"
"109","109","109",103274,103371,97,"Backspace","Backspace","93","16","k","Remove/Cut"
"110","110","110",103643,103690,47,"l","l","94","16","l","Input"
"111","111","111",104039,104121,82,"e","e","95","16","e","Input"
"112","112","112",104257,104346,89,"a","a","96","16","a","Input"
"113","113","113",104538,104623,85,"r","r","97","16","r","Input"
"114","114","114",104761,104890,129,"Space","Space","98","16"," ","Input"
"115","115","115",105017,105114,97,"a","a","99","17","a","Input"
"116","116","116",105770,105846,76,"n","n","100","17","n","Input"
"117","117","117",106095,106172,77,"d","d","101","17","d","Input"
"118","118","118",106281,106445,164,"Space","Space","102","17"," ","Input"
"119","119","119",106537,106634,97,"c","c","103","18","c","Input"
"120","120","120",106821,106922,101,"a","a","104","18","a","Input"
"121","121","121",107086,107178,92,"r","r","105","18","r","Input"
"122","122","122",107321,107402,81,"e","e","106","18","e","Input"
"123","123","123",107658,107738,80,"f","f","107","18","f","Input"
"124","124","124",108018,108073,55,"u","u","108","18","u","Input"
"125","125","125",108442,108442,0,"l","l","109","18","l","Input"
"126","126","126",108598,108651,53,"l","l","110","18","l","Input"
"127","127","127",108922,109018,96,"y","y","111","18","y","Input"
"128","128","128",110273,110411,138,"Space","Space","112","18"," ","Input"
"129","129","129",111147,111225,78,"t","t","113","19","t","Input"
"130","130","130",111513,111594,81,"o","o","114","19","o","Input"
"131","131","131",111737,111849,112,"Space","Space","115","19"," ","Input"
"132","132","132",112106,112186,80,"a","a","116","20","a","Input"
"133","133","133",112920,113002,82,"c","c","117","20","c","Input"
"134","134","134",113611,113691,80,"i","i","118","20","i","Input"
"135","135","135",114972,115049,77,"Backspace","Backspace","117","20","i","Remove/Cut"
"136","136","136",115498,115577,79,"h","h","118","20","h","Input"
"137","137","137",115789,115882,93,"i","i","119","20","i","Input"
"138","138","138",116633,116713,80,"e","e","120","20","e","Input"
"139","139","139",116971,117050,79,"v","v","121","20","v","Input"
"140","140","140",117243,117305,62,"e","e","122","20","e","Input"
"141","141","141",117514,117627,113,"Space","Space","123","20"," ","Input"
"142","142","142",117819,117898,79,"t","t","124","21","t","Input"
"143","143","143",118071,118162,91,"h","h","125","21","h","Input"
"144","144","144",118418,118506,88,"e","e","126","21","e","Input"
"145","145","145",118991,119019,28,"i","i","127","21","i","Input"
"146","146","146",119196,119320,124,"r","r","128","21","r","Input"
"147","147","147",119403,119514,111,"Space","Space","129","21"," ","Input"
"148","148","148",119658,119754,96,"g","g","130","22","g","Input"
"149","149","149",119978,120060,82,"o","o","131","22","o","Input"
"150","150","150",120317,120409,92,"a","a","132","22","a","Input"
"151","151","151",120859,120922,63,"l","l","133","22","l","Input"
"152","152","152",121181,121257,76,"s","s","134","22","s","Input"
"153","153","153",121992,122073,81,".",".","135","22",".","Input"
"154","154","154",126489,126586,97,"h","h","136","22","h","Input"
"155","155","155",126953,127054,101,"a","a","137","22","a","Input"
"156","156","156",127394,127465,71,"p","p","138","22","p","Input"
"157","157","157",127569,127641,72,"p","p","139","22","p","Input"
"158","158","158",127899,127978,79,"i","i","140","22","i","Input"
"159","159","159",128179,128250,71,"n","n","141","22","n","Input"
"160","160","160",128555,128603,48,"e","e","142","22","e","Input"
"161","161","161",128880,128922,42,"s","s","143","22","s","Input"
"162","162","162",129417,129497,80,"s","s","144","22","s","Input"
"163","163","163",130445,130575,130,"Space","Space","145","22"," ","Input"
"164","164","164",131625,131723,98,"i","i","146","23","i","Input"
"165","165","165",131954,132041,87,"s","s","147","23","s","Input"
"166","166","166",132170,132283,113,"Space","Space","148","23"," ","Input"
"167","167","167",132826,132922,96,"m","m","149","24","m","Input"
"168","168","168",133099,133178,79,"o","o","150","24","o","Input"
"169","169","169",133438,133516,78,"s","s","151","24","s","Input"
"170","170","170",133706,133785,79,"t","t","152","24","t","Input"
"171","171","171",133934,134029,95,"Space","Space","153","24"," ","Input"
"172","172","172",134227,134315,88,"i","i","154","25","i","Input"
"173","173","173",134480,134554,74,"m","m","155","25","m","Input"
"174","174","174",134745,134842,97,"p","p","156","25","p","Input"
"175","175","175",134970,135034,64,"o","o","157","25","o","Input"
"176","176","176",135533,135573,40,"r","r","158","25","r","Input"
"177","177","177",136060,136139,79,"t","t","159","25","t","Input"
"178","178","178",136305,136378,73,"a","a","160","25","a","Input"
"179","179","179",136788,136874,86,"n","n","161","25","n","Input"
"180","180","180",137045,137130,85,"t","t","162","25","t","Input"
"181","181","181",137273,137371,98,"Space","Space","163","25"," ","Input"
"182","182","182",138028,138095,67,"i","i","164","26","i","Input"
"183","183","183",138249,138334,85,"n","n","165","26","n","Input"
"184","184","184",138442,138538,96,"Space","Space","166","26"," ","Input"
"185","185","185",138698,138778,80,"o","o","167","27","o","Input"
"186","186","186",139051,139139,88,"u","u","168","27","u","Input"
"187","187","187",140085,140154,69,"r","r","169","27","r","Input"
"188","188","188",140306,140399,93,"Space","Space","170","27"," ","Input"
"189","189","189",141034,141121,87,"l","l","171","28","l","Input"
"190","190","190",141259,141337,78,"i","i","172","28","i","Input"
"191","191","191",141547,141627,80,"f","f","173","28","f","Input"
"192","192","192",141771,141855,84,"e","e","174","28","e","Input"
"193","193","193",142097,142236,139,"Space","Space","175","28"," ","Input"
"194","194","194",143227,143241,14,"Backspace","Backspace","174","28"," ","Remove/Cut"
"195","195","195",143819,143881,62,".",".","175","28",".","Input"
"196","196","196",144842,144953,111,"CapsLock","CapsLock","175","28","NoChange","Nonproduction"
"197","197","197",145788,145900,112,"T","T","176","28","T","Input"
"198","198","198",147004,147186,182,"CapsLock","CapsLock","176","28","NoChange","Nonproduction"
"199","199","199",147498,147594,96,"h","h","177","28","h","Input"
"200","200","200",147870,147882,12,"e","e","178","28","e","Input"
"201","201","201",148028,148121,93,"Space","Space","179","28"," ","Input"
"202","202","202",148841,148906,65,"p","p","180","29","p","Input"
"203","203","203",149546,149642,96,"e","e","181","29","e","Input"
"204","204","204",150062,150137,75,"o","o","182","29","o","Input"
"205","205","205",150300,150394,94,"p","p","183","29","p","Input"
"206","206","206",151418,151497,79,"l","l","184","29","l","Input"
"207","207","207",151827,151930,103,"e","e","185","29","e","Input"
"208","208","208",152071,152204,133,"Space","Space","186","29"," ","Input"
"209","209","209",154300,154412,112,"s","s","187","30","s","Input"
"210","210","210",154789,155523,734,"h","h","188","30","h","Input"
"211","211","211",155525,155528,3,"o","o","189","30","o","Input"
"212","212","212",155528,155529,1,"u","u","190","30","u","Input"
"213","213","213",155626,155722,96,"l","l","191","30","l","Input"
"214","214","214",156028,156107,79,"d","d","192","30","d","Input"
"215","215","215",156251,156364,113,"Space","Space","193","30"," ","Input"
"216","216","216",156842,156940,98,"b","b","194","31","b","Input"
"217","217","217",157147,157242,95,"e","e","195","31","e","Input"
"218","218","218",157388,157562,174,"Space","Space","196","31"," ","Input"
"219","219","219",157664,157792,128,"h","h","197","32","h","Input"
"220","220","220",157977,158090,113,"a","a","198","32","a","Input"
"221","221","221",158525,158585,60,"p","p","199","32","p","Input"
"222","222","222",158699,158793,94,"p","p","200","32","p","Input"
"223","223","223",159444,159530,86,"y","y","201","32","y","Input"
"224","224","224",159691,159819,128,"Space","Space","202","32"," ","Input"
"225","225","225",160099,160203,104,"t","t","203","33","t","Input"
"226","226","226",160429,160585,156,"o","o","204","33","o","Input"
"227","227","227",160710,160877,167,"Space","Space","205","33"," ","Input"
"228","228","228",161132,161259,127,"s","s","206","34","s","Input"
"229","229","229",161707,162415,708,"o","o","207","34","o","Input"
"230","230","230",162416,162417,1,"l","l","208","34","l","Input"
"231","231","231",162572,162650,78,"v","v","209","34","v","Input"
"232","232","232",162817,162891,74,"e","e","210","34","e","Input"
"233","233","233",163039,163130,91,"Space","Space","211","34"," ","Input"
"234","234","234",163241,163355,114,"t","t","212","35","t","Input"
"235","235","235",163484,163563,79,"h","h","213","35","h","Input"
"236","236","236",163742,163866,124,"e","e","214","35","e","Input"
"237","237","237",164023,164171,148,"Space","Space","215","35"," ","Input"
"238","238","238",165793,165883,90,"p","p","216","36","p","Input"
"239","239","239",166242,166347,105,"r","r","217","36","r","Input"
"240","240","240",166663,166747,84,"o","o","218","36","o","Input"
"241","241","241",166945,167052,107,"b","b","219","36","b","Input"
"242","242","242",167367,167418,51,"l","l","220","36","l","Input"
"243","243","243",167946,168042,96,"e","e","221","36","e","Input"
"244","244","244",169461,169564,103,"m","m","222","36","m","Input"
"245","245","245",169828,169948,120,"s","s","223","36","s","Input"
"246","246","246",170860,170954,94,"Space","Space","224","36"," ","Input"
"247","247","247",171082,171195,113,"i","i","225","37","i","Input"
"248","248","248",171387,171451,64,"n","n","226","37","n","Input"
"249","249","249",171388,171451,63,"Space","Space","227","37"," ","Input"
"250","250","250",172570,172666,96,"Space","Space","228","37"," ","Input"
"251","251","251",173063,173136,73,"t","t","229","38","t","Input"
"252","252","252",173289,173411,122,"h","h","230","38","h","Input"
"253","253","253",173803,173882,79,"e","e","231","38","e","Input"
"254","254","254",174349,174349,0,"i","i","232","38","i","Input"
"255","255","255",174540,174642,102,"r","r","233","38","r","Input"
"256","256","256",174781,174906,125,"Space","Space","234","38"," ","Input"
"257","257","257",176178,176265,87,"l","l","235","39","l","Input"
"258","258","258",176413,176506,93,"i","i","236","39","i","Input"
"259","259","259",176730,176811,81,"f","f","237","39","f","Input"
"260","260","260",176938,177026,88,"e","e","238","39","e","Input"
"261","261","261",178026,178146,120,".",".","239","39",".","Input"
"262","262","262",179981,180064,83,"t","t","240","39","t","Input"
"263","263","263",180252,180330,78,"h","h","241","39","h","Input"
"264","264","264",180556,180696,140,"e","e","242","39","e","Input"
"265","265","265",181083,181178,95,"y","y","243","39","y","Input"
"266","266","266",181366,181498,132,"Space","Space","244","39"," ","Input"
"267","267","267",183770,183868,98,"w","w","245","40","w","Input"
"268","268","268",184076,184137,61,"a","a","246","40","a","Input"
"269","269","269",184570,184650,80,"n","n","247","40","n","Input"
"270","270","270",184893,184921,28,"t","t","248","40","t","Input"
"271","271","271",185070,185212,142,"Space","Space","249","40"," ","Input"
"272","272","272",185946,186026,80,"t","t","250","41","t","Input"
"273","273","273",186285,186369,84,"o","o","251","41","o","Input"
"274","274","274",186487,186601,114,"Space","Space","252","41"," ","Input"
"275","275","275",186810,186861,51,"l","l","253","42","l","Input"
"276","276","276",187035,187129,94,"i","i","254","42","i","Input"
"277","277","277",187382,187465,83,"v","v","255","42","v","Input"
"278","278","278",187647,187722,75,"e","e","256","42","e","Input"
"279","279","279",188586,188697,111,"Space","Space","257","42"," ","Input"
"280","280","280",189099,189194,95,"h","h","258","43","h","Input"
"281","281","281",189402,189564,162,"a","a","259","43","a","Input"
"282","282","282",190027,190091,64,"p","p","260","43","p","Input"
"283","283","283",190428,190601,173,"p","p","261","43","p","Input"
"284","284","284",191287,191370,83,"i","i","262","43","i","Input"
"285","285","285",191627,191706,79,"n","n","263","43","n","Input"
"286","286","286",191945,192042,97,"e","e","264","43","e","Input"
"287","287","287",192170,192250,80,"s","s","265","43","s","Input"
"288","288","288",192346,192409,63,"s","s","266","43","s","Input"
"289","289","289",192697,192859,162,"Space","Space","267","43"," ","Input"
"290","290","290",193770,193851,81,"i","i","268","44","i","Input"
"291","291","291",194778,194874,96,"n","n","269","44","n","Input"
"292","292","292",195195,195274,79,"Space","Space","270","44"," ","Input"
"293","293","293",196229,196346,117,"Backspace","Backspace","269","44"," ","Remove/Cut"
"294","294","294",196491,196602,111,"Backspace","Backspace","268","44","n","Remove/Cut"
"295","295","295",197101,197174,73,"Backspace","Backspace","267","43","i","Remove/Cut"
"296","296","296",198123,198201,78,"w","w","268","44","w","Input"
"297","297","297",198604,198682,78,"i","i","269","44","i","Input"
"298","298","298",199019,199081,62,"t","t","270","44","t","Input"
"299","299","299",199256,199332,76,"h","h","271","44","h","Input"
"300","300","300",199444,199563,119,"Space","Space","272","44"," ","Input"
"301","301","301",199820,199931,111,"o","o","273","45","o","Input"
"302","302","302",201276,201369,93,"t","t","274","45","t","Input"
"303","303","303",201771,201851,80,"h","h","275","45","h","Input"
"304","304","304",202113,202122,9,"e","e","276","45","e","Input"
"305","305","305",202251,202330,79,"r","r","277","45","r","Input"
"306","306","306",202498,202605,107,"Space","Space","278","45"," ","Input"
"307","307","307",202891,202990,99,"p","p","279","46","p","Input"
"308","308","308",203323,203423,100,"e","e","280","46","e","Input"
"309","309","309",203820,203908,88,"o","o","281","46","o","Input"
"310","310","310",204061,204140,79,"p","p","282","46","p","Input"
"311","311","311",204282,204362,80,"l","l","283","46","l","Input"
"312","312","312",204635,204730,95,"e","e","284","46","e","Input"
"313","313","313",207932,208043,111,"Space","Space","285","46"," ","Input"
"314","314","314",209085,209086,1,"i","i","286","47","i","Input"
"315","315","315",209086,209114,28,"s","s","287","47","s","Input"
"316","316","316",209303,209420,117,"Space","Space","288","47"," ","Input"
"317","317","317",210062,210199,137,"g","g","289","48","g","Input"
"318","318","318",210571,210634,63,"o","o","290","48","o","Input"
"319","319","319",210731,210812,81,"o","o","291","48","o","Input"
"320","320","320",211240,211339,99,"d","d","292","48","d","Input"
"321","321","321",211584,211724,140,"Space","Space","293","48"," ","Input"
"322","322","322",215627,215721,94,"c","c","294","49","c","Input"
"323","323","323",216201,216219,18,"u","u","295","49","u","Input"
"324","324","324",216589,216665,76,"l","l","296","49","l","Input"
"325","325","325",217115,217127,12,"t","t","297","49","t","Input"
"326","326","326",217276,217355,79,"u","u","298","49","u","Input"
"327","327","327",217578,217675,97,"r","r","299","49","r","Input"
"328","328","328",217788,217899,111,"e","e","300","49","e","Input"
"329","329","329",218059,218173,114,"Space","Space","301","49"," ","Input"
"330","330","330",218320,218427,107,"a","a","302","50","a","Input"
"331","331","331",218699,218778,79,"n","n","303","50","n","Input"
"332","332","332",219004,219098,94,"d","d","304","50","d","Input"
"333","333","333",219226,219354,128,"Space","Space","305","50"," ","Input"
"334","334","334",222267,222363,96,"c","c","306","51","c","Input"
"335","335","335",222621,222698,77,"h","h","307","51","h","Input"
"336","336","336",222956,223051,95,"a","a","308","51","a","Input"
"337","337","337",223241,223339,98,"r","r","309","51","r","Input"
"338","338","338",223517,223595,78,"a","a","310","51","a","Input"
"339","339","339",225007,225098,91,"c","c","311","51","c","Input"
"340","340","340",225251,225322,71,"t","t","312","51","t","Input"
"341","341","341",225502,225591,89,"e","e","313","51","e","Input"
"342","342","342",225804,225883,79,"r","r","314","51","r","Input"
"343","343","343",226107,226187,80,"s","s","315","51","s","Input"
"344","344","344",228587,228683,96,".",".","316","51",".","Input"
"345","345","345",236987,237140,153,"t","t","317","51","t","Input"
"346","346","346",237307,237403,96,"h","h","318","51","h","Input"
"347","347","347",237626,237707,81,"e","e","319","51","e","Input"
"348","348","348",237868,237979,111,"Space","Space","320","51"," ","Input"
"349","349","349",238515,238605,90,"p","p","321","52","p","Input"
"350","350","350",239257,239356,99,"e","e","322","52","e","Input"
"351","351","351",239675,239755,80,"o","o","323","52","o","Input"
"352","352","352",239915,239979,64,"p","p","324","52","p","Input"
"353","353","353",240143,240218,75,"l","l","325","52","l","Input"
"354","354","354",240475,240571,96,"e","e","326","52","e","Input"
"355","355","355",240843,240970,127,"Space","Space","327","52"," ","Input"
"356","356","356",241515,241630,115,"a","a","328","53","a","Input"
"357","357","357",241834,241920,86,"r","r","329","53","r","Input"
"358","358","358",242023,242132,109,"e","e","330","53","e","Input"
"359","359","359",242320,242445,125,"Space","Space","331","53"," ","Input"
"360","360","360",247281,247388,107,"v","v","332","54","v","Input"
"361","361","361",248054,248160,106,"Backspace","Backspace","331","53","v","Remove/Cut"
"362","362","362",248412,248539,127,"s","s","332","54","s","Input"
"363","363","363",248795,248891,96,"t","t","333","54","t","Input"
"364","364","364",249292,249364,72,"i","i","334","54","i","Input"
"365","365","365",249539,249622,83,"l","l","335","54","l","Input"
"366","366","366",249659,249707,48,"l","l","336","54","l","Input"
"367","367","367",249890,249978,88,"Space","Space","337","54"," ","Input"
"368","368","368",250204,250300,96,"h","h","338","55","h","Input"
"369","369","369",250509,250620,111,"a","a","339","55","a","Input"
"370","370","370",250907,250987,80,"p","p","340","55","p","Input"
"371","371","371",251101,251147,46,"p","p","341","55","p","Input"
"372","372","372",251421,251499,78,"y","y","342","55","y","Input"
"373","373","373",251643,251812,169,"Space","Space","343","55"," ","Input"
"374","374","374",251935,252043,108,"t","t","344","56","t","Input"
"375","375","375",252411,252507,96,"o","o","345","56","o","Input"
"376","376","376",252679,252893,214,"Space","Space","346","56"," ","Input"
"377","377","377",254133,254218,85,"o","o","347","57","o","Input"
"378","378","378",254682,254763,81,"t","t","348","57","t","Input"
"379","379","379",254908,255005,97,"h","h","349","57","h","Input"
"380","380","380",255163,255262,99,"e","e","350","57","e","Input"
"381","381","381",255377,255436,59,"r","r","351","57","r","Input"
"382","382","382",255574,255674,100,"s","s","352","57","s","Input"
"383","383","383",255821,255933,112,"Space","Space","353","57"," ","Input"
"384","384","384",256221,256331,110,"i","i","354","58","i","Input"
"385","385","385",256524,256635,111,"s","s","355","58","s","Input"
"386","386","386",256811,256874,63,"Space","Space","356","58"," ","Input"
"387","387","387",257020,257114,94,"b","b","357","59","b","Input"
"388","388","388",257310,257423,113,"a","a","358","59","a","Input"
"389","389","389",257546,257644,98,"s","s","359","59","s","Input"
"390","390","390",257913,257979,66,"i","i","360","59","i","Input"
"391","391","391",258316,258407,91,"c","c","361","59","c","Input"
"392","392","392",258540,258620,80,"a","a","362","59","a","Input"
"393","393","393",258927,259020,93,"l","l","363","59","l","Input"
"394","394","394",259083,259163,80,"l","l","364","59","l","Input"
"395","395","395",259356,259442,86,"y","y","365","59","y","Input"
"396","396","396",259565,259679,114,"Space","Space","366","59"," ","Input"
"397","397","397",259803,259900,97,"v","v","367","60","v","Input"
"398","398","398",260100,260171,71,"e","e","368","60","e","Input"
"399","399","399",260382,260478,96,"t","t","369","60","t","Input"
"400","400","400",261133,261211,78,"Backspace","Backspace","368","60","t","Remove/Cut"
"401","401","401",261516,261610,94,"r","r","369","60","r","Input"
"402","402","402",261879,261884,5,"y","y","370","60","y","Input"
"403","403","403",262029,262122,93,"Space","Space","371","60"," ","Input"
"404","404","404",262300,262379,79,"i","i","372","61","i","Input"
"405","405","405",262632,262730,98,"m","m","373","61","m","Input"
"406","406","406",262897,262987,90,"p","p","374","61","p","Input"
"407","407","407",263147,263211,64,"o","o","375","61","o","Input"
"408","408","408",263644,263722,78,"r","r","376","61","r","Input"
"409","409","409",263932,263994,62,"t","t","377","61","t","Input"
"410","410","410",264188,264251,63,"a","a","378","61","a","Input"
"411","411","411",264843,265535,692,"a","a","379","61","a","Input"
"412","412","412",265539,265594,55,"n","n","380","61","n","Input"
"413","413","413",266340,266343,3,"t","t","381","61","t","Input"
"414","414","414",266344,266344,0,"Space","Space","382","61"," ","Input"
"415","415","415",267628,267708,80,"i","i","383","62","i","Input"
"416","416","416",267883,267978,95,"n","n","384","62","n","Input"
"417","417","417",268085,268205,120,"Space","Space","385","62"," ","Input"
"418","418","418",268304,268427,123,"o","o","386","63","o","Input"
"419","419","419",268616,268715,99,"u","u","387","63","u","Input"
"420","420","420",268928,269018,90,"r","r","388","63","r","Input"
"421","421","421",269229,269356,127,"Space","Space","389","63"," ","Input"
"422","422","422",269708,269803,95,"l","l","390","64","l","Input"
"423","423","423",270029,270108,79,"i","i","391","64","i","Input"
"424","424","424",270465,270557,92,"f","f","392","64","f","Input"
"425","425","425",270701,270822,121,"e","e","393","64","e","Input"
"426","426","426",272272,272363,91,".",".","394","64",".","Input"
"427","427","427",273782,273892,110,"Leftclick","Leftclick","304","64","NoChange","Nonproduction"
"428","428","428",275039,275115,76,"Leftclick","Leftclick","302","64","NoChange","Nonproduction"
"429","429","429",276447,276565,118,"Leftclick","Leftclick","394","64","NoChange","Nonproduction"
"430","430","430",277436,277499,63,"Enter","Enter","395","64","\n","Input"
"431","431","431",279360,279435,75,"Space","Space","396","64"," ","Input"
"432","432","432",280988,281084,96,"Enter","Enter","397","64","\n","Input"
"433","433","433",282348,282429,81,"Enter","Enter","398","64","\n","Input"
"434","434","434",287709,287788,79,"t","t","399","65","t","Input"
"435","435","435",287998,288076,78,"h","h","400","65","h","Input"
"436","436","436",288476,288573,97,"e","e","401","65","e","Input"
"437","437","437",288833,288969,136,"Space","Space","402","65"," ","Input"
"438","438","438",289850,289932,82,"p","p","403","66","p","Input"
"439","439","439",290461,290556,95,"e","e","404","66","e","Input"
"440","440","440",290876,290939,63,"o","o","405","66","o","Input"
"441","441","441",291084,291149,65,"p","p","406","66","p","Input"
"442","442","442",291293,291371,78,"l","l","407","66","l","Input"
"443","443","443",291774,291867,93,"e","e","408","66","e","Input"
"444","444","444",292045,292157,112,"Space","Space","409","66"," ","Input"
"445","445","445",292288,292395,107,"a","a","410","67","a","Input"
"446","446","446",292541,292636,95,"r","r","411","67","r","Input"
"447","447","447",292741,292835,94,"e","e","412","67","e","Input"
"448","448","448",293038,293168,130,"Space","Space","413","67"," ","Input"
"449","449","449",293488,293564,76,"h","h","414","68","h","Input"
"450","450","450",293805,293883,78,"a","a","415","68","a","Input"
"451","451","451",294254,294985,731,"p","p","416","68","p","Input"
"452","452","452",294986,294988,2,"p","p","417","68","p","Input"
"453","453","453",295215,295315,100,"i","i","418","68","i","Input"
"454","454","454",295533,295614,81,"n","n","419","68","n","Input"
"455","455","455",295885,295964,79,"e","e","420","68","e","Input"
"456","456","456",296132,296187,55,"s","s","421","68","s","Input"
"457","457","457",296294,296381,87,"s","s","422","68","s","Input"
"458","458","458",296669,296796,127,"Space","Space","423","68"," ","Input"
"459","459","459",297709,297791,82,"t","t","424","69","t","Input"
"460","460","460",298060,298124,64,"o","o","425","69","o","Input"
"461","461","461",298301,298415,114,"Space","Space","426","69"," ","Input"
"462","462","462",298585,298686,101,"s","s","427","70","s","Input"
"463","463","463",298964,299036,72,"p","p","428","70","p","Input"
"464","464","464",299350,299420,70,"e","e","429","70","e","Input"
"465","465","465",299567,299642,75,"a","a","430","70","a","Input"
"466","466","466",299965,300043,78,"k","k","431","70","k","Input"
"467","467","467",300207,300306,99,"Space","Space","432","70"," ","Input"
"468","468","468",300514,300603,89,"w","w","433","71","w","Input"
"469","469","469",300908,301011,103,"i","i","434","71","i","Input"
"470","470","470",301194,301260,66,"t","t","435","71","t","Input"
"471","471","471",301428,301522,94,"h","h","436","71","h","Input"
"472","472","472",301632,301757,125,"Space","Space","437","71"," ","Input"
"473","473","473",301928,302023,95,"o","o","438","72","o","Input"
"474","474","474",302508,302589,81,"t","t","439","72","t","Input"
"475","475","475",302814,302891,77,"h","h","440","72","h","Input"
"476","476","476",303156,303179,23,"e","e","441","72","e","Input"
"477","477","477",303307,303388,81,"r","r","442","72","r","Input"
"478","478","478",303533,303628,95,"s","s","443","72","s","Input"
"479","479","479",303917,304047,130,"Space","Space","444","72"," ","Input"
"480","480","480",304866,304940,74,"i","i","445","73","i","Input"
"481","481","481",305328,305420,92,"s","s","446","73","s","Input"
"482","482","482",305644,305741,97,"Space","Space","447","73"," ","Input"
"483","483","483",306941,307019,78,"b","b","448","74","b","Input"
"484","484","484",307960,308044,84,"e","e","449","74","e","Input"
"485","485","485",308397,308491,94,"a","a","450","74","a","Input"
"486","486","486",308750,308845,95,"u","u","451","74","u","Input"
"487","487","487",309021,309108,87,"t","t","452","74","t","Input"
"488","488","488",309388,309468,80,"i","i","453","74","i","Input"
"489","489","489",309775,309867,92,"f","f","454","74","f","Input"
"490","490","490",310078,310172,94,"u","u","455","74","u","Input"
"491","491","491",310373,310460,87,"k","k","456","74","k","Input"
"492","492","492",310385,310444,59,"l","l","457","74","l","Input"
"493","493","493",311085,311165,80,"Backspace","Backspace","456","74","l","Remove/Cut"
"494","494","494",311390,311500,110,"l","l","457","74","l","Input"
"495","495","495",311680,311789,109,"Space","Space","458","74"," ","Input"
"496","496","496",312702,312797,95,"Backspace","Backspace","457","74"," ","Remove/Cut"
"497","497","497",312912,313004,92,"Backspace","Backspace","456","74","l","Remove/Cut"
"498","498","498",313134,313212,78,"Backspace","Backspace","455","74","k","Remove/Cut"
"499","499","499",314381,314480,99,"l","l","456","74","l","Input"
"500","500","500",314749,314891,142,"Space","Space","457","74"," ","Input"
"501","501","501",316015,316108,93,"l","l","458","75","l","Input"
"502","502","502",316622,316717,95,"i","i","459","75","i","Input"
"503","503","503",317038,317088,50,"f","f","460","75","f","Input"
"504","504","504",317214,317292,78,"e","e","461","75","e","Input"
"505","505","505",317501,317611,110,"Space","Space","462","75"," ","Input"
"506","506","506",317917,318014,97,"v","v","463","76","v","Input"
"507","507","507",318812,318892,80,"Backspace","Backspace","462","75","v","Remove/Cut"
"508","508","508",319328,319468,140,"w","w","463","76","w","Input"
"509","509","509",319632,319788,156,"e","e","464","76","e","Input"
"510","510","510",319913,319980,67,"Space","Space","465","76"," ","Input"
"511","511","511",329288,329475,187,"g","g","466","77","g","Input"
"512","512","512",330947,331075,128,"o","o","467","77","o","Input"
"513","513","513",331746,331894,148,"t","t","468","77","t","Input"
"514","514","514",333038,333140,102,"Space","Space","469","77"," ","Input"
"515","515","515",338335,338428,93,".",".","470","77",".","Input"
"516","516","516",340303,340425,122,"i","i","471","78","i","Input"
"517","517","517",340663,340763,100,"t","t","472","78","t","Input"
"518","518","518",341100,341212,112,"Space","Space","473","78"," ","Input"
"519","519","519",341517,341612,95,"s","s","474","79","s","Input"
"520","520","520",341933,342029,96,"h","h","475","79","h","Input"
"521","521","521",342269,342364,95,"o","o","476","79","o","Input"
"522","522","522",342528,342637,109,"u","u","477","79","u","Input"
"523","523","523",342829,342939,110,"l","l","478","79","l","Input"
"524","524","524",343260,343356,96,"d","d","479","79","d","Input"
"525","525","525",343485,343615,130,"Space","Space","480","79"," ","Input"
"526","526","526",343897,344041,144,"h","h","481","80","h","Input"
"527","527","527",344210,344335,125,"o","o","482","80","o","Input"
"528","528","528",344444,344577,133,"p","p","483","80","p","Input"
"529","529","529",344876,344988,112,"e","e","484","80","e","Input"
"530","530","530",345618,345723,105,"f","f","485","80","f","Input"
"531","531","531",345952,346046,94,"u","u","486","80","u","Input"
"532","532","532",346288,346397,109,"l","l","487","80","l","Input"
"533","533","533",346632,346749,117,"Space","Space","488","80"," ","Input"
"534","534","534",348109,348187,78,"t","t","489","81","t","Input"
"535","535","535",348367,348460,93,"h","h","490","81","h","Input"
"536","536","536",348686,348763,77,"a","a","491","81","a","Input"
"537","537","537",348974,349069,95,"t","t","492","81","t","Input"
"538","538","538",349213,349341,128,"Space","Space","493","81"," ","Input"
"539","539","539",349550,349612,62,"t","t","494","82","t","Input"
"540","540","540",349788,349869,81,"h","h","495","82","h","Input"
"541","541","541",350225,350238,13,"e","e","496","82","e","Input"
"542","542","542",350509,350605,96,"y","y","497","82","y","Input"
"543","543","543",350798,350931,133,"Space","Space","498","82"," ","Input"
"544","544","544",354557,354671,114,"w","w","499","83","w","Input"
"545","545","545",354830,354925,95,"e","e","500","83","e","Input"
"546","546","546",355054,355149,95,"r","r","501","83","r","Input"
"547","547","547",355257,355375,118,"e","e","502","83","e","Input"
"548","548","548",355632,355854,222,"Space","Space","503","83"," ","Input"
"549","549","549",358461,358590,129,"b","b","504","84","b","Input"
"550","550","550",358883,358989,106,"e","e","505","84","e","Input"
"551","551","551",359273,359392,119,"c","c","506","84","c","Input"
"552","552","552",359968,360060,92,"o","o","507","84","o","Input"
"553","553","553",360254,360349,95,"m","m","508","84","m","Input"
"554","554","554",360719,360878,159,"e","e","509","84","e","Input"
"555","555","555",361358,361533,175,"Space","Space","510","84"," ","Input"
"556","556","556",362467,362670,203,"a","a","511","85","a","Input"
"557","557","557",362974,363145,171,"Space","Space","512","85"," ","Input"
"558","558","558",367711,367790,79,"f","f","513","86","f","Input"
"559","559","559",368073,368157,84,"u","u","514","86","u","Input"
"560","560","560",368497,368574,77,"l","l","515","86","l","Input"
"561","561","561",368671,368733,62,"l","l","516","86","l","Input"
"562","562","562",368894,369009,115,"Space","Space","517","86"," ","Input"
"563","563","563",369167,369277,110,"o","o","518","87","o","Input"
"564","564","564",369550,369645,95,"f","f","519","87","f","Input"
"565","565","565",369791,369902,111,"Space","Space","520","87"," ","Input"
"566","566","566",370150,370272,122,"h","h","521","88","h","Input"
"567","567","567",370563,370654,91,"a","a","522","88","a","Input"
"568","568","568",371075,371166,91,"p","p","523","88","p","Input"
"569","569","569",371248,371326,78,"p","p","524","88","p","Input"
"570","570","570",371536,371613,77,"i","i","525","88","i","Input"
"571","571","571",371806,371885,79,"n","n","526","88","n","Input"
"572","572","572",372160,372254,94,"e","e","527","88","e","Input"
"573","573","573",372399,372509,110,"s","s","528","88","s","Input"
"574","574","574",372622,372685,63,"s","s","529","88","s","Input"
"575","575","575",374719,374821,102,".",".","530","88",".","Input"
"576","576","576",394529,394640,111,"i","i","531","88","i","Input"
"577","577","577",395164,395246,82,"t","t","532","88","t","Input"
"578","578","578",395648,395745,97,"s","s","533","88","s","Input"
"579","579","579",395951,396097,146,"Space","Space","534","88"," ","Input"
"580","580","580",396307,396407,100,"s","s","535","89","s","Input"
"581","581","581",396802,396894,92,"h","h","536","89","h","Input"
"582","582","582",397216,397310,94,"o","o","537","89","o","Input"
"583","583","583",397504,397599,95,"u","u","538","89","u","Input"
"584","584","584",397804,397904,100,"l","l","539","89","l","Input"
"585","585","585",398258,398383,125,"d","d","540","89","d","Input"
"586","586","586",398496,398624,128,"Space","Space","541","89"," ","Input"
"587","587","587",398752,398862,110,"b","b","542","90","b","Input"
"588","588","588",399056,399166,110,"e","e","543","90","e","Input"
"589","589","589",399329,399454,125,"Space","Space","544","90"," ","Input"
"590","590","590",399792,399885,93,"v","v","545","91","v","Input"
"591","591","591",400049,400159,110,"e","e","546","91","e","Input"
"592","592","592",400479,400586,107,"y","y","547","91","y","Input"
"593","593","593",400758,400883,125,"Space","Space","548","91"," ","Input"
"594","594","594",401875,401919,44,"Backspace","Backspace","547","91"," ","Remove/Cut"
"595","595","595",402112,402228,116,"Backspace","Backspace","546","91","y","Remove/Cut"
"596","596","596",403183,403294,111,"e","e","547","91","e","Input"
"597","597","597",403976,404062,86,"Backspace","Backspace","546","91","e","Remove/Cut"
"598","598","598",404398,404503,105,"r","r","547","91","r","Input"
"599","599","599",404656,404755,99,"y","y","548","91","y","Input"
"600","600","600",404896,405032,136,"Space","Space","549","91"," ","Input"
"601","601","601",405279,405357,78,"i","i","550","92","i","Input"
"602","602","602",405696,405784,88,"n","n","551","92","n","Input"
"603","603","603",406108,406206,98,"t","t","552","92","t","Input"
"604","604","604",406945,406955,10,"e","e","553","92","e","Input"
"605","605","605",406958,406960,2,"r","r","554","92","r","Input"
"606","606","606",407226,407325,99,"m","m","555","92","m","Input"
"607","607","607",407600,407677,77,"i","i","556","92","i","Input"
"608","608","608",408544,408656,112,"a","a","557","92","a","Input"
"609","609","609",409367,409461,94,"t","t","558","92","t","Input"
"610","610","610",409680,409790,110,"e","e","559","92","e","Input"
"611","611","611",412054,412191,137,"Backspace","Backspace","558","92","e","Remove/Cut"
"612","612","612",412320,412470,150,"Backspace","Backspace","557","92","t","Remove/Cut"
"613","613","613",413023,413101,78,"Backspace","Backspace","556","92","a","Remove/Cut"
"614","614","614",414239,414965,726,"d","d","557","92","d","Input"
"615","615","615",414966,414967,1,"i","i","558","92","i","Input"
"616","616","616",415117,415231,114,"a","a","559","92","a","Input"
"617","617","617",415414,415517,103,"t","t","560","92","t","Input"
"618","618","618",415633,415745,112,"e","e","561","92","e","Input"
"619","619","619",416351,416430,79,"l","l","562","92","l","Input"
"620","620","620",416639,416720,81,"y","y","563","92","y","Input"
"621","621","621",417930,417982,52,"n","n","564","92","n","Input"
"622","622","622",418898,418975,77,"Backspace","Backspace","563","92","n","Remove/Cut"
"623","623","623",419226,419336,110,"Space","Space","564","92"," ","Input"
"624","624","624",419727,419804,77,"w","w","565","93","w","Input"
"625","625","625",420112,420190,78,"i","i","566","93","i","Input"
"626","626","626",420427,420478,51,"t","t","567","93","t","Input"
"627","627","627",420639,420759,120,"h","h","568","93","h","Input"
"628","628","628",420815,420926,111,"Space","Space","569","93"," ","Input"
"629","629","629",421200,421295,95,"o","o","570","94","o","Input"
"630","630","630",421711,421791,80,"t","t","571","94","t","Input"
"631","631","631",421929,422032,103,"h","h","572","94","h","Input"
"632","632","632",422211,422301,90,"e","e","573","94","e","Input"
"633","633","633",422414,422495,81,"r","r","574","94","r","Input"
"634","634","634",422624,422719,95,"s","s","575","94","s","Input"
"635","635","635",423584,423664,80,".",".","576","94",".","Input"
"636","636","636",423968,424048,80,"Space","Space","577","94"," ","Input"
"637","637","637",431792,431902,110,"w","w","578","95","w","Input"
"638","638","638",432033,432110,77,"e","e","579","95","e","Input"
"639","639","639",432304,432430,126,"Space","Space","580","95"," ","Input"
"640","640","640",432606,432702,96,"s","s","581","96","s","Input"
"641","641","641",433134,433198,64,"h","h","582","96","h","Input"
"642","642","642",433617,433710,93,"o","o","583","96","o","Input"
"643","643","643",433865,433933,68,"u","u","584","96","u","Input"
"644","644","644",434117,434207,90,"l","l","585","96","l","Input"
"645","645","645",434800,434878,78,"d","d","586","96","d","Input"
"646","646","646",435073,435167,94,"Space","Space","587","96"," ","Input"
"647","647","647",436768,436846,78,"h","h","588","97","h","Input"
"648","648","648",437070,437184,114,"a","a","589","97","a","Input"
"649","649","649",437520,437582,62,"p","p","590","97","p","Input"
"650","650","650",437695,437758,63,"p","p","591","97","p","Input"
"651","651","651",437982,438030,48,"i","i","592","97","i","Input"
"652","652","652",438242,438286,44,"n","n","593","97","n","Input"
"653","653","653",438591,438623,32,"e","e","594","97","e","Input"
"654","654","654",438783,438879,96,"s","s","595","97","s","Input"
"655","655","655",439057,439200,143,"Space","Space","596","97"," ","Input"
"656","656","656",439961,440055,94,"i","i","597","98","i","Input"
"657","657","657",440429,440510,81,"n","n","598","98","n","Input"
"658","658","658",440641,440751,110,"Space","Space","599","98"," ","Input"
"659","659","659",441216,441299,83,"a","a","600","99","a","Input"
"660","660","660",441584,441646,62,"l","l","601","99","l","Input"
"661","661","661",441728,441829,101,"l","l","602","99","l","Input"
"662","662","662",441935,442059,124,"Space","Space","603","99"," ","Input"
"663","663","663",442151,442254,103,"o","o","604","100","o","Input"
"664","664","664",442480,442575,95,"v","v","605","100","v","Input"
"665","665","665",442726,442814,88,"e","e","606","100","e","Input"
"666","666","666",442914,443008,94,"r","r","607","100","r","Input"
"667","667","667",443766,443767,1,"Space","Space","608","100"," ","Input"
"668","668","668",443769,443770,1,"t","t","609","101","t","Input"
"669","669","669",443771,443773,2,"g","g","610","101","g","Input"
"670","670","670",443772,443774,2,"h","h","611","101","h","Input"
"671","671","671",445275,445359,84,"Backspace","Backspace","610","101","h","Remove/Cut"
"672","672","672",445461,445550,89,"Backspace","Backspace","609","101","g","Remove/Cut"
"673","673","673",446383,446463,80,"h","h","610","101","h","Input"
"674","674","674",446656,446718,62,"e","e","611","101","e","Input"
"675","675","675",446882,446991,109,"Space","Space","612","101"," ","Input"
"676","676","676",447152,447234,82,"t","t","613","102","t","Input"
"677","677","677",447585,448287,702,"i","i","614","102","i","Input"
"678","678","678",448292,448294,2,"m","m","615","102","m","Input"
"679","679","679",448296,448299,3,"e","e","616","102","e","Input"
"680","680","680",448414,448526,112,"Space","Space","617","102"," ","Input"
"681","681","681",448867,448958,91,"i","i","618","103","i","Input"
"682","682","682",449414,449459,45,"t","t","619","103","t","Input"
"683","683","683",449584,449712,128,"Space","Space","620","103"," ","Input"
"684","684","684",449904,450008,104,"s","s","621","104","s","Input"
"685","685","685",450421,450478,57,"h","h","622","104","h","Input"
"686","686","686",450848,450926,78,"o","o","623","104","o","Input"
"687","687","687",451104,451168,64,"u","u","624","104","u","Input"
"688","688","688",451380,451439,59,"l","l","625","104","l","Input"
"689","689","689",451789,451855,66,"d","d","626","104","d","Input"
"690","690","690",452023,452144,121,"Space","Space","627","104"," ","Input"
"691","691","691",452320,452416,96,"e","e","628","105","e","Input"
"692","692","692",452559,452638,79,"a","a","629","105","a","Input"
"693","693","693",452768,452846,78,"s","s","630","105","s","Input"
"694","694","694",453694,453759,65,"i","i","631","105","i","Input"
"695","695","695",453904,453983,79,"l","l","632","105","l","Input"
"696","696","696",454148,454222,74,"y","y","633","105","y","Input"
"697","697","697",454383,454495,112,"Space","Space","634","105"," ","Input"
"698","698","698",454601,454687,86,"t","t","635","106","t","Input"
"699","699","699",454939,455041,102,"i","i","636","106","i","Input"
"700","700","700",455896,455897,1,"Backspace","Backspace","635","106","i","Remove/Cut"
"701","701","701",456112,456190,78,"o","o","636","106","o","Input"
"702","702","702",456320,456446,126,"Space","Space","637","106"," ","Input"
"703","703","703",456688,456788,100,"a","a","638","107","a","Input"
"704","704","704",457074,457151,77,"c","c","639","107","c","Input"
"705","705","705",457729,457842,113,"i","i","640","107","i","Input"
"706","706","706",460164,460255,91,"Backspace","Backspace","639","107","i","Remove/Cut"
"707","707","707",460622,460686,64,"h","h","640","107","h","Input"
"708","708","708",460915,461008,93,"i","i","641","107","i","Input"
"709","709","709",461841,461935,94,"v","v","642","107","v","Input"
"710","710","710",462114,462176,62,"e","e","643","107","e","Input"
"711","711","711",463555,463648,93,"Space","Space","644","107"," ","Input"
"712","712","712",464482,464559,77,"t","t","645","108","t","Input"
"713","713","713",464766,464800,34,"h","h","646","108","h","Input"
"714","714","714",465010,465075,65,"e","e","647","108","e","Input"
"715","715","715",465633,465711,78,"i","i","648","108","i","Input"
"716","716","716",465921,465999,78,"r","r","649","108","r","Input"
"717","717","717",466117,466259,142,"Space","Space","650","108"," ","Input"
"718","718","718",466461,466478,17,"g","g","651","109","g","Input"
"719","719","719",466945,466980,35,"o","o","652","109","o","Input"
"720","720","720",467273,467376,103,"a","a","653","109","a","Input"
"721","721","721",467665,467760,95,"l","l","654","109","l","Input"
"722","722","722",468050,468127,77,"s","s","655","109","s","Input"
"723","723","723",468273,468383,110,"Space","Space","656","109"," ","Input"
"724","724","724",468529,468654,125,"a","a","657","110","a","Input"
"725","725","725",469008,469088,80,"n","n","658","110","n","Input"
"726","726","726",469313,469410,97,"d","d","659","110","d","Input"
"727","727","727",469536,469664,128,"Space","Space","660","110"," ","Input"
"728","728","728",470180,470272,92,"l","l","661","111","l","Input"
"729","729","729",470445,470529,84,"i","i","662","111","i","Input"
"730","730","730",470944,471042,98,"f","f","663","111","f","Input"
"731","731","731",471203,471295,92,"e","e","664","111","e","Input"
"732","732","732",471476,471585,109,"Space","Space","665","111"," ","Input"
"733","733","733",471952,472047,95,"p","p","666","112","p","Input"
"734","734","734",472383,472463,80,"r","r","667","112","r","Input"
"735","735","735",472836,472911,75,"o","o","668","112","o","Input"
"736","736","736",473403,473490,87,"s","s","669","112","s","Input"
"737","737","737",473825,473920,95,"p","p","670","112","p","Input"
"738","738","738",474674,474751,77,"e","e","671","112","e","Input"
"739","739","739",474928,476251,1323,"r","r","672","112","r","Input"
"740","740","740",476257,476258,1,"a","a","673","112","a","Input"
"741","741","741",476260,476263,3,"t","t","674","112","t","Input"
"742","742","742",476267,476267,0,"e","e","675","112","e","Input"
"743","743","743",477808,477920,112,".",".","676","112",".","Input"
"744","744","744",480065,480159,94,"i","i","677","112","i","Input"
"745","745","745",480591,480596,5,"t","t","678","112","t","Input"
"746","746","746",480724,480840,116,"Space","Space","679","112"," ","Input"
"747","747","747",482560,482640,80,"t","t","680","113","t","Input"
"748","748","748",483294,483351,57,"h","h","681","113","h","Input"
"749","749","749",483498,483584,86,"a","a","682","113","a","Input"
"750","750","750",483871,483874,3,"t","t","683","113","t","Input"
"751","751","751",484065,484256,191,"Space","Space","684","113"," ","Input"
"752","752","752",487811,487918,107,"b","b","685","114","b","Input"
"753","753","753",493121,493215,94,"e","e","686","114","e","Input"
"754","754","754",493429,493521,92,"c","c","687","114","c","Input"
"755","755","755",493912,493984,72,"o","o","688","114","o","Input"
"756","756","756",494137,494224,87,"m","m","689","114","m","Input"
"757","757","757",494483,494575,92,"e","e","690","114","e","Input"
"758","758","758",494721,494817,96,"Space","Space","691","114"," ","Input"
"759","759","759",495016,495093,77,"a","a","692","115","a","Input"
"760","760","760",495267,495374,107,"Space","Space","693","115"," ","Input"
"761","761","761",497394,497472,78,"g","g","694","116","g","Input"
"762","762","762",497810,497871,61,"o","o","695","116","o","Input"
"763","763","763",497971,498046,75,"o","o","696","116","o","Input"
"764","764","764",498307,498386,79,"d","d","697","116","d","Input"
"765","765","765",498563,498654,91,"Space","Space","698","116"," ","Input"
"766","766","766",499429,499503,74,"f","f","699","117","f","Input"
"767","767","767",499922,500000,78,"o","o","700","117","o","Input"
"768","768","768",500267,500335,68,"r","r","701","117","r","Input"
"769","769","769",500503,500616,113,"Space","Space","702","117"," ","Input"
"770","770","770",501890,501951,61,"o","o","703","118","o","Input"
"771","771","771",502124,502210,86,"u","u","704","118","u","Input"
"772","772","772",502429,502528,99,"r","r","705","118","r","Input"
"773","773","773",502680,502799,119,"Space","Space","706","118"," ","Input"
"774","774","774",503890,504011,121,"s","s","707","119","s","Input"
"775","775","775",504896,504960,64,"Backspace","Backspace","706","118","s","Remove/Cut"
"776","776","776",505410,505504,94,"h","h","707","119","h","Input"
"777","777","777",505726,506458,732,"e","e","708","119","e","Input"
"778","778","778",506461,506466,5,"a","a","709","119","a","Input"
"779","779","779",506833,506911,78,"l","l","710","119","l","Input"
"780","780","780",507125,507186,61,"t","t","711","119","t","Input"
"781","781","781",507362,507440,78,"h","h","712","119","h","Input"
"782","782","782",508913,508991,78,".",".","713","119",".","Input"
"783","783","783",510071,510192,121,"a","a","714","119","a","Input"
"784","784","784",510656,510751,95,"n","n","715","119","n","Input"
"785","785","785",510945,511039,94,"d","d","716","119","d","Input"
"786","786","786",511149,511274,125,"Space","Space","717","119"," ","Input"
"787","787","787",511368,511490,122,"t","t","718","120","t","Input"
"788","788","788",511602,511712,110,"h","h","719","120","h","Input"
"789","789","789",511866,511969,103,"e","e","720","120","e","Input"
"790","790","790",512203,512305,102,"y","y","721","120","y","Input"
"791","791","791",512446,512543,97,"Space","Space","722","120"," ","Input"
"792","792","792",514067,514160,93,"w","w","723","121","w","Input"
"793","793","793",514274,514369,95,"a","a","724","121","a","Input"
"794","794","794",514796,514896,100,"n","n","725","121","n","Input"
"795","795","795",515069,515168,99,"t","t","726","121","t","Input"
"796","796","796",515289,515408,119,"Space","Space","727","121"," ","Input"
"797","797","797",515528,515616,88,"t","t","728","122","t","Input"
"798","798","798",516019,516111,92,"o","o","729","122","o","Input"
"799","799","799",516305,516415,110,"Space","Space","730","122"," ","Input"
"800","800","800",516690,517399,709,"l","l","731","123","l","Input"
"801","801","801",517404,517405,1,"i","i","732","123","i","Input"
"802","802","802",517408,517410,2,"v","v","733","123","v","Input"
"803","803","803",517474,517552,78,"e","e","734","123","e","Input"
"804","804","804",517727,517842,115,"Space","Space","735","123"," ","Input"
"805","805","805",519361,519456,95,"w","w","736","124","w","Input"
"806","806","806",519937,520015,78,"i","i","737","124","i","Input"
"807","807","807",520200,520303,103,"t","t","738","124","t","Input"
"808","808","808",520446,520547,101,"h","h","739","124","h","Input"
"809","809","809",520649,520786,137,"Space","Space","740","124"," ","Input"
"810","810","810",520961,521074,113,"h","h","741","125","h","Input"
"811","811","811",521257,521384,127,"a","a","742","125","a","Input"
"812","812","812",521729,521808,79,"p","p","743","125","p","Input"
"813","813","813",521890,521952,62,"p","p","744","125","p","Input"
"814","814","814",522146,522225,79,"i","i","745","125","i","Input"
"815","815","815",522470,522514,44,"n","n","746","125","n","Input"
"816","816","816",523239,523242,3,"e","e","747","125","e","Input"
"817","817","817",523245,523251,6,"s","s","748","125","s","Input"
"818","818","818",523252,523257,5,"s","s","749","125","s","Input"
"819","819","819",523811,523888,77,"Space","Space","750","125"," ","Input"
"820","820","820",524180,524274,94,"a","a","751","126","a","Input"
"821","821","821",525746,525823,77,"n","n","752","126","n","Input"
"822","822","822",526081,526175,94,"d","d","753","126","d","Input"
"823","823","823",526321,526400,79,"Space","Space","754","126"," ","Input"
"824","824","824",526695,526784,89,"j","j","755","127","j","Input"
"825","825","825",527133,527865,732,"o","o","756","127","o","Input"
"826","826","826",527867,527868,1,"y","y","757","127","y","Input"
"827","827","827",527870,527888,18,"Space","Space","758","127"," ","Input"
"828","828","828",530737,530831,94,"i","i","759","128","i","Input"
"829","829","829",531043,531150,107,"n","n","760","128","n","Input"
"830","830","830",531318,531375,57,"Space","Space","761","128"," ","Input"
"831","831","831",533857,533935,78,"l","l","762","129","l","Input"
"832","832","832",534098,534176,78,"i","i","763","129","i","Input"
"833","833","833",534529,534643,114,"f","f","764","129","f","Input"
"834","834","834",534771,534857,86,"e","e","765","129","e","Input"
"835","835","835",535714,535824,110,".",".","766","129",".","Input"
"836","836","836",543825,543905,80,"t","t","767","129","t","Input"
"837","837","837",544039,544128,89,"h","h","768","129","h","Input"
"838","838","838",544295,544384,89,"e","e","769","129","e","Input"
"839","839","839",544531,544618,87,"Space","Space","770","129"," ","Input"
"840","840","840",544820,544911,91,"p","p","771","130","p","Input"
"841","841","841",546466,546561,95,"e","e","772","130","e","Input"
"842","842","842",546947,547025,78,"o","o","773","130","o","Input"
"843","843","843",547169,547247,78,"p","p","774","130","p","Input"
"844","844","844",547412,547504,92,"l","l","775","130","l","Input"
"845","845","845",547836,547929,93,"e","e","776","130","e","Input"
"846","846","846",548102,548209,107,"s","s","777","130","s","Input"
"847","847","847",548398,548529,131,"Space","Space","778","130"," ","Input"
"848","848","848",549131,549200,69,"a","a","779","131","a","Input"
"849","849","849",549395,549484,89,"r","r","780","131","r","Input"
"850","850","850",549602,549745,143,"e","e","781","131","e","Input"
"851","851","851",549889,550017,128,"Space","Space","782","131"," ","Input"
"852","852","852",551986,552080,94,"b","b","783","132","b","Input"
"853","853","853",552333,552384,51,"e","e","784","132","e","Input"
"854","854","854",552561,552705,144,"Space","Space","785","132"," ","Input"
"855","855","855",554452,554560,108,"a","a","786","133","a","Input"
"856","856","856",554932,555019,87,"l","l","787","133","l","Input"
"857","857","857",555363,555441,78,"w","w","788","133","w","Input"
"858","858","858",555554,555649,95,"a","a","789","133","a","Input"
"859","859","859",556053,556102,49,"y","y","790","133","y","Input"
"860","860","860",556308,556402,94,"s","s","791","133","s","Input"
"861","861","861",556546,556655,109,"Space","Space","792","133"," ","Input"
"862","862","862",557954,558065,111,"g","g","793","134","g","Input"
"863","863","863",558466,558545,79,"o","o","794","134","o","Input"
"864","864","864",558627,558672,45,"o","o","795","134","o","Input"
"865","865","865",558963,559040,77,"d","d","796","134","d","Input"
"866","866","866",559196,559330,134,"Space","Space","797","134"," ","Input"
"867","867","867",559538,559633,95,"a","a","798","135","a","Input"
"868","868","868",561011,561120,109,"Backspace","Backspace","797","134","a","Remove/Cut"
"869","869","869",562033,562146,113,"i","i","798","135","i","Input"
"870","870","870",562327,562385,58,"n","n","799","135","n","Input"
"871","871","871",562482,562611,129,"Space","Space","800","135"," ","Input"
"872","872","872",562710,562833,123,"h","h","801","136","h","Input"
"873","873","873",563054,563155,101,"a","a","802","136","a","Input"
"874","874","874",563539,563559,20,"p","p","803","136","p","Input"
"875","875","875",565201,565205,4,"p","p","804","136","p","Input"
"876","876","876",565835,565937,102,"i","i","805","136","i","Input"
"877","877","877",568992,569105,113,"n","n","806","136","n","Input"
"878","878","878",569422,569520,98,"e","e","807","136","e","Input"
"879","879","879",569650,569735,85,"s","s","808","136","s","Input"
"880","880","880",569826,569889,63,"s","s","809","136","s","Input"
"881","881","881",570418,570563,145,"Space","Space","810","136"," ","Input"
"882","882","882",577091,577154,63,"c","c","811","137","c","Input"
"883","883","883",577651,577712,61,"h","h","812","137","h","Input"
"884","884","884",578038,578129,91,"a","a","813","137","a","Input"
"885","885","885",578548,578625,77,"r","r","814","137","r","Input"
"886","886","886",578820,578912,92,"a","a","815","137","a","Input"
"887","887","887",579315,579376,61,"c","c","816","137","c","Input"
"888","888","888",579586,579632,46,"t","t","817","137","t","Input"
"889","889","889",579795,579887,92,"e","e","818","137","e","Input"
"890","890","890",580035,580098,63,"r","r","819","137","r","Input"
"891","891","891",581812,581969,157,"Space","Space","820","137"," ","Input"
"892","892","892",582577,582673,96,"i","i","821","138","i","Input"
"893","893","893",583012,583105,93,"t","t","822","138","t","Input"
"894","894","894",583226,583348,122,"Space","Space","823","138"," ","Input"
"895","895","895",583663,583714,51,"s","s","824","139","s","Input"
"896","896","896",584038,584066,28,"h","h","825","139","h","Input"
"897","897","897",584627,584704,77,"o","o","826","139","o","Input"
"898","898","898",585426,585427,1,"u","u","827","139","u","Input"
"899","899","899",585429,585429,0,"l","l","828","139","l","Input"
"900","900","900",585636,585766,130,"d","d","829","139","d","Input"
"901","901","901",586015,586148,133,"Space","Space","830","139"," ","Input"
"902","902","902",586774,586864,90,"b","b","831","140","b","Input"
"903","903","903",587076,587153,77,"e","e","832","140","e","Input"
"904","904","904",587336,587473,137,"Space","Space","833","140"," ","Input"
"905","905","905",588387,588464,77,"t","t","834","141","t","Input"
"906","906","906",588644,588737,93,"h","h","835","141","h","Input"
"907","907","907",588962,589040,78,"e","e","836","141","e","Input"
"908","908","908",589299,589425,126,"Space","Space","837","141"," ","Input"
"909","909","909",596164,596286,122,"i","i","838","142","i","Input"
"910","910","910",596439,596529,90,"m","m","839","142","m","Input"
"911","911","911",596801,596865,64,"p","p","840","142","p","Input"
"912","912","912",597186,597265,79,"r","r","841","142","r","Input"
"913","913","913",597603,597696,93,"o","o","842","142","o","Input"
"914","914","914",597955,598033,78,"v","v","843","142","v","Input"
"915","915","915",598210,598304,94,"e","e","844","142","e","Input"
"916","916","916",598648,598754,106,"m","m","845","142","m","Input"
"917","917","917",599054,599154,100,"e","e","846","142","e","Input"
"918","918","918",599434,599536,102,"n","n","847","142","n","Input"
"919","919","919",599746,599841,95,"t","t","848","142","t","Input"
"920","920","920",599972,600127,155,"Space","Space","849","142"," ","Input"
"921","921","921",601227,601329,102,"o","o","850","143","o","Input"
"922","922","922",601860,601971,111,"f","f","851","143","f","Input"
"923","923","923",602102,602261,159,"Space","Space","852","143"," ","Input"
"924","924","924",602871,602961,90,"h","h","853","144","h","Input"
"925","925","925",603282,603285,3,"a","a","854","144","a","Input"
"926","926","926",603666,603729,63,"p","p","855","144","p","Input"
"927","927","927",603907,603970,63,"p","p","856","144","p","Input"
"928","928","928",604321,604339,18,"i","i","857","144","i","Input"
"929","929","929",604532,604613,81,"n","n","858","144","n","Input"
"930","930","930",604866,604913,47,"e","e","859","144","e","Input"
"931","931","931",605071,605154,83,"s","s","860","144","s","Input"
"932","932","932",605243,605330,87,"s","s","861","144","s","Input"
"933","933","933",605507,605618,111,"Space","Space","862","144"," ","Input"
"934","934","934",606213,606306,93,"i","i","863","145","i","Input"
"935","935","935",606525,606576,51,"n","n","864","145","n","Input"
"936","936","936",606723,606853,130,"Space","Space","865","145"," ","Input"
"937","937","937",606974,607085,111,"o","o","866","146","o","Input"
"938","938","938",607273,607389,116,"u","u","867","146","u","Input"
"939","939","939",607585,607683,98,"r","r","868","146","r","Input"
"940","940","940",607805,607922,117,"Space","Space","869","146"," ","Input"
"941","941","941",608289,608385,96,"l","l","870","147","l","Input"
"942","942","942",608564,608641,77,"i","i","871","147","i","Input"
"943","943","943",608915,608992,77,"v","v","872","147","v","Input"
"944","944","944",611305,611427,122,"Backspace","Backspace","871","147","v","Remove/Cut"
"945","945","945",612050,612190,140,"f","f","872","147","f","Input"
"946","946","946",612275,612369,94,"e","e","873","147","e","Input"
"947","947","947",613155,613250,95,".",".","874","147",".","Input"
"948","948","948",613976,614099,123,"t","t","875","147","t","Input"
"949","949","949",615091,615186,95,"h","h","876","147","h","Input"
"950","950","950",615379,615497,118,"e","e","877","147","e","Input"
"951","951","951",615604,615730,126,"Space","Space","878","147"," ","Input"
"952","952","952",616408,616497,89,"p","p","879","148","p","Input"
"953","953","953",616851,616945,94,"e","e","880","148","e","Input"
"954","954","954",617330,617429,99,"o","o","881","148","o","Input"
"955","955","955",617558,617633,75,"p","p","882","148","p","Input"
"956","956","956",617795,617872,77,"l","l","883","148","l","Input"
"957","957","957",618114,618225,111,"e","e","884","148","e","Input"
"958","958","958",618460,618530,70,"Space","Space","885","148"," ","Input"
"959","959","959",618835,618930,95,"w","w","886","149","w","Input"
"960","960","960",619061,619154,93,"a","a","887","149","a","Input"
"961","961","961",619653,619746,93,"n","n","888","149","n","Input"
"962","962","962",619936,620034,98,"t","t","889","149","t","Input"
"963","963","963",620164,620291,127,"Space","Space","890","149"," ","Input"
"964","964","964",620424,620575,151,"t","t","891","150","t","Input"
"965","965","965",620805,620897,92,"o","o","892","150","o","Input"
"966","966","966",621028,621171,143,"Space","Space","893","150"," ","Input"
"967","967","967",621764,621858,94,"l","l","894","151","l","Input"
"968","968","968",622042,622135,93,"i","i","895","151","i","Input"
"969","969","969",622643,622755,112,"f","f","896","151","f","Input"
"970","970","970",623493,623569,76,"Backspace","Backspace","895","151","f","Remove/Cut"
"971","971","971",623875,623969,94,"v","v","896","151","v","Input"
"972","972","972",624132,624209,77,"e","e","897","151","e","Input"
"973","973","973",624415,624533,118,"Space","Space","898","151"," ","Input"
"974","974","974",624835,624913,78,"i","i","899","152","i","Input"
"975","975","975",625090,625205,115,"n","n","900","152","n","Input"
"976","976","976",625335,625474,139,"Space","Space","901","152"," ","Input"
"977","977","977",628828,628914,86,"g","g","902","153","g","Input"
"978","978","978",629460,629675,215,"Backspace","Backspace","901","152","g","Remove/Cut"
"979","979","979",629844,629953,109,"h","h","902","153","h","Input"
"980","980","980",630250,630276,26,"a","a","903","153","a","Input"
"981","981","981",630903,630978,75,"p","p","904","153","p","Input"
"982","982","982",631112,631154,42,"p","p","905","153","p","Input"
"983","983","983",631336,631442,106,"i","i","906","153","i","Input"
"984","984","984",631648,631729,81,"n","n","907","153","n","Input"
"985","985","985",631991,632063,72,"e","e","908","153","e","Input"
"986","986","986",632197,632257,60,"s","s","909","153","s","Input"
"987","987","987",632351,632417,66,"s","s","910","153","s","Input"
"988","988","988",632563,632674,111,"Space","Space","911","153"," ","Input"
"989","989","989",636083,636179,96,"i","i","912","154","i","Input"
"990","990","990",636963,637059,96,"t","t","913","154","t","Input"
"991","991","991",637211,637315,104,"s","s","914","154","s","Input"
"992","992","992",637430,637553,123,"Space","Space","915","154"," ","Input"
"993","993","993",637696,637835,139,"s","s","916","155","s","Input"
"994","994","994",638132,638226,94,"h","h","917","155","h","Input"
"995","995","995",638531,638610,79,"o","o","918","155","o","Input"
"996","996","996",638771,638865,94,"u","u","919","155","u","Input"
"997","997","997",639027,639121,94,"l","l","920","155","l","Input"
"998","998","998",639330,639467,137,"f","f","921","155","f","Input"
"999","999","999",639987,640067,80,"Backspace","Backspace","920","155","f","Remove/Cut"
"1000","1000","1000",640324,640434,110,"d","d","921","155","d","Input"
"1001","1001","1001",640565,640696,131,"Space","Space","922","155"," ","Input"
"1002","1002","1002",641646,641819,173,"b","b","923","156","b","Input"
"1003","1003","1003",642020,642021,1,"e","e","924","156","e","Input"
"1004","1004","1004",642133,642263,130,"Space","Space","925","156"," ","Input"
"1005","1005","1005",642440,642529,89,"e","e","926","157","e","Input"
"1006","1006","1006",642740,642770,30,"a","a","927","157","a","Input"
"1007","1007","1007",642942,642994,52,"s","s","928","157","s","Input"
"1008","1008","1008",643410,643474,64,"i","i","929","157","i","Input"
"1009","1009","1009",643663,643745,82,"l","l","930","157","l","Input"
"1010","1010","1010",643991,644115,124,"y","y","931","157","y","Input"
"1011","1011","1011",644241,644406,165,"Space","Space","932","157"," ","Input"
"1012","1012","1012",646481,646578,97,"m","m","933","158","m","Input"
"1013","1013","1013",646835,646931,96,"a","a","934","158","a","Input"
"1014","1014","1014",647321,647377,56,"j","j","935","158","j","Input"
"1015","1015","1015",648805,648881,76,"Backspace","Backspace","934","158","j","Remove/Cut"
"1016","1016","1016",649179,649272,93,"k","k","935","158","k","Input"
"1017","1017","1017",649508,649619,111,"e","e","936","158","e","Input"
"1018","1018","1018",649741,649875,134,"Space","Space","937","158"," ","Input"
"1019","1019","1019",650070,650161,91,"a","a","938","159","a","Input"
"1020","1020","1020",650388,650498,110,"Space","Space","939","159"," ","Input"
"1021","1021","1021",651862,651953,91,"p","p","940","160","p","Input"
"1022","1022","1022",652246,652355,109,"e","e","941","160","e","Input"
"1023","1023","1023",652710,652801,91,"o","o","942","160","o","Input"
"1024","1024","1024",652930,653009,79,"p","p","943","160","p","Input"
"1025","1025","1025",653149,653234,85,"l","l","944","160","l","Input"
"1026","1026","1026",653504,653602,98,"e","e","945","160","e","Input"
"1027","1027","1027",653765,653874,109,"Space","Space","946","160"," ","Input"
"1028","1028","1028",654277,654370,93,"c","c","947","161","c","Input"
"1029","1029","1029",654948,655042,94,"l","l","948","161","l","Input"
"1030","1030","1030",655238,655332,94,"o","o","949","161","o","Input"
"1031","1031","1031",655612,655715,103,"s","s","950","161","s","Input"
"1032","1032","1032",655843,655937,94,"e","e","951","161","e","Input"
"1033","1033","1033",656101,656194,93,"r","r","952","161","r","Input"
"1034","1034","1034",656820,656930,110,"Space","Space","953","161"," ","Input"
"1035","1035","1035",657220,657330,110,"a","a","954","162","a","Input"
"1036","1036","1036",657829,657922,93,"n","n","955","162","n","Input"
"1037","1037","1037",658117,658227,110,"d","d","956","162","d","Input"
"1038","1038","1038",658335,658462,127,"Space","Space","957","162"," ","Input"
"1039","1039","1039",658613,658706,93,"t","t","958","163","t","Input"
"1040","1040","1040",659830,659922,92,"h","h","959","163","h","Input"
"1041","1041","1041",660227,660321,94,"a","a","960","163","a","Input"
"1042","1042","1042",660531,660631,100,"t","t","961","163","t","Input"
"1043","1043","1043",660789,660937,148,"Space","Space","962","163"," ","Input"
"1044","1044","1044",663908,664036,128,"w","w","963","164","w","Input"
"1045","1045","1045",664180,664258,78,"e","e","964","164","e","Input"
"1046","1046","1046",664446,664596,150,"Space","Space","965","164"," ","Input"
"1047","1047","1047",664851,664946,95,"a","a","966","165","a","Input"
"1048","1048","1048",665101,665210,109,"r","r","967","165","r","Input"
"1049","1049","1049",665320,665487,167,"e","e","968","165","e","Input"
"1050","1050","1050",665620,665762,142,"Space","Space","969","165"," ","Input"
"1051","1051","1051",666341,666465,124,"e","e","970","166","e","Input"
"1052","1052","1052",666613,666748,135,"a","a","971","166","a","Input"
"1053","1053","1053",666869,666963,94,"s","s","972","166","s","Input"
"1054","1054","1054",667414,667489,75,"i","i","973","166","i","Input"
"1055","1055","1055",667648,667748,100,"l","l","974","166","l","Input"
"1056","1056","1056",667976,668082,106,"y","y","975","166","y","Input"
"1057","1057","1057",668241,668419,178,"Space","Space","976","166"," ","Input"
"1058","1058","1058",672278,672371,93,"l","l","977","167","l","Input"
"1059","1059","1059",673094,673106,12,"i","i","978","167","i","Input"
"1060","1060","1060",673109,673111,2,"v","v","979","167","v","Input"
"1061","1061","1061",673113,673138,25,"e","e","980","167","e","Input"
"1062","1062","1062",673350,673458,108,"Space","Space","981","167"," ","Input"
"1063","1063","1063",673647,673747,100,"i","i","982","168","i","Input"
"1064","1064","1064",673913,674019,106,"n","n","983","168","n","Input"
"1065","1065","1065",674118,674227,109,"Space","Space","984","168"," ","Input"
"1066","1066","1066",674382,674486,104,"t","t","985","169","t","Input"
"1067","1067","1067",674629,674722,93,"h","h","986","169","h","Input"
"1068","1068","1068",675064,675163,99,"e","e","987","169","e","Input"
"1069","1069","1069",675252,675365,113,"Space","Space","988","169"," ","Input"
"1070","1070","1070",675477,675571,94,"s","s","989","170","s","Input"
"1071","1071","1071",675941,676034,93,"o","o","990","170","o","Input"
"1072","1072","1072",676276,676355,79,"c","c","991","170","c","Input"
"1073","1073","1073",676608,676706,98,"i","i","992","170","i","Input"
"1074","1074","1074",676976,677707,731,"e","e","993","170","e","Input"
"1075","1075","1075",677711,677712,1,"t","t","994","170","t","Input"
"1076","1076","1076",677714,677714,0,"y","y","995","170","y","Input"
"1077","1077","1077",678539,678595,56,".",".","996","170",".","Input"
"1078","1078","1078",680575,680693,118,"Leftclick","Leftclick","996","170","NoChange","Nonproduction"
"1079","1079","1079",681375,681483,108,"Leftclick","Leftclick","995","170","NoChange","Nonproduction"
"1080","1080","1080",683026,683029,3,"Leftclick","Leftclick","996","170","NoChange","Nonproduction"
"1081","1081","1081",684008,684035,27,"Enter","Enter","997","170","\n","Input"
"1082","1082","1082",685273,685346,73,"Enter","Enter","998","170","\n","Input"
"1083","1083","1083",688019,688114,95,"t","t","999","170","t","Input"
"1084","1084","1084",688288,688370,82,"h","h","1000","170","h","Input"
"1085","1085","1085",688570,688675,105,"e","e","1001","170","e","Input"
"1086","1086","1086",688821,689007,186,"Space","Space","1002","170"," ","Input"
"1087","1087","1087",689988,690143,155,"Backspace","Backspace","1001","170"," ","Remove/Cut"
"1088","1088","1088",690548,690611,63,"Backspace","Backspace","1000","170","e","Remove/Cut"
"1089","1089","1089",690902,690972,70,"Backspace","Backspace","999","170","h","Remove/Cut"
"1090","1090","1090",691335,691410,75,"Backspace","Backspace","998","170","t","Remove/Cut"
"1091","1091","1091",692579,692674,95,"CapsLock","CapsLock","998","170","NoChange","Nonproduction"
"1092","1092","1092",693772,693773,1,"T","T","999","170","T","Input"
"1093","1093","1093",693776,693779,3,"CapsLock","CapsLock","999","170","NoChange","Nonproduction"
"1094","1094","1094",694991,695182,191,"h","h","1000","170","h","Input"
"1095","1095","1095",696118,696275,157,"e","e","1001","170","e","Input"
"1096","1096","1096",696518,696676,158,"Space","Space","1002","170"," ","Input"
"1097","1097","1097",719624,719714,90,"p","p","1003","171","p","Input"
"1098","1098","1098",720684,720773,89,"e","e","1004","171","e","Input"
"1099","1099","1099",721143,721224,81,"o","o","1005","171","o","Input"
"1100","1100","1100",721351,721443,92,"p","p","1006","171","p","Input"
"1101","1101","1101",721601,721683,82,"l","l","1007","171","l","Input"
"1102","1102","1102",721977,722067,90,"e","e","1008","171","e","Input"
"1103","1103","1103",722274,722404,130,"Space","Space","1009","171"," ","Input"
"1104","1104","1104",746886,747029,143,"a","a","1010","172","a","Input"
"1105","1105","1105",747178,747300,122,"r","r","1011","172","r","Input"
"1106","1106","1106",747404,747523,119,"e","e","1012","172","e","Input"
"1107","1107","1107",747701,747855,154,"Space","Space","1013","172"," ","Input"
"1108","1108","1108",755289,755395,106,"b","b","1014","173","b","Input"
"1109","1109","1109",755590,755684,94,"e","e","1015","173","e","Input"
"1110","1110","1110",756037,756116,79,"c","c","1016","173","c","Input"
"1111","1111","1111",756534,756620,86,"o","o","1017","173","o","Input"
"1112","1112","1112",756761,756840,79,"m","m","1018","173","m","Input"
"1113","1113","1113",757083,757171,88,"e","e","1019","173","e","Input"
"1114","1114","1114",757334,757429,95,"Space","Space","1020","173"," ","Input"
"1115","1115","1115",757632,757748,116,"a","a","1021","174","a","Input"
"1116","1116","1116",757922,758053,131,"Space","Space","1022","174"," ","Input"
"1117","1117","1117",759175,759363,188,"p","p","1023","175","p","Input"
"1118","1118","1118",767175,767336,161,"o","o","1024","175","o","Input"
"1119","1119","1119",768176,768227,51,"Backspace","Backspace","1023","175","o","Remove/Cut"
"1120","1120","1120",768582,768660,78,"r","r","1024","175","r","Input"
"1121","1121","1121",769002,769091,89,"o","o","1025","175","o","Input"
"1122","1122","1122",770179,770277,98,"t","t","1026","175","t","Input"
"1123","1123","1123",770461,770548,87,"e","e","1027","175","e","Input"
"1124","1124","1124",770878,770902,24,"c","c","1028","175","c","Input"
"1125","1125","1125",771111,771187,76,"t","t","1029","175","t","Input"
"1126","1126","1126",771542,771618,76,"i","i","1030","175","i","Input"
"1127","1127","1127",771846,771924,78,"v","v","1031","175","v","Input"
"1128","1128","1128",772088,772164,76,"e","e","1032","175","e","Input"
"1129","1129","1129",772358,772543,185,"Space","Space","1033","175"," ","Input"
"1130","1130","1130",776289,776340,51,"i","i","1034","176","i","Input"
"1131","1131","1131",776569,776660,91,"n","n","1035","176","n","Input"
"1132","1132","1132",776822,776948,126,"Space","Space","1036","176"," ","Input"
"1133","1133","1133",777897,777971,74,"h","h","1037","177","h","Input"
"1134","1134","1134",778283,778378,95,"e","e","1038","177","e","Input"
"1135","1135","1135",778555,778645,90,"Space","Space","1039","177"," ","Input"
"1136","1136","1136",778983,779133,150,"s","s","1040","178","s","Input"
"1137","1137","1137",779445,779513,68,"o","o","1041","178","o","Input"
"1138","1138","1138",779872,779945,73,"c","c","1042","178","c","Input"
"1139","1139","1139",780135,780241,106,"i","i","1043","178","i","Input"
"1140","1140","1140",780568,780675,107,"e","e","1044","178","e","Input"
"1141","1141","1141",780886,780963,77,"t","t","1045","178","t","Input"
"1142","1142","1142",781130,781203,73,"y","y","1046","178","y","Input"
"1143","1143","1143",781719,781869,150,"Space","Space","1047","178"," ","Input"
"1144","1144","1144",782460,782564,104,"w","w","1048","179","w","Input"
"1145","1145","1145",782678,782771,93,"e","e","1049","179","e","Input"
"1146","1146","1146",782903,783030,127,"Space","Space","1050","179"," ","Input"
"1147","1147","1147",783191,783283,92,"w","w","1051","180","w","Input"
"1148","1148","1148",783398,783491,93,"a","a","1052","180","a","Input"
"1149","1149","1149",783957,783989,32,"b","b","1053","180","b","Input"
"1150","1150","1150",784710,784772,62,"Backspace","Backspace","1052","180","b","Remove/Cut"
"1151","1151","1151",785568,785569,1,"n","n","1053","180","n","Input"
"1152","1152","1152",785572,785572,0,"t","t","1054","180","t","Input"
"1153","1153","1153",785575,785604,29,"Space","Space","1055","180"," ","Input"
"1154","1154","1154",785702,785812,110,"t","t","1056","181","t","Input"
"1155","1155","1155",786177,786185,8,"o","o","1057","181","o","Input"
"1156","1156","1156",786230,786358,128,"Space","Space","1058","181"," ","Input"
"1157","1157","1157",786711,786788,77,"m","m","1059","182","m","Input"
"1158","1158","1158",786950,787043,93,"i","i","1060","182","i","Input"
"1159","1159","1159",787196,787283,87,"n","n","1061","182","n","Input"
"1160","1160","1160",787446,787570,124,"g","g","1062","182","g","Input"
"1161","1161","1161",787883,787955,72,"l","l","1063","182","l","Input"
"1162","1162","1162",788195,788291,96,"e","e","1064","182","e","Input"
"1163","1163","1163",788446,788550,104,"Space","Space","1065","182"," ","Input"
"1164","1164","1164",789128,789219,91,"t","t","1066","183","t","Input"
"1165","1165","1165",789399,789492,93,"h","h","1067","183","h","Input"
"1166","1166","1166",789671,789748,77,"e","e","1068","183","e","Input"
"1167","1167","1167",789917,789988,71,"Space","Space","1069","183"," ","Input"
"1168","1168","1168",790103,790252,149,"s","s","1070","184","s","Input"
"1169","1169","1169",790630,790730,100,"o","o","1071","184","o","Input"
"1170","1170","1170",791007,791109,102,"c","c","1072","184","c","Input"
"1171","1171","1171",791559,791668,109,"i","i","1073","184","i","Input"
"1172","1172","1172",792010,792116,106,"e","e","1074","184","e","Input"
"1173","1173","1173",792279,792356,77,"r","r","1075","184","r","Input"
"1174","1174","1174",793068,793156,88,"Backspace","Backspace","1074","184","r","Remove/Cut"
"1175","1175","1175",793430,793525,95,"t","t","1075","184","t","Input"
"1176","1176","1176",793649,793764,115,"y","y","1076","184","y","Input"
"1177","1177","1177",793883,794024,141,"Space","Space","1077","184"," ","Input"
"1178","1178","1178",797366,797460,94,"b","b","1078","185","b","Input"
"1179","1179","1179",797673,797748,75,"y","y","1079","185","y","Input"
"1180","1180","1180",797912,798020,108,"Space","Space","1080","185"," ","Input"
"1181","1181","1181",798134,798230,96,"t","t","1081","186","t","Input"
"1182","1182","1182",798516,798519,3,"h","h","1082","186","h","Input"
"1183","1183","1183",798598,798708,110,"e","e","1083","186","e","Input"
"1184","1184","1184",798823,798932,109,"Space","Space","1084","186"," ","Input"
"1185","1185","1185",799656,799743,87,"h","h","1085","187","h","Input"
"1186","1186","1186",800021,800722,701,"a","a","1086","187","a","Input"
"1187","1187","1187",800038,800725,687,"s","s","1087","187","s","Input"
"1188","1188","1188",800727,800729,2,"p","p","1088","187","p","Input"
"1189","1189","1189",800777,800868,91,"p","p","1089","187","p","Input"
"1190","1190","1190",801021,801108,87,"i","i","1090","187","i","Input"
"1191","1191","1191",801321,801432,111,"n","n","1091","187","n","Input"
"1192","1192","1192",801657,801748,91,"e","e","1092","187","e","Input"
"1193","1193","1193",801895,802004,109,"s","s","1093","187","s","Input"
"1194","1194","1194",802089,802196,107,"s","s","1094","187","s","Input"
"1195","1195","1195",805528,806015,487,"Backspace","Backspace","1093","187","s","Remove/Cut"
"1196","1196","1196",806015,806061,46,"Backspace","Backspace","1092","187","s","Remove/Cut"
"1197","1197","1197",806061,806093,32,"Backspace","Backspace","1091","187","e","Remove/Cut"
"1198","1198","1198",806093,806126,33,"Backspace","Backspace","1090","187","n","Remove/Cut"
"1199","1199","1199",806126,806161,35,"Backspace","Backspace","1089","187","i","Remove/Cut"
"1200","1200","1200",806161,806191,30,"Backspace","Backspace","1088","187","p","Remove/Cut"
"1201","1201","1201",806191,806496,305,"Backspace","Backspace","1087","187","p","Remove/Cut"
"1202","1202","1202",806496,806500,4,"Backspace","Backspace","1086","187","s","Remove/Cut"
"1203","1203","1203",806500,806500,0,"Backspace","Backspace","1085","187","a","Remove/Cut"
"1204","1204","1204",806776,806918,142,"Backspace","Backspace","1084","186","h","Remove/Cut"
"1205","1205","1205",807944,808036,92,"h","h","1085","187","h","Input"
"1206","1206","1206",808258,808356,98,"a","a","1086","187","a","Input"
"1207","1207","1207",808726,808806,80,"p","p","1087","187","p","Input"
"1208","1208","1208",808899,808964,65,"p","p","1088","187","p","Input"
"1209","1209","1209",809163,809237,74,"i","i","1089","187","i","Input"
"1210","1210","1210",809413,809493,80,"n","n","1090","187","n","Input"
"1211","1211","1211",809718,809796,78,"e","e","1091","187","e","Input"
"1212","1212","1212",809972,810020,48,"s","s","1092","187","s","Input"
"1213","1213","1213",810120,810197,77,"s","s","1093","187","s","Input"
"1214","1214","1214",811159,811268,109,"Space","Space","1094","187"," ","Input"
"1215","1215","1215",811607,811700,93,"i","i","1095","188","i","Input"
"1216","1216","1216",811851,811967,116,"n","n","1096","188","n","Input"
"1217","1217","1217",812054,812780,726,"Space","Space","1097","188"," ","Input"
"1218","1218","1218",812783,812784,1,"l","l","1098","189","l","Input"
"1219","1219","1219",812791,812901,110,"i","i","1099","189","i","Input"
"1220","1220","1220",813479,813572,93,"f","f","1100","189","f","Input"
"1221","1221","1221",813718,813814,96,"e","e","1101","189","e","Input"
"1222","1222","1222",814446,814532,86,".",".","1102","189",".","Input"
"1223","1223","1223",815063,815149,86,"t","t","1103","189","t","Input"
"1224","1224","1224",815336,815428,92,"h","h","1104","189","h","Input"
"1225","1225","1225",815719,815764,45,"a","a","1105","189","a","Input"
"1226","1226","1226",816039,816102,63,"t","t","1106","189","t","Input"
"1227","1227","1227",816279,816388,109,"Space","Space","1107","189"," ","Input"
"1228","1228","1228",816502,816636,134,"t","t","1108","190","t","Input"
"1229","1229","1229",816745,816836,91,"h","h","1109","190","h","Input"
"1230","1230","1230",817031,817117,86,"e","e","1110","190","e","Input"
"1231","1231","1231",817366,817448,82,"y","y","1111","190","y","Input"
"1232","1232","1232",817585,817702,117,"Space","Space","1112","190"," ","Input"
"1233","1233","1233",817867,817975,108,"a","a","1113","191","a","Input"
"1234","1234","1234",818138,818229,91,"r","r","1114","191","r","Input"
"1235","1235","1235",818336,818454,118,"e","e","1115","191","e","Input"
"1236","1236","1236",818632,818805,173,"Space","Space","1116","191"," ","Input"
"1237","1237","1237",821928,822024,96,"w","w","1117","192","w","Input"
"1238","1238","1238",822409,823097,688,"i","i","1118","192","i","Input"
"1239","1239","1239",823099,823100,1,"s","s","1119","192","s","Input"
"1240","1240","1240",823102,823103,1,"w","w","1120","192","w","Input"
"1241","1241","1241",823270,823413,143,"Space","Space","1121","192"," ","Input"
"1242","1242","1242",824360,824437,77,"Backspace","Backspace","1120","192"," ","Remove/Cut"
"1243","1243","1243",824723,824790,67,"l","l","1121","192","l","Input"
"1244","1244","1244",825078,825186,108,"y","y","1122","192","y","Input"
"1245","1245","1245",825319,825428,109,"Space","Space","1123","192"," ","Input"
"1246","1246","1246",826067,826164,97,"m","m","1124","193","m","Input"
"1247","1247","1247",826428,826517,89,"a","a","1125","193","a","Input"
"1248","1248","1248",827445,827541,96,"a","a","1126","193","a","Input"
"1249","1249","1249",827846,827908,62,"g","g","1127","193","g","Input"
"1250","1250","1250",828104,828181,77,"e","e","1128","193","e","Input"
"1251","1251","1251",828342,828545,203,"Space","Space","1129","193"," ","Input"
"1252","1252","1252",828696,828757,61,"u","u","1130","194","u","Input"
"1253","1253","1253",830345,831076,731,"Backspace","Backspace","1129","193","u","Remove/Cut"
"1254","1254","1254",831080,831081,1,"Backspace","Backspace","1128","193"," ","Remove/Cut"
"1255","1255","1255",831084,831085,1,"Backspace","Backspace","1127","193","e","Remove/Cut"
"1256","1256","1256",831087,831088,1,"Backspace","Backspace","1126","193","g","Remove/Cut"
"1257","1257","1257",831093,831190,97,"Backspace","Backspace","1125","193","a","Remove/Cut"
"1258","1258","1258",831303,831408,105,"Backspace","Backspace","1124","193","a","Remove/Cut"
"1259","1259","1259",831446,831556,110,"Backspace","Backspace","1123","192","m","Remove/Cut"
"1260","1260","1260",831623,831732,109,"Backspace","Backspace","1122","192"," ","Remove/Cut"
"1261","1261","1261",831799,831892,93,"Backspace","Backspace","1121","192","y","Remove/Cut"
"1262","1262","1262",832008,832101,93,"Backspace","Backspace","1120","192","l","Remove/Cut"
"1263","1263","1263",832417,832532,115,"Backspace","Backspace","1119","192","w","Remove/Cut"
"1264","1264","1264",833445,833541,96,"e","e","1120","192","e","Input"
"1265","1265","1265",834136,834824,688,"l","l","1121","192","l","Input"
"1266","1266","1266",834826,834828,2,"y","y","1122","192","y","Input"
"1267","1267","1267",834832,834854,22,"Space","Space","1123","192"," ","Input"
"1268","1268","1268",836903,836996,93,"m","m","1124","193","m","Input"
"1269","1269","1269",837310,837971,661,"a","a","1125","193","a","Input"
"1270","1270","1270",837975,837976,1,"n","n","1126","193","n","Input"
"1271","1271","1271",838647,838668,21,"a","a","1127","193","a","Input"
"1272","1272","1272",838671,838693,22,"g","g","1128","193","g","Input"
"1273","1273","1273",838881,838963,82,"e","e","1129","193","e","Input"
"1274","1274","1274",839136,839242,106,"Space","Space","1130","193"," ","Input"
"1275","1275","1275",839590,840910,1320,"i","i","1131","194","i","Input"
"1276","1276","1276",840913,840914,1,"n","n","1132","194","n","Input"
"1277","1277","1277",840917,840918,1,"Space","Space","1133","194"," ","Input"
"1278","1278","1278",840921,840922,1,"t","t","1134","195","t","Input"
"1279","1279","1279",840925,840926,1,"h","h","1135","195","h","Input"
"1280","1280","1280",840930,840931,1,"e","e","1136","195","e","Input"
"1281","1281","1281",841600,841613,13,"Space","Space","1137","195"," ","Input"
"1282","1282","1282",858541,859337,796,"p","p","1138","196","p","Input"
"1283","1283","1283",859834,860012,178,"Backspace","Backspace","1137","195","p","Remove/Cut"
"1284","1284","1284",860580,860628,48,"p","p","1138","196","p","Input"
"1285","1285","1285",860983,861715,732,"a","a","1139","196","a","Input"
"1286","1286","1286",861719,861720,1,"r","r","1140","196","r","Input"
"1287","1287","1287",861722,861723,1,"t","t","1141","196","t","Input"
"1288","1288","1288",861830,861927,97,"Space","Space","1142","196"," ","Input"
"1289","1289","1289",862126,862890,764,"o","o","1143","197","o","Input"
"1290","1290","1290",862892,862896,4,"g","g","1144","197","g","Input"
"1291","1291","1291",863591,863592,1,"Backspace","Backspace","1143","197","g","Remove/Cut"
"1292","1292","1292",863594,863595,1,"f","f","1144","197","f","Input"
"1293","1293","1293",863597,863654,57,"Space","Space","1145","197"," ","Input"
"1294","1294","1294",863950,864025,75,"l","l","1146","198","l","Input"
"1295","1295","1295",865397,865408,11,"i","i","1147","198","i","Input"
"1296","1296","1296",865411,865413,2,"f","f","1148","198","f","Input"
"1297","1297","1297",865416,865419,3,"e","e","1149","198","e","Input"
"1298","1298","1298",865569,868459,2890,".",".","1150","198",".","Input"
"1299","1299","1299",868472,868473,1,"t","t","1151","198","t","Input"
"1300","1300","1300",868477,868478,1,"h","h","1152","198","h","Input"
"1301","1301","1301",868615,868693,78,"e","e","1153","198","e","Input"
"1302","1302","1302",868820,868934,114,"Space","Space","1154","198"," ","Input"
"1303","1303","1303",869447,869524,77,"p","p","1155","199","p","Input"
"1304","1304","1304",870057,870131,74,"e","e","1156","199","e","Input"
"1305","1305","1305",870533,871213,680,"o","o","1157","199","o","Input"
"1306","1306","1306",871216,871217,1,"p","p","1158","199","p","Input"
"1307","1307","1307",871220,871221,1,"l","l","1159","199","l","Input"
"1308","1308","1308",871350,871445,95,"e","e","1160","199","e","Input"
"1309","1309","1309",871615,871751,136,"Space","Space","1161","199"," ","Input"
"1310","1310","1310",878231,878965,734,"a","a","1162","200","a","Input"
"1311","1311","1311",878969,878970,1,"r","r","1163","200","r","Input"
"1312","1312","1312",878972,878973,1,"e","e","1164","200","e","Input"
"1313","1313","1313",878979,879077,98,"Space","Space","1165","200"," ","Input"
"1314","1314","1314",880553,880628,75,"h","h","1166","201","h","Input"
"1315","1315","1315",880929,881012,83,"a","a","1167","201","a","Input"
"1316","1316","1316",881528,881619,91,"p","p","1168","201","p","Input"
"1317","1317","1317",881853,881908,55,"p","p","1169","201","p","Input"
"1318","1318","1318",882104,882198,94,"i","i","1170","201","i","Input"
"1319","1319","1319",883521,883527,6,"n","n","1171","201","n","Input"
"1320","1320","1320",883530,883530,0,"e","e","1172","201","e","Input"
"1321","1321","1321",883534,883535,1,"s","s","1173","201","s","Input"
"1322","1322","1322",883538,883539,1,"Space","Space","1174","201"," ","Input"
"1323","1323","1323",884136,884881,745,"Backspace","Backspace","1173","201"," ","Remove/Cut"
"1324","1324","1324",884885,884886,1,"s","s","1174","201","s","Input"
"1325","1325","1325",884888,884916,28,"Space","Space","1175","201"," ","Input"
"1326","1326","1326",886069,886149,80,"t","t","1176","202","t","Input"
"1327","1327","1327",886551,886596,45,"i","i","1177","202","i","Input"
"1328","1328","1328",887111,887189,78,"Backspace","Backspace","1176","202","i","Remove/Cut"
"1329","1329","1329",887413,887528,115,"o","o","1177","202","o","Input"
"1330","1330","1330",887641,887809,168,"Space","Space","1178","202"," ","Input"
"1331","1331","1331",888717,888740,23,"l","l","1179","203","l","Input"
"1332","1332","1332",890292,890309,17,"i","i","1180","203","i","Input"
"1333","1333","1333",890312,890314,2,"v","v","1181","203","v","Input"
"1334","1334","1334",890317,890318,1,"e","e","1182","203","e","Input"
"1335","1335","1335",890320,890322,2,"Space","Space","1183","203"," ","Input"
"1336","1336","1336",890325,890327,2,"i","i","1184","204","i","Input"
"1337","1337","1337",890331,890419,88,"n","n","1185","204","n","Input"
"1338","1338","1338",890518,890628,110,"Space","Space","1186","204"," ","Input"
"1339","1339","1339",890759,890869,110,"t","t","1187","205","t","Input"
"1340","1340","1340",891000,891092,92,"h","h","1188","205","h","Input"
"1341","1341","1341",891310,891362,52,"e","e","1189","205","e","Input"
"1342","1342","1342",891788,891927,139,"i","i","1190","205","i","Input"
"1343","1343","1343",892056,892149,93,"r","r","1191","205","r","Input"
"1344","1344","1344",892262,892389,127,"Space","Space","1192","205"," ","Input"
"1345","1345","1345",892535,892628,93,"s","s","1193","206","s","Input"
"1346","1346","1346",892959,893061,102,"o","o","1194","206","o","Input"
"1347","1347","1347",893335,893429,94,"c","c","1195","206","c","Input"
"1348","1348","1348",893801,893862,61,"i","i","1196","206","i","Input"
"1349","1349","1349",894248,894368,120,"e","e","1197","206","e","Input"
"1350","1350","1350",894535,894628,93,"t","t","1198","206","t","Input"
"1351","1351","1351",894763,894853,90,"y","y","1199","206","y","Input"
"1352","1352","1352",895268,895483,215,"Space","Space","1200","206"," ","Input"
"1353","1353","1353",900984,901078,94,"i","i","1201","207","i","Input"
"1354","1354","1354",901433,901556,123,"s","s","1202","207","s","Input"
"1355","1355","1355",901757,901847,90,"Space","Space","1203","207"," ","Input"
"1356","1356","1356",903783,903951,168,"t","t","1204","208","t","Input"
"1357","1357","1357",904184,904278,94,"o","o","1205","208","o","Input"
"1358","1358","1358",904408,904532,124,"Space","Space","1206","208"," ","Input"
"1359","1359","1359",905071,905206,135,"a","a","1207","209","a","Input"
"1360","1360","1360",905504,905589,85,"c","c","1208","209","c","Input"
"1361","1361","1361",906679,906794,115,"h","h","1209","209","h","Input"
"1362","1362","1362",906919,907013,94,"i","i","1210","209","i","Input"
"1363","1363","1363",907209,907318,109,"v","v","1211","209","v","Input"
"1364","1364","1364",908345,908422,77,"Backspace","Backspace","1210","209","v","Remove/Cut"
"1365","1365","1365",908743,908835,92,"e","e","1211","209","e","Input"
"1366","1366","1366",909079,909173,94,"v","v","1212","209","v","Input"
"1367","1367","1367",909363,909448,85,"e","e","1213","209","e","Input"
"1368","1368","1368",909672,909813,141,"Space","Space","1214","209"," ","Input"
"1369","1369","1369",910507,910581,74,"t","t","1215","210","t","Input"
"1370","1370","1370",910754,910853,99,"h","h","1216","210","h","Input"
"1371","1371","1371",911037,911148,111,"e","e","1217","210","e","Input"
"1372","1372","1372",911610,911685,75,"i","i","1218","210","i","Input"
"1373","1373","1373",911899,911988,89,"r","r","1219","210","r","Input"
"1374","1374","1374",912091,912247,156,"Space","Space","1220","210"," ","Input"
"1375","1375","1375",912745,912821,76,"g","g","1221","211","g","Input"
"1376","1376","1376",913194,913268,74,"o","o","1222","211","o","Input"
"1377","1377","1377",913569,913669,100,"a","a","1223","211","a","Input"
"1378","1378","1378",914023,914101,78,"l","l","1224","211","l","Input"
"1379","1379","1379",914365,914459,94,"s","s","1225","211","s","Input"
"1380","1380","1380",925788,925956,168,"Leftclick","Leftclick","1225","211","NoChange","Nonproduction"
"1381","1381","1381",928200,928278,78,".",".","1226","211",".","Input"
"1382","1382","1382",929209,929301,92,"i","i","1227","211","i","Input"
"1383","1383","1383",929544,929622,78,"t","t","1228","211","t","Input"
"1384","1384","1384",929800,929923,123,"s","s","1229","211","s","Input"
"1385","1385","1385",930040,930166,126,"Space","Space","1230","211"," ","Input"
"1386","1386","1386",930473,930575,102,"w","w","1231","212","w","Input"
"1387","1387","1387",930681,930775,94,"a","a","1232","212","a","Input"
"1388","1388","1388",931461,931559,98,"s","s","1233","212","s","Input"
"1389","1389","1389",931695,931830,135,"Space","Space","1234","212"," ","Input"
"1390","1390","1390",932006,932144,138,"a","a","1235","213","a","Input"
"1391","1391","1391",932242,932358,116,"Space","Space","1236","213"," ","Input"
"1392","1392","1392",933316,933398,82,"p","p","1237","214","p","Input"
"1393","1393","1393",933720,933797,77,"a","a","1238","214","a","Input"
"1394","1394","1394",934211,934293,82,"r","r","1239","214","r","Input"
"1395","1395","1395",934552,934630,78,"t","t","1240","214","t","Input"
"1396","1396","1396",934944,934951,7,"Space","Space","1241","214"," ","Input"
"1397","1397","1397",935321,935324,3,"o","o","1242","215","o","Input"
"1398","1398","1398",935608,935700,92,"f","f","1243","215","f","Input"
"1399","1399","1399",935802,935926,124,"Space","Space","1244","215"," ","Input"
"1400","1400","1400",936756,936760,4,"l","l","1245","216","l","Input"
"1401","1401","1401",936937,937013,76,"i","i","1246","216","i","Input"
"1402","1402","1402",937225,937319,94,"f","f","1247","216","f","Input"
"1403","1403","1403",937465,937558,93,"e","e","1248","216","e","Input"
"1404","1404","1404",938026,938198,172,"Space","Space","1249","216"," ","Input"
"1405","1405","1405",941863,942015,152,"Space","Space","1250","216"," ","Input"
"1406","1406","1406",942921,942997,76,"Backspace","Backspace","1249","216"," ","Remove/Cut"
"1407","1407","1407",947366,947462,96,"t","t","1250","217","t","Input"
"1408","1408","1408",947847,947924,77,"o","o","1251","217","o","Input"
"1409","1409","1409",948093,948220,127,"Space","Space","1252","217"," ","Input"
"1410","1410","1410",948391,948470,79,"b","b","1253","218","b","Input"
"1411","1411","1411",948680,948761,81,"e","e","1254","218","e","Input"
"1412","1412","1412",948905,949013,108,"Space","Space","1255","218"," ","Input"
"1413","1413","1413",950874,950991,117,"a","a","1256","219","a","Input"
"1414","1414","1414",951202,951331,129,"Space","Space","1257","219"," ","Input"
"1415","1415","1415",954666,954741,75,"i","i","1258","220","i","Input"
"1416","1416","1416",954982,955046,64,"m","m","1259","220","m","Input"
"1417","1417","1417",955304,955365,61,"p","p","1260","220","p","Input"
"1418","1418","1418",955709,955797,88,"r","r","1261","220","r","Input"
"1419","1419","1419",956163,956273,110,"o","o","1262","220","o","Input"
"1420","1420","1420",956571,956705,134,"v","v","1263","220","v","Input"
"1421","1421","1421",956840,956886,46,"i","i","1264","220","i","Input"
"1422","1422","1422",957161,957237,76,"n","n","1265","220","n","Input"
"1423","1423","1423",957418,957511,93,"g","g","1266","220","g","Input"
"1424","1424","1424",957704,957872,168,"Space","Space","1267","220"," ","Input"
"1425","1425","1425",958505,958582,77,"t","t","1268","221","t","Input"
"1426","1426","1426",958773,958838,65,"h","h","1269","221","h","Input"
"1427","1427","1427",959054,959126,72,"e","e","1270","221","e","Input"
"1428","1428","1428",959561,959608,47,"i","i","1271","221","i","Input"
"1429","1429","1429",959833,959910,77,"r","r","1272","221","r","Input"
"1430","1430","1430",960028,960152,124,"Space","Space","1273","221"," ","Input"
"1431","1431","1431",960651,960727,76,"h","h","1274","222","h","Input"
"1432","1432","1432",960954,961015,61,"u","u","1275","222","u","Input"
"1433","1433","1433",961274,961319,45,"m","m","1276","222","m","Input"
"1434","1434","1434",961673,961734,61,"a","a","1277","222","a","Input"
"1435","1435","1435",962265,962342,77,"n","n","1278","222","n","Input"
"1436","1436","1436",962602,962678,76,"u","u","1279","222","u","Input"
"1437","1437","1437",963318,963371,53,"Backspace","Backspace","1278","222","u","Remove/Cut"
"1438","1438","1438",963672,963750,78,"i","i","1279","222","i","Input"
"1439","1439","1439",964167,964262,95,"y","y","1280","222","y","Input"
"1440","1440","1440",966490,966567,77,".",".","1281","222",".","Input"
"1441","1441","1441",967774,967864,90,"i","i","1282","222","i","Input"
"1442","1442","1442",968460,968551,91,"t","t","1283","222","t","Input"
"1443","1443","1443",968712,968839,127,"Space","Space","1284","222"," ","Input"
"1444","1444","1444",969082,969175,93,"s","s","1285","223","s","Input"
"1445","1445","1445",969625,969702,77,"h","h","1286","223","h","Input"
"1446","1446","1446",970133,970198,65,"o","o","1287","223","o","Input"
"1447","1447","1447",970398,970471,73,"u","u","1288","223","u","Input"
"1448","1448","1448",970679,970742,63,"l","l","1289","223","l","Input"
"1449","1449","1449",971023,971119,96,"d","d","1290","223","d","Input"
"1450","1450","1450",971257,971368,111,"Space","Space","1291","223"," ","Input"
"1451","1451","1451",971626,971704,78,"b","b","1292","224","b","Input"
"1452","1452","1452",971960,972055,95,"e","e","1293","224","e","Input"
"1453","1453","1453",972204,972324,120,"Space","Space","1294","224"," ","Input"
"1454","1454","1454",972683,972775,92,"u","u","1295","225","u","Input"
"1455","1455","1455",973257,973351,94,"s","s","1296","225","s","Input"
"1456","1456","1456",973554,973639,85,"e","e","1297","225","e","Input"
"1457","1457","1457",973774,973895,121,"s","s","1298","225","s","Input"
"1458","1458","1458",974763,974918,155,"Space","Space","1299","225"," ","Input"
"1459","1459","1459",975226,975319,93,"o","o","1300","226","o","Input"
"1460","1460","1460",975645,975736,91,"f","f","1301","226","f","Input"
"1461","1461","1461",975851,975964,113,"Space","Space","1302","226"," ","Input"
"1462","1462","1462",976554,976664,110,"p","p","1303","227","p","Input"
"1463","1463","1463",976977,977079,102,"e","e","1304","227","e","Input"
"1464","1464","1464",977445,977527,82,"o","o","1305","227","o","Input"
"1465","1465","1465",978275,978278,3,"p","p","1306","227","p","Input"
"1466","1466","1466",978280,978281,1,"l","l","1307","227","l","Input"
"1467","1467","1467",978283,978326,43,"e","e","1308","227","e","Input"
"1468","1468","1468",978492,978614,122,"Space","Space","1309","227"," ","Input"
"1469","1469","1469",982357,982470,113,"h","h","1310","228","h","Input"
"1470","1470","1470",982684,982759,75,"a","a","1311","228","a","Input"
"1471","1471","1471",984678,984710,32,"p","p","1312","228","p","Input"
"1472","1472","1472",984842,984885,43,"p","p","1313","228","p","Input"
"1473","1473","1473",985113,985192,79,"i","i","1314","228","i","Input"
"1474","1474","1474",985398,985495,97,"n","n","1315","228","n","Input"
"1475","1475","1475",985760,985847,87,"e","e","1316","228","e","Input"
"1476","1476","1476",986023,986088,65,"s","s","1317","228","s","Input"
"1477","1477","1477",986195,986262,67,"s","s","1318","228","s","Input"
"1478","1478","1478",986570,986727,157,"Space","Space","1319","228"," ","Input"
"1479","1479","1479",987993,988055,62,"i","i","1320","229","i","Input"
"1480","1480","1480",988618,988758,140,"n","n","1321","229","n","Input"
"1481","1481","1481",994695,994808,113,"Space","Space","1322","229"," ","Input"
"1482","1482","1482",995055,995160,105,"t","t","1323","230","t","Input"
"1483","1483","1483",995289,995367,78,"h","h","1324","230","h","Input"
"1484","1484","1484",995629,995639,10,"e","e","1325","230","e","Input"
"1485","1485","1485",995819,995927,108,"Space","Space","1326","230"," ","Input"
"1486","1486","1486",1001211,1001336,125,"s","s","1327","231","s","Input"
"1487","1487","1487",1001674,1001799,125,"o","o","1328","231","o","Input"
"1488","1488","1488",1002010,1002136,126,"c","c","1329","231","c","Input"
"1489","1489","1489",1002416,1002596,180,"i","i","1330","231","i","Input"
"1490","1490","1490",1002908,1002999,91,"e","e","1331","231","e","Input"
"1491","1491","1491",1003179,1003256,77,"t","t","1332","231","t","Input"
"1492","1492","1492",1003413,1003478,65,"y","y","1333","231","y","Input"
"1493","1493","1493",1004148,1004274,126,".",".","1334","231",".","Input"
"1494","1494","1494",1006809,1006910,101,"i","i","1335","231","i","Input"
"1495","1495","1495",1007071,1007203,132,"t","t","1336","231","t","Input"
"1496","1496","1496",1007320,1007415,95,"s","s","1337","231","s","Input"
"1497","1497","1497",1007534,1007647,113,"Space","Space","1338","231"," ","Input"
"1498","1498","1498",1007883,1007991,108,"i","i","1339","232","i","Input"
"1499","1499","1499",1008297,1008406,109,"s","s","1340","232","s","Input"
"1500","1500","1500",1008505,1008631,126,"Space","Space","1341","232"," ","Input"
"1501","1501","1501",1009019,1009081,62,"m","m","1342","233","m","Input"
"1502","1502","1502",1009273,1009351,78,"o","o","1343","233","o","Input"
"1503","1503","1503",1009645,1009758,113,"s","s","1344","233","s","Input"
"1504","1504","1504",1009930,1010648,718,"t","t","1345","233","t","Input"
"1505","1505","1505",1010652,1010653,1,"Space","Space","1346","233"," ","Input"
"1506","1506","1506",1010655,1010711,56,"i","i","1347","234","i","Input"
"1507","1507","1507",1010914,1010950,36,"m","m","1348","234","m","Input"
"1508","1508","1508",1011184,1011239,55,"p","p","1349","234","p","Input"
"1509","1509","1509",1011371,1011500,129,"o","o","1350","234","o","Input"
"1510","1510","1510",1011866,1011959,93,"r","r","1351","234","r","Input"
"1511","1511","1511",1012195,1012279,84,"t","t","1352","234","t","Input"
"1512","1512","1512",1012461,1012552,91,"a","a","1353","234","a","Input"
"1513","1513","1513",1013000,1013079,79,"n","n","1354","234","n","Input"
"1514","1514","1514",1013257,1013352,95,"t","t","1355","234","t","Input"
"1515","1515","1515",1013484,1013574,90,"Space","Space","1356","234"," ","Input"
"1516","1516","1516",1013787,1014486,699,"i","i","1357","235","i","Input"
"1517","1517","1517",1014489,1014490,1,"n","n","1358","235","n","Input"
"1518","1518","1518",1014495,1014496,1,"Space","Space","1359","235"," ","Input"
"1519","1519","1519",1014799,1014889,90,"o","o","1360","236","o","Input"
"1520","1520","1520",1015211,1015303,92,"u","u","1361","236","u","Input"
"1521","1521","1521",1015547,1015640,93,"r","r","1362","236","r","Input"
"1522","1522","1522",1015743,1015847,104,"Space","Space","1363","236"," ","Input"
"1523","1523","1523",1016138,1016248,110,"l","l","1364","237","l","Input"
"1524","1524","1524",1016398,1016521,123,"i","i","1365","237","i","Input"
"1525","1525","1525",1016733,1016840,107,"f","f","1366","237","f","Input"
"1526","1526","1526",1016992,1017079,87,"e","e","1367","237","e","Input"
"1527","1527","1527",1020040,1020184,144,".",".","1368","237",".","Input"
"1528","1528","1528",1033763,1033863,100,"t","t","1369","237","t","Input"
"1529","1529","1529",1034396,1034471,75,"h","h","1370","237","h","Input"
"1530","1530","1530",1034762,1034838,76,"a","a","1371","237","a","Input"
"1531","1531","1531",1035102,1035175,73,"t","t","1372","237","t","Input"
"1532","1532","1532",1035339,1035432,93,"Space","Space","1373","237"," ","Input"
"1533","1533","1533",1035641,1035673,32,"t","t","1374","238","t","Input"
"1534","1534","1534",1035869,1035959,90,"h","h","1375","238","h","Input"
"1535","1535","1535",1036248,1036967,719,"e","e","1376","238","e","Input"
"1536","1536","1536",1036974,1036977,3,"Space","Space","1377","238"," ","Input"
"1537","1537","1537",1037100,1037191,91,"m","m","1378","239","m","Input"
"1538","1538","1538",1037484,1037576,92,"e","e","1379","239","e","Input"
"1539","1539","1539",1037760,1037821,61,"a","a","1380","239","a","Input"
"1540","1540","1540",1038195,1038264,69,"n","n","1381","239","n","Input"
"1541","1541","1541",1038528,1038607,79,"s","s","1382","239","s","Input"
"1542","1542","1542",1038730,1038807,77,"Space","Space","1383","239"," ","Input"
"1543","1543","1543",1039165,1039238,73,"o","o","1384","240","o","Input"
"1544","1544","1544",1039562,1039658,96,"f","f","1385","240","f","Input"
"1545","1545","1545",1039757,1039884,127,"Space","Space","1386","240"," ","Input"
"1546","1546","1546",1040117,1040216,99,"h","h","1387","241","h","Input"
"1547","1547","1547",1040350,1040440,90,"u","u","1388","241","u","Input"
"1548","1548","1548",1040636,1040710,74,"m","m","1389","241","m","Input"
"1549","1549","1549",1040978,1041047,69,"a","a","1390","241","a","Input"
"1550","1550","1550",1041403,1041479,76,"n","n","1391","241","n","Input"
"1551","1551","1551",1041673,1041750,77,"i","i","1392","241","i","Input"
"1552","1552","1552",1041962,1042038,76,"t","t","1393","241","t","Input"
"1553","1553","1553",1042163,1042246,83,"y","y","1394","241","y","Input"
"1554","1554","1554",1042365,1042471,106,"Space","Space","1395","241"," ","Input"
"1555","1555","1555",1042662,1042695,33,"i","i","1396","242","i","Input"
"1556","1556","1556",1042912,1043014,102,"s","s","1397","242","s","Input"
"1557","1557","1557",1043117,1043240,123,"Space","Space","1398","242"," ","Input"
"1558","1558","1558",1043365,1043483,118,"b","b","1399","243","b","Input"
"1559","1559","1559",1043691,1043782,91,"a","a","1400","243","a","Input"
"1560","1560","1560",1043947,1043980,33,"s","s","1401","243","s","Input"
"1561","1561","1561",1043971,1043983,12,"d","d","1402","243","d","Input"
"1562","1562","1562",1045225,1045319,94,"Backspace","Backspace","1401","243","d","Remove/Cut"
"1563","1563","1563",1045600,1045703,103,"i","i","1402","243","i","Input"
"1564","1564","1564",1046012,1046038,26,"c","c","1403","243","c","Input"
"1565","1565","1565",1046195,1046263,68,"a","a","1404","243","a","Input"
"1566","1566","1566",1046666,1046727,61,"l","l","1405","243","l","Input"
"1567","1567","1567",1046827,1046904,77,"l","l","1406","243","l","Input"
"1568","1568","1568",1047082,1047206,124,"y","y","1407","243","y","Input"
"1569","1569","1569",1047347,1047494,147,"Space","Space","1408","243"," ","Input"
"1570","1570","1570",1051032,1051143,111,"a","a","1409","244","a","Input"
"1571","1571","1571",1051304,1051417,113,"Space","Space","1410","244"," ","Input"
"1572","1572","1572",1051990,1052131,141,"h","h","1411","245","h","Input"
"1573","1573","1573",1052366,1052486,120,"a","a","1412","245","a","Input"
"1574","1574","1574",1052921,1052983,62,"p","p","1413","245","p","Input"
"1575","1575","1575",1053083,1053143,60,"p","p","1414","245","p","Input"
"1576","1576","1576",1053355,1053432,77,"i","i","1415","245","i","Input"
"1577","1577","1577",1053707,1053783,76,"n","n","1416","245","n","Input"
"1578","1578","1578",1054042,1054118,76,"e","e","1417","245","e","Input"
"1579","1579","1579",1054303,1054375,72,"s","s","1418","245","s","Input"
"1580","1580","1580",1054459,1054551,92,"s","s","1419","245","s","Input"
"1581","1581","1581",1054804,1054936,132,"Space","Space","1420","245"," ","Input"
"1582","1582","1582",1058556,1058648,92,"i","i","1421","246","i","Input"
"1583","1583","1583",1058860,1058983,123,"n","n","1422","246","n","Input"
"1584","1584","1584",1059100,1059239,139,"Space","Space","1423","246"," ","Input"
"1585","1585","1585",1059386,1059511,125,"o","o","1424","247","o","Input"
"1586","1586","1586",1059642,1059768,126,"u","u","1425","247","u","Input"
"1587","1587","1587",1060793,1060887,94,"r","r","1426","247","r","Input"
"1588","1588","1588",1060987,1061112,125,"Space","Space","1427","247"," ","Input"
"1589","1589","1589",1061277,1061367,90,"s","s","1428","248","s","Input"
"1590","1590","1590",1061834,1061896,62,"o","o","1429","248","o","Input"
"1591","1591","1591",1062155,1062231,76,"c","c","1430","248","c","Input"
"1592","1592","1592",1062699,1062731,32,"i","i","1431","248","i","Input"
"1593","1593","1593",1063234,1063337,103,"e","e","1432","248","e","Input"
"1594","1594","1594",1063615,1063710,95,"t","t","1433","248","t","Input"
"1595","1595","1595",1063852,1063960,108,"y","y","1434","248","y","Input"
"1596","1596","1596",1065180,1065255,75,"Space","Space","1435","248"," ","Input"
"1597","1597","1597",1066109,1066209,100,"d","d","1436","249","d","Input"
"1598","1598","1598",1067163,1067254,91,"u","u","1437","249","u","Input"
"1599","1599","1599",1067565,1067639,74,"e","e","1438","249","e","Input"
"1600","1600","1600",1067770,1067887,117,"Space","Space","1439","249"," ","Input"
"1601","1601","1601",1068028,1068158,130,"t","t","1440","250","t","Input"
"1602","1602","1602",1068445,1068522,77,"o","o","1441","250","o","Input"
"1603","1603","1603",1068635,1068742,107,"Space","Space","1442","250"," ","Input"
"1604","1604","1604",1069007,1069047,40,"t","t","1443","251","t","Input"
"1605","1605","1605",1069195,1069966,771,"h","h","1444","251","h","Input"
"1606","1606","1606",1069969,1069970,1,"e","e","1445","251","e","Input"
"1607","1607","1607",1069975,1070094,119,"Space","Space","1446","251"," ","Input"
"1608","1608","1608",1070939,1070991,52,"p","p","1447","252","p","Input"
"1609","1609","1609",1072556,1072648,92,"l","l","1448","252","l","Input"
"1610","1610","1610",1072965,1073064,99,"a","a","1449","252","a","Input"
"1611","1611","1611",1073756,1073848,92,"g","g","1450","252","g","Input"
"1612","1612","1612",1074983,1075007,24,"i","i","1451","252","i","Input"
"1613","1613","1613",1075292,1075384,92,"a","a","1452","252","a","Input"
"1614","1614","1614",1075756,1075849,93,"r","r","1453","252","r","Input"
"1615","1615","1615",1076243,1076327,84,"i","i","1454","252","i","Input"
"1616","1616","1616",1076604,1076679,75,"s","s","1455","252","s","Input"
"1617","1617","1617",1077111,1077212,101,"m","m","1456","252","m","Input"
"1618","1618","1618",1077339,1077446,107,"Space","Space","1457","252"," ","Input"
"1619","1619","1619",1077706,1077767,61,"i","i","1458","253","i","Input"
"1620","1620","1620",1077947,1078038,91,"n","n","1459","253","n","Input"
"1621","1621","1621",1078164,1078284,120,"Space","Space","1460","253"," ","Input"
"1622","1622","1622",1078540,1078569,29,"o","o","1461","254","o","Input"
"1623","1623","1623",1078865,1078951,86,"u","u","1462","254","u","Input"
"1624","1624","1624",1079194,1079287,93,"r","r","1463","254","r","Input"
"1625","1625","1625",1079413,1079543,130,"Space","Space","1464","254"," ","Input"
"1626","1626","1626",1080106,1080200,94,"s","s","1465","255","s","Input"
"1627","1627","1627",1080842,1080904,62,"i","i","1466","255","i","Input"
"1628","1628","1628",1081306,1081307,1,"t","t","1467","255","t","Input"
"1629","1629","1629",1081405,1081495,90,"u","u","1468","255","u","Input"
"1630","1630","1630",1082179,1082247,68,"a","a","1469","255","a","Input"
"1631","1631","1631",1082619,1082711,92,"t","t","1470","255","t","Input"
"1632","1632","1632",1082954,1083015,61,"u","u","1471","255","u","Input"
"1633","1633","1633",1083707,1083768,61,"Backspace","Backspace","1470","255","u","Remove/Cut"
"1634","1634","1634",1084029,1084104,75,"i","i","1471","255","i","Input"
"1635","1635","1635",1084230,1084311,81,"o","o","1472","255","o","Input"
"1636","1636","1636",1084507,1084568,61,"n","n","1473","255","n","Input"
"1637","1637","1637",1085132,1085208,76,".",".","1474","255",".","Input"
"1638","1638","1638",1122921,1123023,102,"h","h","1475","255","h","Input"
"1639","1639","1639",1123335,1123464,129,"a","a","1476","255","a","Input"
"1640","1640","1640",1123850,1123970,120,"p","p","1477","255","p","Input"
"1641","1641","1641",1124046,1124104,58,"p","p","1478","255","p","Input"
"1642","1642","1642",1124287,1124408,121,"i","i","1479","255","i","Input"
"1643","1643","1643",1124539,1124663,124,"n","n","1480","255","n","Input"
"1644","1644","1644",1124909,1125000,91,"e","e","1481","255","e","Input"
"1645","1645","1645",1125158,1125223,65,"s","s","1482","255","s","Input"
"1646","1646","1646",1125308,1125428,120,"s","s","1483","255","s","Input"
"1647","1647","1647",1125644,1125880,236,"Space","Space","1484","255"," ","Input"
"1648","1648","1648",1127209,1127353,144,"i","i","1485","256","i","Input"
"1649","1649","1649",1127581,1127720,139,"s","s","1486","256","s","Input"
"1650","1650","1650",1128421,1128424,3,"Space","Space","1487","256"," ","Input"
"1651","1651","1651",1144880,1145001,121,"g","g","1488","257","g","Input"
"1652","1652","1652",1145353,1145447,94,"o","o","1489","257","o","Input"
"1653","1653","1653",1145497,1145598,101,"o","o","1490","257","o","Input"
"1654","1654","1654",1145946,1146024,78,"d","d","1491","257","d","Input"
"1655","1655","1655",1146125,1146247,122,"Space","Space","1492","257"," ","Input"
"1656","1656","1656",1147244,1147351,107,"f","f","1493","258","f","Input"
"1657","1657","1657",1147614,1147752,138,"o","o","1494","258","o","Input"
"1658","1658","1658",1147974,1148131,157,"r","r","1495","258","r","Input"
"1659","1659","1659",1148288,1148426,138,"Space","Space","1496","258"," ","Input"
"1660","1660","1660",1149340,1149431,91,"o","o","1497","259","o","Input"
"1661","1661","1661",1149709,1149815,106,"u","u","1498","259","u","Input"
"1662","1662","1662",1150043,1150135,92,"r","r","1499","259","r","Input"
"1663","1663","1663",1150299,1150406,107,"Space","Space","1500","259"," ","Input"
"1664","1664","1664",1150795,1150888,93,"l","l","1501","260","l","Input"
"1665","1665","1665",1151053,1151158,105,"i","i","1502","260","i","Input"
"1666","1666","1666",1151500,1151623,123,"f","f","1503","260","f","Input"
"1667","1667","1667",1151772,1151864,92,"e","e","1504","260","e","Input"
"1668","1668","1668",1153818,1153944,126,".",".","1505","260",".","Input"
"1669","1669","1669",1220109,1220169,60,"g","g","1506","260","g","Input"
"1670","1670","1670",1220121,1220170,49,"b","b","1507","260","b","Input"
"1671","1671","1671",1220287,1220392,105,"f","f","1508","260","f","Input"
"1672","1672","1672",1220460,1220585,125,"y","y","1509","260","y","Input"
"1673","1673","1673",1220622,1220712,90,"t","t","1510","260","t","Input"
"1674","1674","1674",1220958,1221054,96,"u","u","1511","260","u","Input"
"1675","1675","1675",1221277,1221356,79,"g","g","1512","260","g","Input"
"1676","1676","1676",1221947,1222171,224,"u","u","1513","260","u","Input"
"1677","1677","1677",1222340,1222474,134,"j","j","1514","260","j","Input"
"1678","1678","1678",1222646,1222795,149,"j","j","1515","260","j","Input"
"1679","1679","1679",1223245,1223373,128,"k","k","1516","260","k","Input"
"1680","1680","1680",1223948,1224095,147,"k","k","1517","260","k","Input"
"1681","1681","1681",1224220,1224313,93,"k","k","1518","260","k","Input"
"1682","1682","1682",1224460,1224537,77,"k","k","1519","260","k","Input"
"1683","1683","1683",1225003,1225305,302,"l","l","1520","260","l","Input"
"1684","1684","1684",1225428,1225610,182,"l","l","1521","260","l","Input"
"1685","1685","1685",1225708,1225849,141,"l","l","1522","260","l","Input"
"1686","1686","1686",1225927,1226032,105,"l","l","1523","260","l","Input"
"1687","1687","1687",1226997,1227113,116,"Backspace","Backspace","1522","260","l","Remove/Cut"
"1688","1688","1688",1227260,1227368,108,"Backspace","Backspace","1521","260","l","Remove/Cut"
"1689","1689","1689",1227460,1227561,101,"Backspace","Backspace","1520","260","l","Remove/Cut"
"1690","1690","1690",1227677,1227784,107,"Backspace","Backspace","1519","260","l","Remove/Cut"
"1691","1691","1691",1227916,1228025,109,"Backspace","Backspace","1518","260","k","Remove/Cut"
"1692","1692","1692",1228162,1228282,120,"Backspace","Backspace","1517","260","k","Remove/Cut"
"1693","1693","1693",1229021,1229032,11,"Backspace","Backspace","1516","260","k","Remove/Cut"
"1694","1694","1694",1229037,1229039,2,"Backspace","Backspace","1515","260","k","Remove/Cut"
"1695","1695","1695",1229042,1229043,1,"Backspace","Backspace","1514","260","j","Remove/Cut"
"1696","1696","1696",1229102,1229242,140,"Backspace","Backspace","1513","260","j","Remove/Cut"
"1697","1697","1697",1229364,1229512,148,"Backspace","Backspace","1512","260","u","Remove/Cut"
"1698","1698","1698",1229645,1229784,139,"Backspace","Backspace","1511","260","g","Remove/Cut"
"1699","1699","1699",1229948,1230125,177,"Backspace","Backspace","1510","260","u","Remove/Cut"
"1700","1700","1700",1231022,1231177,155,"Backspace","Backspace","1509","260","t","Remove/Cut"
"1701","1701","1701",1231411,1231627,216,"Backspace","Backspace","1508","260","y","Remove/Cut"
"1702","1702","1702",1232494,1232615,121,"Backspace","Backspace","1507","260","f","Remove/Cut"
"1703","1703","1703",1233020,1233080,60,"Backspace","Backspace","1506","260","b","Remove/Cut"
"1704","1704","1704",1233323,1233385,62,"Backspace","Backspace","1505","260","g","Remove/Cut"
"1705","1705","1705",1234724,1234907,183,"g","g","1506","260","g","Input"
"1706","1706","1706",1235194,1235419,225,"y","y","1507","260","y","Input"
"1707","1707","1707",1235912,1236056,144,"g","g","1508","260","g","Input"
"1708","1708","1708",1236283,1236401,118,"g","g","1509","260","g","Input"
"1709","1709","1709",1236668,1237048,380,"g","g","1510","260","g","Input"
"1710","1710","1710",1237098,1237257,159,"j","j","1511","260","j","Input"
"1711","1711","1711",1237928,1238394,466,"Backspace","Backspace","1510","260","j","Remove/Cut"
"1712","1712","1712",1238541,1238632,91,"Backspace","Backspace","1509","260","g","Remove/Cut"
"1713","1713","1713",1238717,1238809,92,"Backspace","Backspace","1508","260","g","Remove/Cut"
"1714","1714","1714",1238909,1238987,78,"Backspace","Backspace","1507","260","g","Remove/Cut"
"1715","1715","1715",1239117,1239166,49,"Backspace","Backspace","1506","260","y","Remove/Cut"
"1716","1716","1716",1239309,1239385,76,"Backspace","Backspace","1505","260","g","Remove/Cut"
"1717","1717","1717",1240524,1240616,92,"s","s","1506","260","s","Input"
"1718","1718","1718",1241052,1241163,111,"h","h","1507","260","h","Input"
"1719","1719","1719",1241381,1241500,119,"a","a","1508","260","a","Input"
"1720","1720","1720",1242126,1242233,107,"l","l","1509","260","l","Input"
"1721","1721","1721",1242429,1242505,76,"i","i","1510","260","i","Input"
"1722","1722","1722",1242766,1242873,107,"n","n","1511","260","n","Input"
"1723","1723","1723",1243023,1243162,139,"i","i","1512","260","i","Input"
"1724","1724","1724",1243287,1243459,172,"Space","Space","1513","260"," ","Input"
"1725","1725","1725",1244285,1244428,143,"j","j","1514","261","j","Input"
"1726","1726","1726",1244716,1244835,119,"e","e","1515","261","e","Input"
"1727","1727","1727",1245183,1245277,94,"y","y","1516","261","y","Input"
"1728","1728","1728",1245531,1245610,79,"a","a","1517","261","a","Input"
"1729","1729","1729",1246224,1246333,109,"k","k","1518","261","k","Input"
"1730","1730","1730",1246583,1246677,94,"u","u","1519","261","u","Input"
"1731","1731","1731",1246928,1247034,106,"m","m","1520","261","m","Input"
"1732","1732","1732",1247484,1247561,77,"a","a","1521","261","a","Input"
"1733","1733","1733",1247775,1247864,89,"r","r","1522","261","r","Input"
"1734","1734","1734",1251773,1251913,140,"Backspace","Backspace","1521","261","r","Remove/Cut"
"1735","1735","1735",1252013,1252676,663,"Backspace","Backspace","1520","261","a","Remove/Cut"
"1736","1736","1736",1252684,1252690,6,"Backspace","Backspace","1519","261","m","Remove/Cut"
"1737","1737","1737",1252695,1252698,3,"Backspace","Backspace","1518","261","u","Remove/Cut"
"1738","1738","1738",1252702,1252777,75,"Backspace","Backspace","1517","261","k","Remove/Cut"
"1739","1739","1739",1252881,1252985,104,"Backspace","Backspace","1516","261","a","Remove/Cut"
"1740","1740","1740",1253100,1253202,102,"Backspace","Backspace","1515","261","y","Remove/Cut"
"1741","1741","1741",1253318,1253385,67,"Backspace","Backspace","1514","261","e","Remove/Cut"
"1742","1742","1742",1253572,1253577,5,"Backspace","Backspace","1513","260","j","Remove/Cut"
"1743","1743","1743",1253692,1253769,77,"Backspace","Backspace","1512","260"," ","Remove/Cut"
"1744","1744","1744",1253902,1253992,90,"Backspace","Backspace","1511","260","i","Remove/Cut"
"1745","1745","1745",1254126,1254251,125,"Backspace","Backspace","1510","260","n","Remove/Cut"
"1746","1746","1746",1254376,1254473,97,"Backspace","Backspace","1509","260","i","Remove/Cut"
"1747","1747","1747",1254622,1254744,122,"Backspace","Backspace","1508","260","l","Remove/Cut"
"1748","1748","1748",1254875,1255000,125,"Backspace","Backspace","1507","260","a","Remove/Cut"
"1749","1749","1749",1255196,1255274,78,"Backspace","Backspace","1506","260","h","Remove/Cut"
"1750","1750","1750",1255469,1255606,137,"Backspace","Backspace","1505","260","s","Remove/Cut"
"1751","1751","1751",1281950,1282058,108,"g","g","1506","260","g","Input"
"1752","1752","1752",1282787,1282926,139,"Backspace","Backspace","1505","260","g","Remove/Cut"
"1753","1753","1753",1283341,1283466,125,"n","n","1506","260","n","Input"
"1754","1754","1754",1283742,1283834,92,"a","a","1507","260","a","Input"
"1755","1755","1755",1284046,1284122,76,"r","r","1508","260","r","Input"
"1756","1756","1756",1284657,1284665,8,"m","m","1509","260","m","Input"
"1757","1757","1757",1284977,1285055,78,"a","a","1510","260","a","Input"
"1758","1758","1758",1285293,1285354,61,"d","d","1511","260","d","Input"
"1759","1759","1759",1285786,1285865,79,"h","h","1512","260","h","Input"
"1760","1760","1760",1286068,1286138,70,"a","a","1513","260","a","Input"
"1761","1761","1761",1288458,1288585,127,"Backspace","Backspace","1512","260","a","Remove/Cut"
"1762","1762","1762",1288745,1288809,64,"Backspace","Backspace","1511","260","h","Remove/Cut"
"1763","1763","1763",1288895,1289005,110,"Backspace","Backspace","1510","260","d","Remove/Cut"
"1764","1764","1764",1289102,1289226,124,"Backspace","Backspace","1509","260","a","Remove/Cut"
"1765","1765","1765",1289326,1289418,92,"Backspace","Backspace","1508","260","m","Remove/Cut"
"1766","1766","1766",1289550,1289656,106,"Backspace","Backspace","1507","260","r","Remove/Cut"
"1767","1767","1767",1289794,1289881,87,"Backspace","Backspace","1506","260","a","Remove/Cut"
"1768","1768","1768",1290444,1290538,94,"Backspace","Backspace","1505","260","n","Remove/Cut"
"1769","1769","1769",1298703,1298842,139,"b","b","1506","260","b","Input"
"1770","1770","1770",1299106,1299193,87,"h","h","1507","260","h","Input"
"1771","1771","1771",1299374,1299498,124,"u","u","1508","260","u","Input"
"1772","1772","1772",1299741,1299833,92,"n","n","1509","260","n","Input"
"1773","1773","1773",1299998,1300107,109,"j","j","1510","260","j","Input"
"1774","1774","1774",1300224,1300330,106,"i","i","1511","260","i","Input"
"1775","1775","1775",1300544,1300633,89,"m","m","1512","260","m","Input"
"1776","1776","1776",1300756,1300875,119,"k","k","1513","260","k","Input"
"1777","1777","1777",1301052,1301099,47,"o","o","1514","260","o","Input"
"1778","1778","1778",1301333,1301417,84,",",",","1515","260",",","Input"
"1779","1779","1779",1301566,1301674,108,"l","l","1516","260","l","Input"
"1780","1780","1780",1301854,1301994,140,"p","p","1517","260","p","Input"
"1781","1781","1781",1303729,1304239,510,"Backspace","Backspace","1516","260","p","Remove/Cut"
"1782","1782","1782",1304239,1304276,37,"Backspace","Backspace","1515","260","l","Remove/Cut"
"1783","1783","1783",1304276,1304311,35,"Backspace","Backspace","1514","260",",","Remove/Cut"
"1784","1784","1784",1304311,1304341,30,"Backspace","Backspace","1513","260","o","Remove/Cut"
"1785","1785","1785",1304341,1304373,32,"Backspace","Backspace","1512","260","k","Remove/Cut"
"1786","1786","1786",1304373,1304408,35,"Backspace","Backspace","1511","260","m","Remove/Cut"
"1787","1787","1787",1304408,1305694,1286,"Backspace","Backspace","1510","260","i","Remove/Cut"
"1788","1788","1788",1305694,1305695,1,"Backspace","Backspace","1509","260","j","Remove/Cut"
"1789","1789","1789",1305699,1305700,1,"Backspace","Backspace","1508","260","n","Remove/Cut"
"1790","1790","1790",1305706,1305708,2,"Backspace","Backspace","1507","260","u","Remove/Cut"
"1791","1791","1791",1305712,1305713,1,"Backspace","Backspace","1506","260","h","Remove/Cut"
"1792","1792","1792",1305717,1305754,37,"Backspace","Backspace","1505","260","b","Remove/Cut"
"1793","1793","1793",1306443,1306443,0,"Backspace","Backspace","1504","260",".","Remove/Cut"
"1794","1794","1794",1309619,1309690,71,".",".","1505","260",".","Input"
"1795","1795","1795",1344193,1344298,105,"g","g","1506","260","g","Input"
"1796","1796","1796",1344428,1344717,289,"u","u","1507","260","u","Input"
"1797","1797","1797",1344750,1344904,154,"g","g","1508","260","g","Input"
"1798","1798","1798",1344957,1345209,252,"u","u","1509","260","u","Input"
"1799","1799","1799",1345262,1345410,148,"g","g","1510","260","g","Input"
"1800","1800","1800",1345469,1345692,223,"u","u","1511","260","u","Input"
"1801","1801","1801",1345973,1346219,246,"u","u","1512","260","u","Input"
"1802","1802","1802",1348849,1349209,360,"Backspace","Backspace","1511","260","u","Remove/Cut"
"1803","1803","1803",1350991,1351088,97,"Backspace","Backspace","1510","260","u","Remove/Cut"
"1804","1804","1804",1351208,1351322,114,"Backspace","Backspace","1509","260","g","Remove/Cut"
"1805","1805","1805",1351487,1351513,26,"Backspace","Backspace","1508","260","u","Remove/Cut"
"1806","1806","1806",1351615,1351722,107,"Backspace","Backspace","1507","260","g","Remove/Cut"
"1807","1807","1807",1351856,1351945,89,"Backspace","Backspace","1506","260","u","Remove/Cut"
"1808","1808","1808",1352082,1352223,141,"Backspace","Backspace","1505","260","g","Remove/Cut"
"1809","1809","1809",1394288,1394428,140,"h","h","1506","260","h","Input"
"1810","1810","1810",1394293,1394415,122,"n","n","1507","260","n","Input"
"1811","1811","1811",1394419,1394971,552,"b","b","1508","260","b","Input"
"1812","1812","1812",1394623,1394795,172,"j","j","1509","260","j","Input"
"1813","1813","1813",1395024,1395338,314,"j","j","1510","260","j","Input"
"1814","1814","1814",1395470,1395611,141,"b","b","1511","260","b","Input"
"1815","1815","1815",1395747,1396043,296,"j","j","1512","260","j","Input"
"1816","1816","1816",1396417,1396475,58,"u","u","1513","260","u","Input"
"1817","1817","1817",1396426,1396556,130,"j","j","1514","260","j","Input"
"1818","1818","1818",1396694,1396864,170,"j","j","1515","260","j","Input"
"1819","1819","1819",1396989,1397164,175,"j","j","1516","260","j","Input"
"1820","1820","1820",1397263,1397435,172,"j","j","1517","260","j","Input"
"1821","1821","1821",1397602,1397757,155,"j","j","1518","260","j","Input"
"1822","1822","1822",1397916,1398091,175,"j","j","1519","260","j","Input"
"1823","1823","1823",1398254,1398493,239,"j","j","1520","260","j","Input"
"1824","1824","1824",1398736,1398827,91,"j","j","1521","260","j","Input"
"1825","1825","1825",1398976,1399122,146,"j","j","1522","260","j","Input"
"1826","1826","1826",1400831,1400981,150,"j","j","1523","260","j","Input"
"1827","1827","1827",1401116,1401211,95,"j","j","1524","260","j","Input"
"1828","1828","1828",1401327,1401451,124,"j","j","1525","260","j","Input"
"1829","1829","1829",1401582,1401707,125,"j","j","1526","260","j","Input"
"1830","1830","1830",1402019,1402147,128,"j","j","1527","260","j","Input"
"1831","1831","1831",1402381,1402507,126,"j","j","1528","260","j","Input"
"1832","1832","1832",1402725,1402861,136,"j","j","1529","260","j","Input"
"1833","1833","1833",1403073,1403179,106,"j","j","1530","260","j","Input"
"1834","1834","1834",1403428,1403665,237,"j","j","1531","260","j","Input"
"1835","1835","1835",1403816,1404308,492,"j","j","1532","260","j","Input"
"1836","1836","1836",1404308,1404342,34,"j","j","1533","260","j","Input"
"1837","1837","1837",1404342,1404374,32,"j","j","1534","260","j","Input"
"1838","1838","1838",1404374,1404406,32,"j","j","1535","260","j","Input"
"1839","1839","1839",1404406,1404441,35,"j","j","1536","260","j","Input"
"1840","1840","1840",1404441,1404492,51,"j","j","1537","260","j","Input"
"1841","1841","1841",1404492,1404506,14,"j","j","1538","260","j","Input"
"1842","1842","1842",1404506,1404538,32,"j","j","1539","260","j","Input"
"1843","1843","1843",1404538,1404576,38,"j","j","1540","260","j","Input"
"1844","1844","1844",1404576,1404616,40,"j","j","1541","260","j","Input"
"1845","1845","1845",1404616,1404652,36,"j","j","1542","260","j","Input"
"1846","1846","1846",1404652,1404673,21,"j","j","1543","260","j","Input"
"1847","1847","1847",1404673,1404704,31,"j","j","1544","260","j","Input"
"1848","1848","1848",1404704,1404747,43,"j","j","1545","260","j","Input"
"1849","1849","1849",1404747,1404774,27,"j","j","1546","260","j","Input"
"1850","1850","1850",1404774,1404820,46,"j","j","1547","260","j","Input"
"1851","1851","1851",1404820,1404835,15,"j","j","1548","260","j","Input"
"1852","1852","1852",1404835,1404871,36,"j","j","1549","260","j","Input"
"1853","1853","1853",1404871,1404910,39,"j","j","1550","260","j","Input"
"1854","1854","1854",1404910,1404939,29,"j","j","1551","260","j","Input"
"1855","1855","1855",1404939,1404974,35,"j","j","1552","260","j","Input"
"1856","1856","1856",1404974,1405004,30,"j","j","1553","260","j","Input"
"1857","1857","1857",1405004,1405081,77,"j","j","1554","260","j","Input"
"1858","1858","1858",1405081,1405131,50,"j","j","1555","260","j","Input"
"1859","1859","1859",1405131,1405214,83,"j","j","1556","260","j","Input"
"1860","1860","1860",1405214,1405549,335,"j","j","1557","260","j","Input"
"1861","1861","1861",1405549,1405553,4,"j","j","1558","260","j","Input"
"1862","1862","1862",1405553,1405554,1,"j","j","1559","260","j","Input"
"1863","1863","1863",1405742,1405901,159,"j","j","1560","260","j","Input"
"1864","1864","1864",1406194,1406348,154,"j","j","1561","260","j","Input"
"1865","1865","1865",1406672,1406813,141,"j","j","1562","260","j","Input"
"1866","1866","1866",1407167,1407339,172,"j","j","1563","260","j","Input"
"1867","1867","1867",1407873,1407995,122,"j","j","1564","260","j","Input"
"1868","1868","1868",1408324,1408508,184,"j","j","1565","260","j","Input"
"1869","1869","1869",1408803,1409213,410,"j","j","1566","260","j","Input"
"1870","1870","1870",1409648,1409739,91,"j","j","1567","260","j","Input"
"1871","1871","1871",1410224,1410331,107,"j","j","1568","260","j","Input"
"1872","1872","1872",1410961,1411035,74,"j","j","1569","260","j","Input"
"1873","1873","1873",1412575,1412668,93,"j","j","1570","260","j","Input"
"1874","1874","1874",1415555,1415707,152,"j","j","1571","260","j","Input"
"1875","1875","1875",1416705,1416749,44,"j","j","1572","260","j","Input"
"1876","1876","1876",1417739,1418068,329,"j","j","1573","260","j","Input"
"1877","1877","1877",1419520,1419724,204,"j","j","1574","260","j","Input"
"1878","1878","1878",1420145,1420381,236,"j","j","1575","260","j","Input"
"1879","1879","1879",1420436,1420524,88,"j","j","1576","260","j","Input"
"1880","1880","1880",1423522,1423661,139,"j","j","1577","260","j","Input"
"1881","1881","1881",1423928,1424238,310,"j","j","1578","260","j","Input"
"1882","1882","1882",1433445,1433465,20,"j","j","1579","260","j","Input"
"1883","1883","1883",1433465,1433467,2,"j","j","1580","260","j","Input"
"1884","1884","1884",1434593,1434715,122,"j","j","1581","260","j","Input"
"1885","1885","1885",1436591,1436652,61,"j","j","1582","260","j","Input"
"1886","1886","1886",1438530,1438620,90,"j","j","1583","260","j","Input"
"1887","1887","1887",1440159,1440331,172,"j","j","1584","260","j","Input"
"1888","1888","1888",1440835,1441040,205,"j","j","1585","260","j","Input"
"1889","1889","1889",1441523,1441659,136,"j","j","1586","260","j","Input"
"1890","1890","1890",1444233,1444442,209,"j","j","1587","260","j","Input"
"1891","1891","1891",1444575,1444666,91,"j","j","1588","260","j","Input"
"1892","1892","1892",1444771,1444890,119,"j","j","1589","260","j","Input"
"1893","1893","1893",1445036,1445114,78,"j","j","1590","260","j","Input"
"1894","1894","1894",1445285,1445403,118,"j","j","1591","260","j","Input"
"1895","1895","1895",1446422,1446573,151,"j","j","1592","260","j","Input"
"1896","1896","1896",1446800,1446906,106,"j","j","1593","260","j","Input"
"1897","1897","1897",1447104,1447290,186,"j","j","1594","260","j","Input"
"1898","1898","1898",1447662,1447772,110,"j","j","1595","260","j","Input"
"1899","1899","1899",1449246,1449387,141,"j","j","1596","260","j","Input"
"1900","1900","1900",1449938,1450106,168,"j","j","1597","260","j","Input"
"1901","1901","1901",1450817,1450824,7,"j","j","1598","260","j","Input"
"1902","1902","1902",1450824,1450829,5,"j","j","1599","260","j","Input"
"1903","1903","1903",1450829,1450839,10,"j","j","1600","260","j","Input"
"1904","1904","1904",1450839,1450846,7,"j","j","1601","260","j","Input"
"1905","1905","1905",1450846,1450852,6,"j","j","1602","260","j","Input"
"1906","1906","1906",1450852,1450858,6,"j","j","1603","260","j","Input"
"1907","1907","1907",1450858,1450872,14,"j","j","1604","260","j","Input"
"1908","1908","1908",1450872,1450904,32,"j","j","1605","260","j","Input"
"1909","1909","1909",1450904,1450939,35,"j","j","1606","260","j","Input"
"1910","1910","1910",1450939,1450974,35,"j","j","1607","260","j","Input"
"1911","1911","1911",1450974,1451007,33,"j","j","1608","260","j","Input"
"1912","1912","1912",1451007,1451037,30,"j","j","1609","260","j","Input"
"1913","1913","1913",1451037,1451071,34,"j","j","1610","260","j","Input"
"1914","1914","1914",1451071,1451104,33,"j","j","1611","260","j","Input"
"1915","1915","1915",1451104,1451138,34,"j","j","1612","260","j","Input"
"1916","1916","1916",1451138,1451170,32,"j","j","1613","260","j","Input"
"1917","1917","1917",1451170,1451204,34,"j","j","1614","260","j","Input"
"1918","1918","1918",1451204,1451250,46,"j","j","1615","260","j","Input"
"1919","1919","1919",1451250,1451271,21,"j","j","1616","260","j","Input"
"1920","1920","1920",1451271,1451302,31,"j","j","1617","260","j","Input"
"1921","1921","1921",1451302,1451336,34,"j","j","1618","260","j","Input"
"1922","1922","1922",1451336,1451368,32,"j","j","1619","260","j","Input"
"1923","1923","1923",1451368,1451402,34,"j","j","1620","260","j","Input"
"1924","1924","1924",1451402,1451436,34,"j","j","1621","260","j","Input"
"1925","1925","1925",1451436,1451468,32,"j","j","1622","260","j","Input"
"1926","1926","1926",1451468,1451503,35,"j","j","1623","260","j","Input"
"1927","1927","1927",1451503,1451505,2,"j","j","1624","260","j","Input"
"1928","1928","1928",1458846,1458846,0,"Shift","Shift","1624","260","NoChange","Nonproduction"
"1929","1929","1929",1477177,1477308,131,"Backspace","Backspace","1623","260","j","Remove/Cut"
"1930","1930","1930",1477376,1477515,139,"Backspace","Backspace","1622","260","j","Remove/Cut"
"1931","1931","1931",1477600,1478130,530,"Backspace","Backspace","1621","260","j","Remove/Cut"
"1932","1932","1932",1478130,1478143,13,"Backspace","Backspace","1620","260","j","Remove/Cut"
"1933","1933","1933",1478143,1478167,24,"Backspace","Backspace","1619","260","j","Remove/Cut"
"1934","1934","1934",1478167,1478480,313,"Backspace","Backspace","1618","260","j","Remove/Cut"
"1935","1935","1935",1478480,1478507,27,"Backspace","Backspace","1617","260","j","Remove/Cut"
"1936","1936","1936",1478507,1478531,24,"Backspace","Backspace","1616","260","j","Remove/Cut"
"1937","1937","1937",1478531,1478562,31,"Backspace","Backspace","1615","260","j","Remove/Cut"
"1938","1938","1938",1478562,1478594,32,"Backspace","Backspace","1614","260","j","Remove/Cut"
"1939","1939","1939",1478594,1478627,33,"Backspace","Backspace","1613","260","j","Remove/Cut"
"1940","1940","1940",1478627,1478659,32,"Backspace","Backspace","1612","260","j","Remove/Cut"
"1941","1941","1941",1478659,1478683,24,"Backspace","Backspace","1611","260","j","Remove/Cut"
"1942","1942","1942",1478881,1479382,501,"Backspace","Backspace","1610","260","j","Remove/Cut"
"1943","1943","1943",1479382,1479414,32,"Backspace","Backspace","1609","260","j","Remove/Cut"
"1944","1944","1944",1479414,1479446,32,"Backspace","Backspace","1608","260","j","Remove/Cut"
"1945","1945","1945",1479446,1479479,33,"Backspace","Backspace","1607","260","j","Remove/Cut"
"1946","1946","1946",1479479,1479512,33,"Backspace","Backspace","1606","260","j","Remove/Cut"
"1947","1947","1947",1479512,1479546,34,"Backspace","Backspace","1605","260","j","Remove/Cut"
"1948","1948","1948",1479546,1479578,32,"Backspace","Backspace","1604","260","j","Remove/Cut"
"1949","1949","1949",1479578,1479623,45,"Backspace","Backspace","1603","260","j","Remove/Cut"
"1950","1950","1950",1479623,1479648,25,"Backspace","Backspace","1602","260","j","Remove/Cut"
"1951","1951","1951",1479648,1479680,32,"Backspace","Backspace","1601","260","j","Remove/Cut"
"1952","1952","1952",1479680,1479711,31,"Backspace","Backspace","1600","260","j","Remove/Cut"
"1953","1953","1953",1479711,1479744,33,"Backspace","Backspace","1599","260","j","Remove/Cut"
"1954","1954","1954",1479744,1479778,34,"Backspace","Backspace","1598","260","j","Remove/Cut"
"1955","1955","1955",1479778,1479819,41,"Backspace","Backspace","1597","260","j","Remove/Cut"
"1956","1956","1956",1479819,1479902,83,"Backspace","Backspace","1596","260","j","Remove/Cut"
"1957","1957","1957",1479902,1479911,9,"Backspace","Backspace","1595","260","j","Remove/Cut"
"1958","1958","1958",1479911,1480003,92,"Backspace","Backspace","1594","260","j","Remove/Cut"
"1959","1959","1959",1480003,1480060,57,"Backspace","Backspace","1593","260","j","Remove/Cut"
"1960","1960","1960",1480060,1480080,20,"Backspace","Backspace","1592","260","j","Remove/Cut"
"1961","1961","1961",1480080,1480109,29,"Backspace","Backspace","1591","260","j","Remove/Cut"
"1962","1962","1962",1480109,1480141,32,"Backspace","Backspace","1590","260","j","Remove/Cut"
"1963","1963","1963",1480141,1480172,31,"Backspace","Backspace","1589","260","j","Remove/Cut"
"1964","1964","1964",1480172,1480205,33,"Backspace","Backspace","1588","260","j","Remove/Cut"
"1965","1965","1965",1480205,1480237,32,"Backspace","Backspace","1587","260","j","Remove/Cut"
"1966","1966","1966",1480237,1480271,34,"Backspace","Backspace","1586","260","j","Remove/Cut"
"1967","1967","1967",1480271,1480304,33,"Backspace","Backspace","1585","260","j","Remove/Cut"
"1968","1968","1968",1480304,1480336,32,"Backspace","Backspace","1584","260","j","Remove/Cut"
"1969","1969","1969",1480336,1480370,34,"Backspace","Backspace","1583","260","j","Remove/Cut"
"1970","1970","1970",1480370,1480404,34,"Backspace","Backspace","1582","260","j","Remove/Cut"
"1971","1971","1971",1480404,1480436,32,"Backspace","Backspace","1581","260","j","Remove/Cut"
"1972","1972","1972",1480436,1480471,35,"Backspace","Backspace","1580","260","j","Remove/Cut"
"1973","1973","1973",1480471,1480502,31,"Backspace","Backspace","1579","260","j","Remove/Cut"
"1974","1974","1974",1480502,1480533,31,"Backspace","Backspace","1578","260","j","Remove/Cut"
"1975","1975","1975",1480533,1480572,39,"Backspace","Backspace","1577","260","j","Remove/Cut"
"1976","1976","1976",1480572,1480603,31,"Backspace","Backspace","1576","260","j","Remove/Cut"
"1977","1977","1977",1480603,1480635,32,"Backspace","Backspace","1575","260","j","Remove/Cut"
"1978","1978","1978",1480635,1480682,47,"Backspace","Backspace","1574","260","j","Remove/Cut"
"1979","1979","1979",1480682,1480701,19,"Backspace","Backspace","1573","260","j","Remove/Cut"
"1980","1980","1980",1480701,1480734,33,"Backspace","Backspace","1572","260","j","Remove/Cut"
"1981","1981","1981",1480734,1480775,41,"Backspace","Backspace","1571","260","j","Remove/Cut"
"1982","1982","1982",1480775,1480800,25,"Backspace","Backspace","1570","260","j","Remove/Cut"
"1983","1983","1983",1480800,1480836,36,"Backspace","Backspace","1569","260","j","Remove/Cut"
"1984","1984","1984",1480836,1480870,34,"Backspace","Backspace","1568","260","j","Remove/Cut"
"1985","1985","1985",1480870,1480898,28,"Backspace","Backspace","1567","260","j","Remove/Cut"
"1986","1986","1986",1480898,1480935,37,"Backspace","Backspace","1566","260","j","Remove/Cut"
"1987","1987","1987",1480935,1480964,29,"Backspace","Backspace","1565","260","j","Remove/Cut"
"1988","1988","1988",1480964,1480998,34,"Backspace","Backspace","1564","260","j","Remove/Cut"
"1989","1989","1989",1480998,1481033,35,"Backspace","Backspace","1563","260","j","Remove/Cut"
"1990","1990","1990",1481033,1481063,30,"Backspace","Backspace","1562","260","j","Remove/Cut"
"1991","1991","1991",1481063,1481097,34,"Backspace","Backspace","1561","260","j","Remove/Cut"
"1992","1992","1992",1481097,1481129,32,"Backspace","Backspace","1560","260","j","Remove/Cut"
"1993","1993","1993",1481129,1481161,32,"Backspace","Backspace","1559","260","j","Remove/Cut"
"1994","1994","1994",1481161,1481195,34,"Backspace","Backspace","1558","260","j","Remove/Cut"
"1995","1995","1995",1481195,1481228,33,"Backspace","Backspace","1557","260","j","Remove/Cut"
"1996","1996","1996",1481228,1481262,34,"Backspace","Backspace","1556","260","j","Remove/Cut"
"1997","1997","1997",1481262,1481295,33,"Backspace","Backspace","1555","260","j","Remove/Cut"
"1998","1998","1998",1481295,1481327,32,"Backspace","Backspace","1554","260","j","Remove/Cut"
"1999","1999","1999",1481327,1481358,31,"Backspace","Backspace","1553","260","j","Remove/Cut"
"2000","2000","2000",1481358,1481398,40,"Backspace","Backspace","1552","260","j","Remove/Cut"
"2001","2001","2001",1481398,1481427,29,"Backspace","Backspace","1551","260","j","Remove/Cut"
"2002","2002","2002",1481427,1481459,32,"Backspace","Backspace","1550","260","j","Remove/Cut"
"2003","2003","2003",1481459,1481493,34,"Backspace","Backspace","1549","260","j","Remove/Cut"
"2004","2004","2004",1481493,1481527,34,"Backspace","Backspace","1548","260","j","Remove/Cut"
"2005","2005","2005",1481527,1481560,33,"Backspace","Backspace","1547","260","j","Remove/Cut"
"2006","2006","2006",1481560,1481590,30,"Backspace","Backspace","1546","260","j","Remove/Cut"
"2007","2007","2007",1481590,1481624,34,"Backspace","Backspace","1545","260","j","Remove/Cut"
"2008","2008","2008",1481624,1481656,32,"Backspace","Backspace","1544","260","j","Remove/Cut"
"2009","2009","2009",1481656,1481690,34,"Backspace","Backspace","1543","260","j","Remove/Cut"
"2010","2010","2010",1481690,1481737,47,"Backspace","Backspace","1542","260","j","Remove/Cut"
"2011","2011","2011",1481737,1481757,20,"Backspace","Backspace","1541","260","j","Remove/Cut"
"2012","2012","2012",1481757,1481789,32,"Backspace","Backspace","1540","260","j","Remove/Cut"
"2013","2013","2013",1481789,1481822,33,"Backspace","Backspace","1539","260","j","Remove/Cut"
"2014","2014","2014",1481822,1481855,33,"Backspace","Backspace","1538","260","j","Remove/Cut"
"2015","2015","2015",1481855,1481888,33,"Backspace","Backspace","1537","260","j","Remove/Cut"
"2016","2016","2016",1481888,1481920,32,"Backspace","Backspace","1536","260","j","Remove/Cut"
"2017","2017","2017",1481920,1481979,59,"Backspace","Backspace","1535","260","j","Remove/Cut"
"2018","2018","2018",1481979,1481986,7,"Backspace","Backspace","1534","260","j","Remove/Cut"
"2019","2019","2019",1481986,1482022,36,"Backspace","Backspace","1533","260","j","Remove/Cut"
"2020","2020","2020",1482022,1482056,34,"Backspace","Backspace","1532","260","j","Remove/Cut"
"2021","2021","2021",1482056,1482089,33,"Backspace","Backspace","1531","260","j","Remove/Cut"
"2022","2022","2022",1482089,1482125,36,"Backspace","Backspace","1530","260","j","Remove/Cut"
"2023","2023","2023",1482125,1482164,39,"Backspace","Backspace","1529","260","j","Remove/Cut"
"2024","2024","2024",1482164,1482230,66,"Backspace","Backspace","1528","260","j","Remove/Cut"
"2025","2025","2025",1482230,1482253,23,"Backspace","Backspace","1527","260","j","Remove/Cut"
"2026","2026","2026",1482253,1482283,30,"Backspace","Backspace","1526","260","j","Remove/Cut"
"2027","2027","2027",1482283,1482316,33,"Backspace","Backspace","1525","260","j","Remove/Cut"
"2028","2028","2028",1482316,1482350,34,"Backspace","Backspace","1524","260","j","Remove/Cut"
"2029","2029","2029",1482350,1482384,34,"Backspace","Backspace","1523","260","j","Remove/Cut"
"2030","2030","2030",1482384,1482416,32,"Backspace","Backspace","1522","260","j","Remove/Cut"
"2031","2031","2031",1482416,1482448,32,"Backspace","Backspace","1521","260","j","Remove/Cut"
"2032","2032","2032",1482448,1482496,48,"Backspace","Backspace","1520","260","j","Remove/Cut"
"2033","2033","2033",1482496,1482513,17,"Backspace","Backspace","1519","260","j","Remove/Cut"
"2034","2034","2034",1482513,1482546,33,"Backspace","Backspace","1518","260","j","Remove/Cut"
"2035","2035","2035",1482546,1482581,35,"Backspace","Backspace","1517","260","j","Remove/Cut"
"2036","2036","2036",1482581,1482615,34,"Backspace","Backspace","1516","260","j","Remove/Cut"
"2037","2037","2037",1482615,1482619,4,"Backspace","Backspace","1515","260","j","Remove/Cut"
"2038","2038","2038",1482744,1482923,179,"Backspace","Backspace","1514","260","j","Remove/Cut"
"2039","2039","2039",1483152,1483650,498,"Backspace","Backspace","1513","260","j","Remove/Cut"
"2040","2040","2040",1483650,1483684,34,"Backspace","Backspace","1512","260","u","Remove/Cut"
"2041","2041","2041",1483684,1483717,33,"Backspace","Backspace","1511","260","j","Remove/Cut"
"2042","2042","2042",1483717,1484083,366,"Backspace","Backspace","1510","260","b","Remove/Cut"
"2043","2043","2043",1484083,1484104,21,"Backspace","Backspace","1509","260","j","Remove/Cut"
"2044","2044","2044",1484363,1484540,177,"Backspace","Backspace","1508","260","j","Remove/Cut"
"2045","2045","2045",1484673,1485407,734,"Backspace","Backspace","1507","260","b","Remove/Cut"
"2046","2046","2046",1485420,1485424,4,"Backspace","Backspace","1506","260","n","Remove/Cut"
"2047","2047","2047",1485429,1485433,4,"Backspace","Backspace","1505","260","h","Remove/Cut"
"2048","2048","2048",1485642,1485773,131,"Backspace","Backspace","1504","260",".","Remove/Cut"
"2049","2049","2049",1487397,1487516,119,".",".","1505","260",".","Input"
"2050","2050","2050",1491599,1491788,189,"j","j","1506","260","j","Input"
"2051","2051","2051",1492270,1492381,111,"j","j","1507","260","j","Input"
"2052","2052","2052",1495828,1495950,122,"j","j","1508","260","j","Input"
"2053","2053","2053",1499224,1499374,150,"j","j","1509","260","j","Input"
"2054","2054","2054",1499746,1499900,154,"j","j","1510","260","j","Input"
"2055","2055","2055",1503036,1503179,143,"j","j","1511","260","j","Input"
"2056","2056","2056",1507296,1507454,158,"j","j","1512","260","j","Input"
"2057","2057","2057",1511192,1511317,125,"j","j","1513","260","j","Input"
"2058","2058","2058",1515763,1515819,56,"j","j","1514","260","j","Input"
"2059","2059","2059",1516229,1516364,135,"j","j","1515","260","j","Input"
"2060","2060","2060",1516598,1516750,152,"j","j","1516","260","j","Input"
"2061","2061","2061",1518982,1519068,86,"j","j","1517","260","j","Input"
"2062","2062","2062",1521504,1521660,156,"j","j","1518","260","j","Input"
"2063","2063","2063",1521856,1522357,501,"j","j","1519","260","j","Input"
"2064","2064","2064",1522357,1522390,33,"j","j","1520","260","j","Input"
"2065","2065","2065",1522390,1522465,75,"j","j","1521","260","j","Input"
"2066","2066","2066",1522465,1522473,8,"j","j","1522","260","j","Input"
"2067","2067","2067",1522473,1522487,14,"j","j","1523","260","j","Input"
"2068","2068","2068",1522487,1522523,36,"j","j","1524","260","j","Input"
"2069","2069","2069",1522523,1522554,31,"j","j","1525","260","j","Input"
"2070","2070","2070",1522554,1522572,18,"j","j","1526","260","j","Input"
"2071","2071","2071",1523152,1523286,134,"j","j","1527","260","j","Input"
"2072","2072","2072",1526099,1526254,155,"j","j","1528","260","j","Input"
"2073","2073","2073",1528113,1528303,190,"j","j","1529","260","j","Input"
"2074","2074","2074",1528513,1529005,492,"j","j","1530","260","j","Input"
"2075","2075","2075",1529005,1529044,39,"j","j","1531","260","j","Input"
"2076","2076","2076",1529044,1529078,34,"j","j","1532","260","j","Input"
"2077","2077","2077",1529078,1529111,33,"j","j","1533","260","j","Input"
"2078","2078","2078",1529111,1529144,33,"j","j","1534","260","j","Input"
"2079","2079","2079",1529144,1529178,34,"j","j","1535","260","j","Input"
"2080","2080","2080",1529178,1529210,32,"j","j","1536","260","j","Input"
"2081","2081","2081",1529210,1529243,33,"j","j","1537","260","j","Input"
"2082","2082","2082",1529243,1529276,33,"j","j","1538","260","j","Input"
"2083","2083","2083",1529276,1529309,33,"j","j","1539","260","j","Input"
"2084","2084","2084",1529309,1529344,35,"j","j","1540","260","j","Input"
"2085","2085","2085",1529344,1529375,31,"j","j","1541","260","j","Input"
"2086","2086","2086",1529375,1529409,34,"j","j","1542","260","j","Input"
"2087","2087","2087",1529409,1529443,34,"j","j","1543","260","j","Input"
"2088","2088","2088",1529443,1529477,34,"j","j","1544","260","j","Input"
"2089","2089","2089",1529477,1529507,30,"j","j","1545","260","j","Input"
"2090","2090","2090",1529507,1529542,35,"j","j","1546","260","j","Input"
"2091","2091","2091",1529542,1529577,35,"j","j","1547","260","j","Input"
"2092","2092","2092",1529577,1529613,36,"j","j","1548","260","j","Input"
"2093","2093","2093",1529613,1529675,62,"j","j","1549","260","j","Input"
"2094","2094","2094",1529675,1529677,2,"j","j","1550","260","j","Input"
"2095","2095","2095",1553496,1553693,197,"j","j","1551","260","j","Input"
"2096","2096","2096",1597817,1597996,179,"j","j","1552","260","j","Input"
"2097","2097","2097",1598208,1598319,111,"j","j","1553","260","j","Input"
"2098","2098","2098",1598565,1599078,513,"j","j","1554","260","j","Input"
"2099","2099","2099",1599078,1599174,96,"j","j","1555","260","j","Input"
"2100","2100","2100",1599174,1599182,8,"j","j","1556","260","j","Input"
"2101","2101","2101",1599182,1599195,13,"j","j","1557","260","j","Input"
"2102","2102","2102",1599195,1599235,40,"j","j","1558","260","j","Input"
"2103","2103","2103",1599235,1599260,25,"j","j","1559","260","j","Input"
"2104","2104","2104",1599260,1599381,121,"j","j","1560","260","j","Input"
"2105","2105","2105",1599381,1599389,8,"j","j","1561","260","j","Input"
"2106","2106","2106",1599389,1599397,8,"j","j","1562","260","j","Input"
"2107","2107","2107",1599397,1599425,28,"j","j","1563","260","j","Input"
"2108","2108","2108",1599425,1599458,33,"j","j","1564","260","j","Input"
"2109","2109","2109",1599458,1599490,32,"j","j","1565","260","j","Input"
"2110","2110","2110",1599490,1599525,35,"j","j","1566","260","j","Input"
"2111","2111","2111",1599525,1599558,33,"j","j","1567","260","j","Input"
"2112","2112","2112",1599558,1599589,31,"j","j","1568","260","j","Input"
"2113","2113","2113",1599589,1599626,37,"j","j","1569","260","j","Input"
"2114","2114","2114",1599626,1599656,30,"j","j","1570","260","j","Input"
"2115","2115","2115",1599656,1599693,37,"j","j","1571","260","j","Input"
"2116","2116","2116",1599693,1599722,29,"j","j","1572","260","j","Input"
"2117","2117","2117",1599722,1599756,34,"j","j","1573","260","j","Input"
"2118","2118","2118",1599756,1599790,34,"j","j","1574","260","j","Input"
"2119","2119","2119",1599790,1599821,31,"j","j","1575","260","j","Input"
"2120","2120","2120",1599821,1599854,33,"j","j","1576","260","j","Input"
"2121","2121","2121",1599854,1599888,34,"j","j","1577","260","j","Input"
"2122","2122","2122",1599888,1599930,42,"j","j","1578","260","j","Input"
"2123","2123","2123",1599930,1599951,21,"j","j","1579","260","j","Input"
"2124","2124","2124",1599951,1599984,33,"j","j","1580","260","j","Input"
"2125","2125","2125",1599984,1599985,1,"j","j","1581","260","j","Input"
"2126","2126","2126",1604756,1604845,89,"Backspace","Backspace","1580","260","j","Remove/Cut"
"2127","2127","2127",1604991,1605069,78,"Backspace","Backspace","1579","260","j","Remove/Cut"
"2128","2128","2128",1605188,1605261,73,"Backspace","Backspace","1578","260","j","Remove/Cut"
"2129","2129","2129",1605471,1605472,1,"Backspace","Backspace","1577","260","j","Remove/Cut"
"2130","2130","2130",1605638,1605762,124,"Backspace","Backspace","1576","260","j","Remove/Cut"
"2131","2131","2131",1605827,1605933,106,"Backspace","Backspace","1575","260","j","Remove/Cut"
"2132","2132","2132",1606005,1606504,499,"Backspace","Backspace","1574","260","j","Remove/Cut"
"2133","2133","2133",1606504,1606536,32,"Backspace","Backspace","1573","260","j","Remove/Cut"
"2134","2134","2134",1606536,1606569,33,"Backspace","Backspace","1572","260","j","Remove/Cut"
"2135","2135","2135",1606569,1606602,33,"Backspace","Backspace","1571","260","j","Remove/Cut"
"2136","2136","2136",1606602,1606633,31,"Backspace","Backspace","1570","260","j","Remove/Cut"
"2137","2137","2137",1606633,1606667,34,"Backspace","Backspace","1569","260","j","Remove/Cut"
"2138","2138","2138",1606667,1606700,33,"Backspace","Backspace","1568","260","j","Remove/Cut"
"2139","2139","2139",1606700,1606733,33,"Backspace","Backspace","1567","260","j","Remove/Cut"
"2140","2140","2140",1606733,1606766,33,"Backspace","Backspace","1566","260","j","Remove/Cut"
"2141","2141","2141",1606766,1606799,33,"Backspace","Backspace","1565","260","j","Remove/Cut"
"2142","2142","2142",1606799,1606832,33,"Backspace","Backspace","1564","260","j","Remove/Cut"
"2143","2143","2143",1606832,1606866,34,"Backspace","Backspace","1563","260","j","Remove/Cut"
"2144","2144","2144",1606866,1606899,33,"Backspace","Backspace","1562","260","j","Remove/Cut"
"2145","2145","2145",1606899,1606930,31,"Backspace","Backspace","1561","260","j","Remove/Cut"
"2146","2146","2146",1606930,1606965,35,"Backspace","Backspace","1560","260","j","Remove/Cut"
"2147","2147","2147",1606965,1606994,29,"Backspace","Backspace","1559","260","j","Remove/Cut"
"2148","2148","2148",1606994,1607021,27,"Backspace","Backspace","1558","260","j","Remove/Cut"
"2149","2149","2149",1607194,1607704,510,"Backspace","Backspace","1557","260","j","Remove/Cut"
"2150","2150","2150",1607704,1607736,32,"Backspace","Backspace","1556","260","j","Remove/Cut"
"2151","2151","2151",1607736,1607770,34,"Backspace","Backspace","1555","260","j","Remove/Cut"
"2152","2152","2152",1607770,1607803,33,"Backspace","Backspace","1554","260","j","Remove/Cut"
"2153","2153","2153",1607803,1607835,32,"Backspace","Backspace","1553","260","j","Remove/Cut"
"2154","2154","2154",1607835,1607865,30,"Backspace","Backspace","1552","260","j","Remove/Cut"
"2155","2155","2155",1607865,1607899,34,"Backspace","Backspace","1551","260","j","Remove/Cut"
"2156","2156","2156",1607899,1607932,33,"Backspace","Backspace","1550","260","j","Remove/Cut"
"2157","2157","2157",1607932,1607966,34,"Backspace","Backspace","1549","260","j","Remove/Cut"
"2158","2158","2158",1607966,1607998,32,"Backspace","Backspace","1548","260","j","Remove/Cut"
"2159","2159","2159",1607998,1608036,38,"Backspace","Backspace","1547","260","j","Remove/Cut"
"2160","2160","2160",1608036,1608065,29,"Backspace","Backspace","1546","260","j","Remove/Cut"
"2161","2161","2161",1608065,1608096,31,"Backspace","Backspace","1545","260","j","Remove/Cut"
"2162","2162","2162",1608096,1608183,87,"Backspace","Backspace","1544","260","j","Remove/Cut"
"2163","2163","2163",1608183,1608189,6,"Backspace","Backspace","1543","260","j","Remove/Cut"
"2164","2164","2164",1608189,1608196,7,"Backspace","Backspace","1542","260","j","Remove/Cut"
"2165","2165","2165",1608196,1608229,33,"Backspace","Backspace","1541","260","j","Remove/Cut"
"2166","2166","2166",1608229,1608268,39,"Backspace","Backspace","1540","260","j","Remove/Cut"
"2167","2167","2167",1608268,1608295,27,"Backspace","Backspace","1539","260","j","Remove/Cut"
"2168","2168","2168",1608295,1608329,34,"Backspace","Backspace","1538","260","j","Remove/Cut"
"2169","2169","2169",1608329,1608361,32,"Backspace","Backspace","1537","260","j","Remove/Cut"
"2170","2170","2170",1608361,1608396,35,"Backspace","Backspace","1536","260","j","Remove/Cut"
"2171","2171","2171",1608396,1608427,31,"Backspace","Backspace","1535","260","j","Remove/Cut"
"2172","2172","2172",1608427,1608459,32,"Backspace","Backspace","1534","260","j","Remove/Cut"
"2173","2173","2173",1608459,1608505,46,"Backspace","Backspace","1533","260","j","Remove/Cut"
"2174","2174","2174",1608505,1608525,20,"Backspace","Backspace","1532","260","j","Remove/Cut"
"2175","2175","2175",1608525,1608570,45,"Backspace","Backspace","1531","260","j","Remove/Cut"
"2176","2176","2176",1608570,1608598,28,"Backspace","Backspace","1530","260","j","Remove/Cut"
"2177","2177","2177",1608598,1608624,26,"Backspace","Backspace","1529","260","j","Remove/Cut"
"2178","2178","2178",1608624,1608657,33,"Backspace","Backspace","1528","260","j","Remove/Cut"
"2179","2179","2179",1608657,1608690,33,"Backspace","Backspace","1527","260","j","Remove/Cut"
"2180","2180","2180",1608690,1608726,36,"Backspace","Backspace","1526","260","j","Remove/Cut"
"2181","2181","2181",1608726,1608757,31,"Backspace","Backspace","1525","260","j","Remove/Cut"
"2182","2182","2182",1608757,1608793,36,"Backspace","Backspace","1524","260","j","Remove/Cut"
"2183","2183","2183",1608793,1608825,32,"Backspace","Backspace","1523","260","j","Remove/Cut"
"2184","2184","2184",1608825,1608857,32,"Backspace","Backspace","1522","260","j","Remove/Cut"
"2185","2185","2185",1608857,1608891,34,"Backspace","Backspace","1521","260","j","Remove/Cut"
"2186","2186","2186",1608891,1608935,44,"Backspace","Backspace","1520","260","j","Remove/Cut"
"2187","2187","2187",1608935,1608957,22,"Backspace","Backspace","1519","260","j","Remove/Cut"
"2188","2188","2188",1608957,1608989,32,"Backspace","Backspace","1518","260","j","Remove/Cut"
"2189","2189","2189",1608989,1609023,34,"Backspace","Backspace","1517","260","j","Remove/Cut"
"2190","2190","2190",1609023,1609054,31,"Backspace","Backspace","1516","260","j","Remove/Cut"
"2191","2191","2191",1609054,1609088,34,"Backspace","Backspace","1515","260","j","Remove/Cut"
"2192","2192","2192",1609088,1609123,35,"Backspace","Backspace","1514","260","j","Remove/Cut"
"2193","2193","2193",1609123,1609124,1,"Backspace","Backspace","1513","260","j","Remove/Cut"
"2194","2194","2194",1609348,1609726,378,"Backspace","Backspace","1512","260","j","Remove/Cut"
"2195","2195","2195",1609879,1610047,168,"Backspace","Backspace","1511","260","j","Remove/Cut"
"2196","2196","2196",1610146,1610331,185,"Backspace","Backspace","1510","260","j","Remove/Cut"
"2197","2197","2197",1610389,1610541,152,"Backspace","Backspace","1509","260","j","Remove/Cut"
"2198","2198","2198",1610658,1610814,156,"Backspace","Backspace","1508","260","j","Remove/Cut"
"2199","2199","2199",1610931,1611097,166,"Backspace","Backspace","1507","260","j","Remove/Cut"
"2200","2200","2200",1611203,1611373,170,"Backspace","Backspace","1506","260","j","Remove/Cut"
"2201","2201","2201",1611826,1611933,107,"Backspace","Backspace","1505","260","j","Remove/Cut"
"2202","2202","2202",1628148,1628287,139,"j","j","1506","260","j","Input"
"2203","2203","2203",1628491,1628589,98,"s","s","1507","260","s","Input"
"2204","2204","2204",1628947,1629054,107,"j","j","1508","260","j","Input"
"2205","2205","2205",1629260,1629358,98,"s","s","1509","260","s","Input"
"2206","2206","2206",1629669,1629778,109,"j","j","1510","260","j","Input"
"2207","2207","2207",1629953,1630062,109,"s","s","1511","260","s","Input"
"2208","2208","2208",1630348,1630479,131,"j","j","1512","260","j","Input"
"2209","2209","2209",1630645,1630783,138,"s","s","1513","260","s","Input"
"2210","2210","2210",1631052,1631215,163,"j","j","1514","260","j","Input"
"2211","2211","2211",1631332,1631453,121,"s","s","1515","260","s","Input"
"2212","2212","2212",1632401,1632526,125,"Backspace","Backspace","1514","260","s","Remove/Cut"
"2213","2213","2213",1632612,1632734,122,"Backspace","Backspace","1513","260","j","Remove/Cut"
"2214","2214","2214",1632819,1632925,106,"Backspace","Backspace","1512","260","s","Remove/Cut"
"2215","2215","2215",1633028,1633134,106,"Backspace","Backspace","1511","260","j","Remove/Cut"
"2216","2216","2216",1633240,1633355,115,"Backspace","Backspace","1510","260","s","Remove/Cut"
"2217","2217","2217",1633475,1633540,65,"Backspace","Backspace","1509","260","j","Remove/Cut"
"2218","2218","2218",1633606,1633707,101,"Backspace","Backspace","1508","260","s","Remove/Cut"
"2219","2219","2219",1633817,1633934,117,"Backspace","Backspace","1507","260","j","Remove/Cut"
"2220","2220","2220",1634082,1634192,110,"Backspace","Backspace","1506","260","s","Remove/Cut"
"2221","2221","2221",1634427,1634557,130,"Backspace","Backspace","1505","260","j","Remove/Cut"
"2222","2222","2222",1648885,1648958,73,"j","j","1506","260","j","Input"
"2223","2223","2223",1649152,1649230,78,"k","k","1507","260","k","Input"
"2224","2224","2224",1649859,1649935,76,"j","j","1508","260","j","Input"
"2225","2225","2225",1650158,1650214,56,"k","k","1509","260","k","Input"
"2226","2226","2226",1650419,1650492,73,"j","j","1510","260","j","Input"
"2227","2227","2227",1650674,1650734,60,"k","k","1511","260","k","Input"
"2228","2228","2228",1650918,1650990,72,"j","j","1512","260","j","Input"
"2229","2229","2229",1651129,1651198,69,"k","k","1513","260","k","Input"
"2230","2230","2230",1651348,1651422,74,"j","j","1514","260","j","Input"
"2231","2231","2231",1651551,1651613,62,"k","k","1515","260","k","Input"
"2232","2232","2232",1651754,1651865,111,"j","j","1516","260","j","Input"
"2233","2233","2233",1652020,1652095,75,"k","k","1517","260","k","Input"
"2234","2234","2234",1652223,1652335,112,"j","j","1518","260","j","Input"
"2235","2235","2235",1652551,1652573,22,"k","k","1519","260","k","Input"
"2236","2236","2236",1652882,1652909,27,"j","j","1520","260","j","Input"
"2237","2237","2237",1653282,1653406,124,"k","k","1521","260","k","Input"
"2238","2238","2238",1653859,1654004,145,"j","j","1522","260","j","Input"
"2239","2239","2239",1654169,1654318,149,"k","k","1523","260","k","Input"
"2240","2240","2240",1654531,1654672,141,"j","j","1524","260","j","Input"
"2241","2241","2241",1654958,1654978,20,"k","k","1525","260","k","Input"
"2242","2242","2242",1655150,1655295,145,"j","j","1526","260","j","Input"
"2243","2243","2243",1655477,1655598,121,"k","k","1527","260","k","Input"
"2244","2244","2244",1655796,1655982,186,"j","j","1528","260","j","Input"
"2245","2245","2245",1656255,1656319,64,"k","k","1529","260","k","Input"
"2246","2246","2246",1656549,1656734,185,"j","j","1530","260","j","Input"
"2247","2247","2247",1656947,1657038,91,"k","k","1531","260","k","Input"
"2248","2248","2248",1657255,1657441,186,"j","j","1532","260","j","Input"
"2249","2249","2249",1657613,1657745,132,"k","k","1533","260","k","Input"
"2250","2250","2250",1657926,1658063,137,"j","j","1534","260","j","Input"
"2251","2251","2251",1658271,1658427,156,"k","k","1535","260","k","Input"
"2252","2252","2252",1658595,1658750,155,"j","j","1536","260","j","Input"
"2253","2253","2253",1658933,1659133,200,"k","k","1537","260","k","Input"
"2254","2254","2254",1659294,1659438,144,"j","j","1538","260","j","Input"
"2255","2255","2255",1659602,1659726,124,"k","k","1539","260","k","Input"
"2256","2256","2256",1659876,1659993,117,"j","j","1540","260","j","Input"
"2257","2257","2257",1660164,1660334,170,"k","k","1541","260","k","Input"
"2258","2258","2258",1660499,1660755,256,"j","j","1542","260","j","Input"
"2259","2259","2259",1661075,1661436,361,"k","k","1543","260","k","Input"
"2260","2260","2260",1661607,1661726,119,"j","j","1544","260","j","Input"
"2261","2261","2261",1661893,1662015,122,"k","k","1545","260","k","Input"
"2262","2262","2262",1662148,1662318,170,"j","j","1546","260","j","Input"
"2263","2263","2263",1662449,1662576,127,"k","k","1547","260","k","Input"
"2264","2264","2264",1662724,1662862,138,"j","j","1548","260","j","Input"
"2265","2265","2265",1663011,1663146,135,"k","k","1549","260","k","Input"
"2266","2266","2266",1663271,1663392,121,"j","j","1550","260","j","Input"
"2267","2267","2267",1663551,1663661,110,"k","k","1551","260","k","Input"
"2268","2268","2268",1663818,1663968,150,"j","j","1552","260","j","Input"
"2269","2269","2269",1664112,1664239,127,"k","k","1553","260","k","Input"
"2270","2270","2270",1664410,1664526,116,"j","j","1554","260","j","Input"
"2271","2271","2271",1664675,1664798,123,"k","k","1555","260","k","Input"
"2272","2272","2272",1666177,1666660,483,"Backspace","Backspace","1554","260","k","Remove/Cut"
"2273","2273","2273",1666660,1666696,36,"Backspace","Backspace","1553","260","j","Remove/Cut"
"2274","2274","2274",1666696,1666731,35,"Backspace","Backspace","1552","260","k","Remove/Cut"
"2275","2275","2275",1666731,1666763,32,"Backspace","Backspace","1551","260","j","Remove/Cut"
"2276","2276","2276",1666763,1666795,32,"Backspace","Backspace","1550","260","k","Remove/Cut"
"2277","2277","2277",1666795,1666829,34,"Backspace","Backspace","1549","260","j","Remove/Cut"
"2278","2278","2278",1666829,1666861,32,"Backspace","Backspace","1548","260","k","Remove/Cut"
"2279","2279","2279",1666861,1666898,37,"Backspace","Backspace","1547","260","j","Remove/Cut"
"2280","2280","2280",1666898,1666927,29,"Backspace","Backspace","1546","260","k","Remove/Cut"
"2281","2281","2281",1666927,1666961,34,"Backspace","Backspace","1545","260","j","Remove/Cut"
"2282","2282","2282",1666961,1666996,35,"Backspace","Backspace","1544","260","k","Remove/Cut"
"2283","2283","2283",1666996,1667028,32,"Backspace","Backspace","1543","260","j","Remove/Cut"
"2284","2284","2284",1667028,1667061,33,"Backspace","Backspace","1542","260","k","Remove/Cut"
"2285","2285","2285",1667061,1667092,31,"Backspace","Backspace","1541","260","j","Remove/Cut"
"2286","2286","2286",1667092,1667125,33,"Backspace","Backspace","1540","260","k","Remove/Cut"
"2287","2287","2287",1667125,1667158,33,"Backspace","Backspace","1539","260","j","Remove/Cut"
"2288","2288","2288",1667158,1667190,32,"Backspace","Backspace","1538","260","k","Remove/Cut"
"2289","2289","2289",1667190,1667226,36,"Backspace","Backspace","1537","260","j","Remove/Cut"
"2290","2290","2290",1667226,1667260,34,"Backspace","Backspace","1536","260","k","Remove/Cut"
"2291","2291","2291",1667260,1667298,38,"Backspace","Backspace","1535","260","j","Remove/Cut"
"2292","2292","2292",1667298,1667370,72,"Backspace","Backspace","1534","260","k","Remove/Cut"
"2293","2293","2293",1667370,1667386,16,"Backspace","Backspace","1533","260","j","Remove/Cut"
"2294","2294","2294",1667386,1667412,26,"Backspace","Backspace","1532","260","k","Remove/Cut"
"2295","2295","2295",1667412,1667423,11,"Backspace","Backspace","1531","260","j","Remove/Cut"
"2296","2296","2296",1667423,1667457,34,"Backspace","Backspace","1530","260","k","Remove/Cut"
"2297","2297","2297",1667457,1667489,32,"Backspace","Backspace","1529","260","j","Remove/Cut"
"2298","2298","2298",1667489,1667523,34,"Backspace","Backspace","1528","260","k","Remove/Cut"
"2299","2299","2299",1667523,1667570,47,"Backspace","Backspace","1527","260","j","Remove/Cut"
"2300","2300","2300",1667570,1667588,18,"Backspace","Backspace","1526","260","k","Remove/Cut"
"2301","2301","2301",1667588,1667619,31,"Backspace","Backspace","1525","260","j","Remove/Cut"
"2302","2302","2302",1667619,1667652,33,"Backspace","Backspace","1524","260","k","Remove/Cut"
"2303","2303","2303",1667652,1667685,33,"Backspace","Backspace","1523","260","j","Remove/Cut"
"2304","2304","2304",1667685,1667719,34,"Backspace","Backspace","1522","260","k","Remove/Cut"
"2305","2305","2305",1667719,1667755,36,"Backspace","Backspace","1521","260","j","Remove/Cut"
"2306","2306","2306",1667755,1667787,32,"Backspace","Backspace","1520","260","k","Remove/Cut"
"2307","2307","2307",1667787,1667819,32,"Backspace","Backspace","1519","260","j","Remove/Cut"
"2308","2308","2308",1667819,1667853,34,"Backspace","Backspace","1518","260","k","Remove/Cut"
"2309","2309","2309",1667853,1667885,32,"Backspace","Backspace","1517","260","j","Remove/Cut"
"2310","2310","2310",1667885,1667920,35,"Backspace","Backspace","1516","260","k","Remove/Cut"
"2311","2311","2311",1667920,1667949,29,"Backspace","Backspace","1515","260","j","Remove/Cut"
"2312","2312","2312",1667949,1667985,36,"Backspace","Backspace","1514","260","k","Remove/Cut"
"2313","2313","2313",1667985,1668015,30,"Backspace","Backspace","1513","260","j","Remove/Cut"
"2314","2314","2314",1668015,1668049,34,"Backspace","Backspace","1512","260","k","Remove/Cut"
"2315","2315","2315",1668049,1668088,39,"Backspace","Backspace","1511","260","j","Remove/Cut"
"2316","2316","2316",1668088,1668121,33,"Backspace","Backspace","1510","260","k","Remove/Cut"
"2317","2317","2317",1668706,1668895,189,"Backspace","Backspace","1509","260","j","Remove/Cut"
"2318","2318","2318",1669177,1669318,141,"Backspace","Backspace","1508","260","k","Remove/Cut"
"2319","2319","2319",1669692,1669832,140,"Backspace","Backspace","1507","260","j","Remove/Cut"
"2320","2320","2320",1670153,1670304,151,"Backspace","Backspace","1506","260","k","Remove/Cut"
"2321","2321","2321",1671959,1672078,119,"Backspace","Backspace","1505","260","j","Remove/Cut"
"2322","2322","2322",1680500,1680927,427,"j","j","1506","260","j","Input"
"2323","2323","2323",1681123,1681376,253,"i","i","1507","260","i","Input"
"2324","2324","2324",1681767,1681952,185,"j","j","1508","260","j","Input"
"2325","2325","2325",1682180,1682303,123,"i","i","1509","260","i","Input"
"2326","2326","2326",1682549,1682767,218,"j","j","1510","260","j","Input"
"2327","2327","2327",1682885,1683065,180,"i","i","1511","260","i","Input"
"2328","2328","2328",1683508,1683519,11,"j","j","1512","260","j","Input"
"2329","2329","2329",1683624,1683662,38,"i","i","1513","260","i","Input"
"2330","2330","2330",1683844,1684005,161,"j","j","1514","260","j","Input"
"2331","2331","2331",1684196,1684352,156,"i","i","1515","260","i","Input"
"2332","2332","2332",1684534,1684688,154,"j","j","1516","260","j","Input"
"2333","2333","2333",1684834,1685009,175,"i","i","1517","260","i","Input"
"2334","2334","2334",1685093,1685266,173,"j","j","1518","260","j","Input"
"2335","2335","2335",1685381,1685551,170,"i","i","1519","260","i","Input"
"2336","2336","2336",1685621,1685759,138,"j","j","1520","260","j","Input"
"2337","2337","2337",1686038,1686167,129,"i","i","1521","260","i","Input"
"2338","2338","2338",1686244,1686608,364,"j","j","1522","260","j","Input"
"2339","2339","2339",1686757,1686974,217,"i","i","1523","260","i","Input"
"2340","2340","2340",1687046,1687199,153,"j","j","1524","260","j","Input"
"2341","2341","2341",1687302,1687466,164,"i","i","1525","260","i","Input"
"2342","2342","2342",1688547,1689049,502,"Backspace","Backspace","1524","260","i","Remove/Cut"
"2343","2343","2343",1689049,1689081,32,"Backspace","Backspace","1523","260","j","Remove/Cut"
"2344","2344","2344",1689081,1689114,33,"Backspace","Backspace","1522","260","i","Remove/Cut"
"2345","2345","2345",1689114,1689121,7,"Backspace","Backspace","1521","260","j","Remove/Cut"
"2346","2346","2346",1689223,1689263,40,"Backspace","Backspace","1520","260","i","Remove/Cut"
"2347","2347","2347",1689735,1690224,489,"Backspace","Backspace","1519","260","j","Remove/Cut"
"2348","2348","2348",1690224,1690267,43,"Backspace","Backspace","1518","260","i","Remove/Cut"
"2349","2349","2349",1690267,1690301,34,"Backspace","Backspace","1517","260","j","Remove/Cut"
"2350","2350","2350",1690301,1690319,18,"Backspace","Backspace","1516","260","i","Remove/Cut"
"2351","2351","2351",1690566,1691064,498,"Backspace","Backspace","1515","260","j","Remove/Cut"
"2352","2352","2352",1691064,1691097,33,"Backspace","Backspace","1514","260","i","Remove/Cut"
"2353","2353","2353",1691097,1691129,32,"Backspace","Backspace","1513","260","j","Remove/Cut"
"2354","2354","2354",1691129,1691163,34,"Backspace","Backspace","1512","260","i","Remove/Cut"
"2355","2355","2355",1691163,1691195,32,"Backspace","Backspace","1511","260","j","Remove/Cut"
"2356","2356","2356",1691195,1691229,34,"Backspace","Backspace","1510","260","i","Remove/Cut"
"2357","2357","2357",1691229,1691264,35,"Backspace","Backspace","1509","260","j","Remove/Cut"
"2358","2358","2358",1691264,1691295,31,"Backspace","Backspace","1508","260","i","Remove/Cut"
"2359","2359","2359",1691295,1691312,17,"Backspace","Backspace","1507","260","j","Remove/Cut"
"2360","2360","2360",1691951,1692063,112,"Backspace","Backspace","1506","260","i","Remove/Cut"
"2361","2361","2361",1692404,1692560,156,"Backspace","Backspace","1505","260","j","Remove/Cut"
"2362","2362","2362",1698148,1698191,43,"d","d","1506","260","d","Input"
"2363","2363","2363",1698582,1698605,23,"r","r","1507","260","r","Input"
"2364","2364","2364",1698949,1699008,59,"f","f","1508","260","f","Input"
"2365","2365","2365",1699260,1699338,78,"t","t","1509","260","t","Input"
"2366","2366","2366",1699569,1699632,63,"g","g","1510","260","g","Input"
"2367","2367","2367",1699834,1699888,54,"y","y","1511","260","y","Input"
"2368","2368","2368",1700100,1700175,75,"h","h","1512","260","h","Input"
"2369","2369","2369",1700350,1700436,86,"u","u","1513","260","u","Input"
"2370","2370","2370",1700613,1701341,728,"j","j","1514","260","j","Input"
"2371","2371","2371",1701347,1701349,2,"i","i","1515","260","i","Input"
"2372","2372","2372",1701355,1701356,1,"k","k","1516","260","k","Input"
"2373","2373","2373",1701373,1701393,20,"o","o","1517","260","o","Input"
"2374","2374","2374",1701604,1701681,77,"l","l","1518","260","l","Input"
"2375","2375","2375",1701860,1702562,702,"p","p","1519","260","p","Input"
"2376","2376","2376",1703037,1703544,507,"Backspace","Backspace","1518","260","p","Remove/Cut"
"2377","2377","2377",1703544,1703579,35,"Backspace","Backspace","1517","260","l","Remove/Cut"
"2378","2378","2378",1703579,1703611,32,"Backspace","Backspace","1516","260","o","Remove/Cut"
"2379","2379","2379",1703611,1703644,33,"Backspace","Backspace","1515","260","k","Remove/Cut"
"2380","2380","2380",1703644,1703675,31,"Backspace","Backspace","1514","260","i","Remove/Cut"
"2381","2381","2381",1703675,1703710,35,"Backspace","Backspace","1513","260","j","Remove/Cut"
"2382","2382","2382",1703710,1703743,33,"Backspace","Backspace","1512","260","u","Remove/Cut"
"2383","2383","2383",1703743,1703776,33,"Backspace","Backspace","1511","260","h","Remove/Cut"
"2384","2384","2384",1703776,1703813,37,"Backspace","Backspace","1510","260","y","Remove/Cut"
"2385","2385","2385",1703813,1703845,32,"Backspace","Backspace","1509","260","g","Remove/Cut"
"2386","2386","2386",1703845,1703875,30,"Backspace","Backspace","1508","260","t","Remove/Cut"
"2387","2387","2387",1703875,1703906,31,"Backspace","Backspace","1507","260","f","Remove/Cut"
"2388","2388","2388",1703906,1703920,14,"Backspace","Backspace","1506","260","r","Remove/Cut"
"2389","2389","2389",1705030,1705150,120,"Backspace","Backspace","1505","260","d","Remove/Cut"
"2390","2390","2390",1707983,1708442,459,"c","c","1506","260","c","Input"
"2391","2391","2391",1708442,1708474,32,"c","c","1507","260","c","Input"
"2392","2392","2392",1708474,1708506,32,"c","c","1508","260","c","Input"
"2393","2393","2393",1708506,1708541,35,"c","c","1509","260","c","Input"
"2394","2394","2394",1708541,1708573,32,"c","c","1510","260","c","Input"
"2395","2395","2395",1708573,1708706,133,"c","c","1511","260","c","Input"
"2396","2396","2396",1708706,1708713,7,"c","c","1512","260","c","Input"
"2397","2397","2397",1708713,1708722,9,"c","c","1513","260","c","Input"
"2398","2398","2398",1708722,1708730,8,"c","c","1514","260","c","Input"
"2399","2399","2399",1708730,1708740,10,"c","c","1515","260","c","Input"
"2400","2400","2400",1708740,1708772,32,"c","c","1516","260","c","Input"
"2401","2401","2401",1708772,1708807,35,"c","c","1517","260","c","Input"
"2402","2402","2402",1708807,1708839,32,"c","c","1518","260","c","Input"
"2403","2403","2403",1708839,1708869,30,"c","c","1519","260","c","Input"
"2404","2404","2404",1708869,1708904,35,"c","c","1520","260","c","Input"
"2405","2405","2405",1708904,1708940,36,"c","c","1521","260","c","Input"
"2406","2406","2406",1708940,1709661,721,"c","c","1522","260","c","Input"
"2407","2407","2407",1709661,1709666,5,"c","c","1523","260","c","Input"
"2408","2408","2408",1709666,1709845,179,"c","c","1524","260","c","Input"
"2409","2409","2409",1709845,1709926,81,"c","c","1525","260","c","Input"
"2410","2410","2410",1709926,1709937,11,"c","c","1526","260","c","Input"
"2411","2411","2411",1709937,1710000,63,"c","c","1527","260","c","Input"
"2412","2412","2412",1710000,1710017,17,"c","c","1528","260","c","Input"
"2413","2413","2413",1710017,1710024,7,"c","c","1529","260","c","Input"
"2414","2414","2414",1710024,1710090,66,"c","c","1530","260","c","Input"
"2415","2415","2415",1710090,1710097,7,"c","c","1531","260","c","Input"
"2416","2416","2416",1710097,1710135,38,"c","c","1532","260","c","Input"
"2417","2417","2417",1710135,1710181,46,"c","c","1533","260","c","Input"
"2418","2418","2418",1710181,1710208,27,"c","c","1534","260","c","Input"
"2419","2419","2419",1710208,1710243,35,"c","c","1535","260","c","Input"
"2420","2420","2420",1710243,1710275,32,"c","c","1536","260","c","Input"
"2421","2421","2421",1710275,1710296,21,"c","c","1537","260","c","Input"
"2422","2422","2422",1710296,1710336,40,"c","c","1538","260","c","Input"
"2423","2423","2423",1710336,1710356,20,"c","c","1539","260","c","Input"
"2424","2424","2424",1710356,1710388,32,"c","c","1540","260","c","Input"
"2425","2425","2425",1710388,1710422,34,"c","c","1541","260","c","Input"
"2426","2426","2426",1710422,1710454,32,"c","c","1542","260","c","Input"
"2427","2427","2427",1710454,1710486,32,"c","c","1543","260","c","Input"
"2428","2428","2428",1710486,1710520,34,"c","c","1544","260","c","Input"
"2429","2429","2429",1710520,1710549,29,"c","c","1545","260","c","Input"
"2430","2430","2430",1710549,1710594,45,"c","c","1546","260","c","Input"
"2431","2431","2431",1710594,1710619,25,"c","c","1547","260","c","Input"
"2432","2432","2432",1710619,1710651,32,"c","c","1548","260","c","Input"
"2433","2433","2433",1710651,1710687,36,"c","c","1549","260","c","Input"
"2434","2434","2434",1710687,1710721,34,"c","c","1550","260","c","Input"
"2435","2435","2435",1710721,1710754,33,"c","c","1551","260","c","Input"
"2436","2436","2436",1710754,1710786,32,"c","c","1552","260","c","Input"
"2437","2437","2437",1710786,1710817,31,"c","c","1553","260","c","Input"
"2438","2438","2438",1710817,1710853,36,"c","c","1554","260","c","Input"
"2439","2439","2439",1710853,1710883,30,"c","c","1555","260","c","Input"
"2440","2440","2440",1710883,1710917,34,"c","c","1556","260","c","Input"
"2441","2441","2441",1710917,1710948,31,"c","c","1557","260","c","Input"
"2442","2442","2442",1710948,1710981,33,"c","c","1558","260","c","Input"
"2443","2443","2443",1710981,1711018,37,"c","c","1559","260","c","Input"
"2444","2444","2444",1711018,1711048,30,"c","c","1560","260","c","Input"
"2445","2445","2445",1711048,1711080,32,"c","c","1561","260","c","Input"
"2446","2446","2446",1711080,1711115,35,"c","c","1562","260","c","Input"
"2447","2447","2447",1711115,1711148,33,"c","c","1563","260","c","Input"
"2448","2448","2448",1711148,1711180,32,"c","c","1564","260","c","Input"
"2449","2449","2449",1711180,1711213,33,"c","c","1565","260","c","Input"
"2450","2450","2450",1711213,1711244,31,"c","c","1566","260","c","Input"
"2451","2451","2451",1711244,1711567,323,"c","c","1567","260","c","Input"
"2452","2452","2452",1711567,1711579,12,"c","c","1568","260","c","Input"
"2453","2453","2453",1711579,1711609,30,"c","c","1569","260","c","Input"
"2454","2454","2454",1711609,1711642,33,"c","c","1570","260","c","Input"
"2455","2455","2455",1711642,1711675,33,"c","c","1571","260","c","Input"
"2456","2456","2456",1711675,1711709,34,"c","c","1572","260","c","Input"
"2457","2457","2457",1711709,1711742,33,"c","c","1573","260","c","Input"
"2458","2458","2458",1711742,1711775,33,"c","c","1574","260","c","Input"
"2459","2459","2459",1711775,1711807,32,"c","c","1575","260","c","Input"
"2460","2460","2460",1711807,1711840,33,"c","c","1576","260","c","Input"
"2461","2461","2461",1711840,1711874,34,"c","c","1577","260","c","Input"
"2462","2462","2462",1711874,1711905,31,"c","c","1578","260","c","Input"
"2463","2463","2463",1711905,1711940,35,"c","c","1579","260","c","Input"
"2464","2464","2464",1711940,1711973,33,"c","c","1580","260","c","Input"
"2465","2465","2465",1711973,1712006,33,"c","c","1581","260","c","Input"
"2466","2466","2466",1712006,1712038,32,"c","c","1582","260","c","Input"
"2467","2467","2467",1712038,1712070,32,"c","c","1583","260","c","Input"
"2468","2468","2468",1712070,1712104,34,"c","c","1584","260","c","Input"
"2469","2469","2469",1712104,1712135,31,"c","c","1585","260","c","Input"
"2470","2470","2470",1712135,1712170,35,"c","c","1586","260","c","Input"
"2471","2471","2471",1712170,1712203,33,"c","c","1587","260","c","Input"
"2472","2472","2472",1712203,1712208,5,"c","c","1588","260","c","Input"
"2473","2473","2473",1713735,1714235,500,"Backspace","Backspace","1587","260","c","Remove/Cut"
"2474","2474","2474",1714235,1714271,36,"Backspace","Backspace","1586","260","c","Remove/Cut"
"2475","2475","2475",1714271,1714364,93,"Backspace","Backspace","1585","260","c","Remove/Cut"
"2476","2476","2476",1714364,1714372,8,"Backspace","Backspace","1584","260","c","Remove/Cut"
"2477","2477","2477",1714372,1714401,29,"Backspace","Backspace","1583","260","c","Remove/Cut"
"2478","2478","2478",1714401,1714540,139,"Backspace","Backspace","1582","260","c","Remove/Cut"
"2479","2479","2479",1714540,1714559,19,"Backspace","Backspace","1581","260","c","Remove/Cut"
"2480","2480","2480",1714559,1714570,11,"Backspace","Backspace","1580","260","c","Remove/Cut"
"2481","2481","2481",1714570,1714598,28,"Backspace","Backspace","1579","260","c","Remove/Cut"
"2482","2482","2482",1714598,1714629,31,"Backspace","Backspace","1578","260","c","Remove/Cut"
"2483","2483","2483",1714629,1714664,35,"Backspace","Backspace","1577","260","c","Remove/Cut"
"2484","2484","2484",1714664,1714702,38,"Backspace","Backspace","1576","260","c","Remove/Cut"
"2485","2485","2485",1714702,1714730,28,"Backspace","Backspace","1575","260","c","Remove/Cut"
"2486","2486","2486",1714730,1714762,32,"Backspace","Backspace","1574","260","c","Remove/Cut"
"2487","2487","2487",1714762,1714795,33,"Backspace","Backspace","1573","260","c","Remove/Cut"
"2488","2488","2488",1714795,1714829,34,"Backspace","Backspace","1572","260","c","Remove/Cut"
"2489","2489","2489",1714829,1714864,35,"Backspace","Backspace","1571","260","c","Remove/Cut"
"2490","2490","2490",1714864,1714896,32,"Backspace","Backspace","1570","260","c","Remove/Cut"
"2491","2491","2491",1714896,1714928,32,"Backspace","Backspace","1569","260","c","Remove/Cut"
"2492","2492","2492",1714928,1714987,59,"Backspace","Backspace","1568","260","c","Remove/Cut"
"2493","2493","2493",1714987,1715022,35,"Backspace","Backspace","1567","260","c","Remove/Cut"
"2494","2494","2494",1715022,1715444,422,"Backspace","Backspace","1566","260","c","Remove/Cut"
"2495","2495","2495",1715444,1715451,7,"Backspace","Backspace","1565","260","c","Remove/Cut"
"2496","2496","2496",1715451,1715502,51,"Backspace","Backspace","1564","260","c","Remove/Cut"
"2497","2497","2497",1715502,1715509,7,"Backspace","Backspace","1563","260","c","Remove/Cut"
"2498","2498","2498",1715509,1715523,14,"Backspace","Backspace","1562","260","c","Remove/Cut"
"2499","2499","2499",1715523,1715571,48,"Backspace","Backspace","1561","260","c","Remove/Cut"
"2500","2500","2500",1715571,1715608,37,"Backspace","Backspace","1560","260","c","Remove/Cut"
"2501","2501","2501",1715608,1715628,20,"Backspace","Backspace","1559","260","c","Remove/Cut"
"2502","2502","2502",1715628,1715905,277,"Backspace","Backspace","1558","260","c","Remove/Cut"
"2503","2503","2503",1715905,1715912,7,"Backspace","Backspace","1557","260","c","Remove/Cut"
"2504","2504","2504",1715912,1715918,6,"Backspace","Backspace","1556","260","c","Remove/Cut"
"2505","2505","2505",1715918,1715949,31,"Backspace","Backspace","1555","260","c","Remove/Cut"
"2506","2506","2506",1715949,1715982,33,"Backspace","Backspace","1554","260","c","Remove/Cut"
"2507","2507","2507",1715982,1716399,417,"Backspace","Backspace","1553","260","c","Remove/Cut"
"2508","2508","2508",1716399,1716414,15,"Backspace","Backspace","1552","260","c","Remove/Cut"
"2509","2509","2509",1716414,1716444,30,"Backspace","Backspace","1551","260","c","Remove/Cut"
"2510","2510","2510",1716444,1716477,33,"Backspace","Backspace","1550","260","c","Remove/Cut"
"2511","2511","2511",1716477,1716509,32,"Backspace","Backspace","1549","260","c","Remove/Cut"
"2512","2512","2512",1716509,1716542,33,"Backspace","Backspace","1548","260","c","Remove/Cut"
"2513","2513","2513",1716542,1716575,33,"Backspace","Backspace","1547","260","c","Remove/Cut"
"2514","2514","2514",1716575,1717276,701,"Backspace","Backspace","1546","260","c","Remove/Cut"
"2515","2515","2515",1717276,1717277,1,"Backspace","Backspace","1545","260","c","Remove/Cut"
"2516","2516","2516",1717366,1717865,499,"Backspace","Backspace","1544","260","c","Remove/Cut"
"2517","2517","2517",1717865,1717904,39,"Backspace","Backspace","1543","260","c","Remove/Cut"
"2518","2518","2518",1717904,1717932,28,"Backspace","Backspace","1542","260","c","Remove/Cut"
"2519","2519","2519",1717932,1717985,53,"Backspace","Backspace","1541","260","c","Remove/Cut"
"2520","2520","2520",1717985,1718027,42,"Backspace","Backspace","1540","260","c","Remove/Cut"
"2521","2521","2521",1718027,1718038,11,"Backspace","Backspace","1539","260","c","Remove/Cut"
"2522","2522","2522",1718038,1718078,40,"Backspace","Backspace","1538","260","c","Remove/Cut"
"2523","2523","2523",1718078,1718098,20,"Backspace","Backspace","1537","260","c","Remove/Cut"
"2524","2524","2524",1718098,1718131,33,"Backspace","Backspace","1536","260","c","Remove/Cut"
"2525","2525","2525",1718131,1718177,46,"Backspace","Backspace","1535","260","c","Remove/Cut"
"2526","2526","2526",1718177,1718197,20,"Backspace","Backspace","1534","260","c","Remove/Cut"
"2527","2527","2527",1718197,1718229,32,"Backspace","Backspace","1533","260","c","Remove/Cut"
"2528","2528","2528",1718229,1718260,31,"Backspace","Backspace","1532","260","c","Remove/Cut"
"2529","2529","2529",1718260,1718293,33,"Backspace","Backspace","1531","260","c","Remove/Cut"
"2530","2530","2530",1718293,1718327,34,"Backspace","Backspace","1530","260","c","Remove/Cut"
"2531","2531","2531",1718327,1718361,34,"Backspace","Backspace","1529","260","c","Remove/Cut"
"2532","2532","2532",1718361,1718393,32,"Backspace","Backspace","1528","260","c","Remove/Cut"
"2533","2533","2533",1718393,1718712,319,"Backspace","Backspace","1527","260","c","Remove/Cut"
"2534","2534","2534",1718712,1718713,1,"Backspace","Backspace","1526","260","c","Remove/Cut"
"2535","2535","2535",1719042,1719547,505,"Backspace","Backspace","1525","260","c","Remove/Cut"
"2536","2536","2536",1719547,1719565,18,"Backspace","Backspace","1524","260","c","Remove/Cut"
"2537","2537","2537",1719565,1719600,35,"Backspace","Backspace","1523","260","c","Remove/Cut"
"2538","2538","2538",1719600,1719629,29,"Backspace","Backspace","1522","260","c","Remove/Cut"
"2539","2539","2539",1719629,1719661,32,"Backspace","Backspace","1521","260","c","Remove/Cut"
"2540","2540","2540",1719661,1719697,36,"Backspace","Backspace","1520","260","c","Remove/Cut"
"2541","2541","2541",1719697,1719698,1,"Backspace","Backspace","1519","260","c","Remove/Cut"
"2542","2542","2542",1719988,1720209,221,"Backspace","Backspace","1518","260","c","Remove/Cut"
"2543","2543","2543",1720568,1721069,501,"Backspace","Backspace","1517","260","c","Remove/Cut"
"2544","2544","2544",1721069,1721116,47,"Backspace","Backspace","1516","260","c","Remove/Cut"
"2545","2545","2545",1721116,1721175,59,"Backspace","Backspace","1515","260","c","Remove/Cut"
"2546","2546","2546",1721175,1721181,6,"Backspace","Backspace","1514","260","c","Remove/Cut"
"2547","2547","2547",1721181,1721213,32,"Backspace","Backspace","1513","260","c","Remove/Cut"
"2548","2548","2548",1721213,1721245,32,"Backspace","Backspace","1512","260","c","Remove/Cut"
"2549","2549","2549",1721245,1721247,2,"Backspace","Backspace","1511","260","c","Remove/Cut"
"2550","2550","2550",1722021,1722181,160,"Backspace","Backspace","1510","260","c","Remove/Cut"
"2551","2551","2551",1722612,1722816,204,"Backspace","Backspace","1509","260","c","Remove/Cut"
"2552","2552","2552",1723156,1723287,131,"Backspace","Backspace","1508","260","c","Remove/Cut"
"2553","2553","2553",1723604,1723729,125,"Backspace","Backspace","1507","260","c","Remove/Cut"
"2554","2554","2554",1724130,1724254,124,"Backspace","Backspace","1506","260","c","Remove/Cut"
"2555","2555","2555",1724660,1724752,92,"Backspace","Backspace","1505","260","c","Remove/Cut"
"2556","2556","2556",1739896,1739987,91,"b","b","1506","260","b","Input"
"2557","2557","2557",1740349,1740350,1,"b","b","1507","260","b","Input"
"2558","2558","2558",1753910,1754064,154,"Backspace","Backspace","1506","260","b","Remove/Cut"
"2559","2559","2559",1754379,1754465,86,"Backspace","Backspace","1505","260","b","Remove/Cut"
"2560","2560","2560",1756282,1756401,119,"p","p","1506","260","p","Input"
"2561","2561","2561",1756837,1756960,123,"Backspace","Backspace","1505","260","p","Remove/Cut"
"2562","2562","2562",1757215,1757362,147,"p","p","1506","260","p","Input"
"2563","2563","2563",1757541,1757695,154,"Backspace","Backspace","1505","260","p","Remove/Cut"
"2564","2564","2564",1757942,1758064,122,"p","p","1506","260","p","Input"
"2565","2565","2565",1758293,1758432,139,"Backspace","Backspace","1505","260","p","Remove/Cut"
"2566","2566","2566",1758735,1758881,146,"p","p","1506","260","p","Input"
"2567","2567","2567",1759018,1759201,183,"Backspace","Backspace","1505","260","p","Remove/Cut"
"2568","2568","2568",1759492,1759633,141,"p","p","1506","260","p","Input"
"2569","2569","2569",1759786,1759943,157,"Backspace","Backspace","1505","260","p","Remove/Cut"
"2570","2570","2570",1760349,1760511,162,"p","p","1506","260","p","Input"
"2571","2571","2571",1760678,1760880,202,"Backspace","Backspace","1505","260","p","Remove/Cut"
"2572","2572","2572",1762254,1762419,165,"p","p","1506","260","p","Input"
"2573","2573","2573",1762645,1762800,155,"Backspace","Backspace","1505","260","p","Remove/Cut"
"2574","2574","2574",1763099,1763250,151,"p","p","1506","260","p","Input"
"2575","2575","2575",1763484,1763618,134,"Backspace","Backspace","1505","260","p","Remove/Cut"
"2576","2576","2576",1763943,1764125,182,"p","p","1506","260","p","Input"
"2577","2577","2577",1764379,1764480,101,"Backspace","Backspace","1505","260","p","Remove/Cut"
"2578","2578","2578",1764823,1764961,138,"p","p","1506","260","p","Input"
"2579","2579","2579",1765239,1765488,249,"Backspace","Backspace","1505","260","p","Remove/Cut"
"2580","2580","2580",1769021,1769177,156,"p","p","1506","260","p","Input"
"2581","2581","2581",1769318,1769503,185,"Backspace","Backspace","1505","260","p","Remove/Cut"
"2582","2582","2582",1769846,1769984,138,"p","p","1506","260","p","Input"
"2583","2583","2583",1770153,1770303,150,"Backspace","Backspace","1505","260","p","Remove/Cut"
"2584","2584","2584",1770679,1770799,120,"p","p","1506","260","p","Input"
"2585","2585","2585",1771048,1771203,155,"Backspace","Backspace","1505","260","p","Remove/Cut"
"2586","2586","2586",1771543,1771667,124,"p","p","1506","260","p","Input"
"2587","2587","2587",1771943,1772128,185,"Backspace","Backspace","1505","260","p","Remove/Cut"
"2588","2588","2588",1772580,1772722,142,"p","p","1506","260","p","Input"
"2589","2589","2589",1773170,1773171,1,"Backspace","Backspace","1505","260","p","Remove/Cut"
"2590","2590","2590",1773668,1773824,156,"p","p","1506","260","p","Input"
"2591","2591","2591",1774261,1774384,123,"Backspace","Backspace","1505","260","p","Remove/Cut"
"2592","2592","2592",1774957,1775082,125,"p","p","1506","260","p","Input"
"2593","2593","2593",1775301,1775458,157,"Backspace","Backspace","1505","260","p","Remove/Cut"
"2594","2594","2594",1775797,1775983,186,"p","p","1506","260","p","Input"
"2595","2595","2595",1776277,1776450,173,"Backspace","Backspace","1505","260","p","Remove/Cut"
"2596","2596","2596",1777237,1777401,164,"p","p","1506","260","p","Input"
"2597","2597","2597",1777590,1777745,155,"Backspace","Backspace","1505","260","p","Remove/Cut"
"2598","2598","2598",1778036,1778161,125,"p","p","1506","260","p","Input"
"2599","2599","2599",1778929,1778931,2,"Backspace","Backspace","1505","260","p","Remove/Cut"
"2600","2600","2600",1778938,1778991,53,"p","p","1506","260","p","Input"
"2601","2601","2601",1779223,1779346,123,"Backspace","Backspace","1505","260","p","Remove/Cut"
"2602","2602","2602",1779637,1780338,701,"p","p","1506","260","p","Input"
"2603","2603","2603",1780345,1780348,3,"Backspace","Backspace","1505","260","p","Remove/Cut"
"2604","2604","2604",1780354,1780400,46,"p","p","1506","260","p","Input"
"2605","2605","2605",1780567,1780722,155,"Backspace","Backspace","1505","260","p","Remove/Cut"
"2606","2606","2606",1781541,1781648,107,"p","p","1506","260","p","Input"
"2607","2607","2607",1781911,1782151,240,"Backspace","Backspace","1505","260","p","Remove/Cut"
"2608","2608","2608",1783427,1783536,109,"p","p","1506","260","p","Input"
"2609","2609","2609",1783849,1784000,151,"Backspace","Backspace","1505","260","p","Remove/Cut"
"2610","2610","2610",1784426,1784608,182,"p","p","1506","260","p","Input"
"2611","2611","2611",1785190,1785341,151,"Backspace","Backspace","1505","260","p","Remove/Cut"
"2612","2612","2612",1785884,1786084,200,"p","p","1506","260","p","Input"
"2613","2613","2613",1786169,1786319,150,"Backspace","Backspace","1505","260","p","Remove/Cut"
"2614","2614","2614",1786532,1786704,172,"p","p","1506","260","p","Input"
"2615","2615","2615",1786910,1787058,148,"Backspace","Backspace","1505","260","p","Remove/Cut"
"2616","2616","2616",1787357,1787551,194,"p","p","1506","260","p","Input"
"2617","2617","2617",1787838,1787967,129,"Backspace","Backspace","1505","260","p","Remove/Cut"
"2618","2618","2618",1788309,1788448,139,"p","p","1506","260","p","Input"
"2619","2619","2619",1788741,1788903,162,"Backspace","Backspace","1505","260","p","Remove/Cut"
"2620","2620","2620",1789235,1789379,144,"p","p","1506","260","p","Input"
"2621","2621","2621",1789692,1789841,149,"Backspace","Backspace","1505","260","p","Remove/Cut"
"2622","2622","2622",1790351,1790355,4,"p","p","1506","260","p","Input"
"2623","2623","2623",1790701,1790832,131,"Backspace","Backspace","1505","260","p","Remove/Cut"
"2624","2624","2624",1798583,1798713,130,"Leftclick","Leftclick","399","260","NoChange","Nonproduction"
"2625","2625","2625",1799895,1799936,41,"Backspace","Backspace","398","260","t","Remove/Cut"
"2626","2626","2626",1800390,1800543,153,"CapsLock","CapsLock","398","260","NoChange","Nonproduction"
"2627","2627","2627",1801015,1801089,74,"T","T","399","260","T","Input"
