"","DownEventID","UpEventID","DownTime","UpTime","ActionTime","DownEvent","UpEvent","Cursorposition","WordCount","TextChange","Activity"
"1","1","1",1441,1535,94,"Leftclick","Leftclick","0","0","NoChange","Nonproduction"
"2","2","2",31891,31891,0,"Shift","Shift","0","0","NoChange","Nonproduction"
"3","3","3",32052,32175,123,"H","h","1","1","H","Input"
"4","4","4",32338,32498,160,"a","a","2","1","a","Input"
"5","5","5",32600,32728,128,"v","v","3","1","v","Input"
"6","6","6",32843,32975,132,"e","e","4","1","e","Input"
"7","7","7",32940,33043,103,"Space","Space","5","1"," ","Input"
"8","8","8",33098,33227,129,"y","y","6","2","y","Input"
"9","9","9",33260,33395,135,"o","o","7","2","o","Input"
"10","10","10",33363,33492,129,"u","u","8","2","u","Input"
"11","11","11",33525,33658,133,"Space","Space","9","2"," ","Input"
"12","12","12",33852,33987,135,"e","e","10","3","e","Input"
"13","13","13",34501,34623,122,"v","v","11","3","v","Input"
"14","14","14",34833,35010,177,"e","e","12","3","e","Input"
"15","15","15",35120,35268,148,"r","r","13","3","r","Input"
"16","16","16",35568,35703,135,"Space","Space","14","3"," ","Input"
"17","17","17",37038,37180,142,"f","f","15","4","f","Input"
"18","18","18",37237,37404,167,"a","a","16","4","a","Input"
"19","19","19",37380,37452,72,"l","l","17","4","l","Input"
"20","20","20",37535,37638,103,"l","l","18","4","l","Input"
"21","21","21",37698,37839,141,"e","e","19","4","e","Input"
"22","22","22",37823,37948,125,"n","n","20","4","n","Input"
"23","23","23",38003,38140,137,"Space","Space","21","4"," ","Input"
"24","24","24",38191,38328,137,"f","f","22","5","f","Input"
"25","25","25",38280,38432,152,"o","o","23","5","o","Input"
"26","26","26",38455,38618,163,"r","r","24","5","r","Input"
"27","27","27",38530,38681,151,"Space","Space","25","5"," ","Input"
"28","28","28",38730,38890,160,"t","t","26","6","t","Input"
"29","29","29",38858,39005,147,"h","h","27","6","h","Input"
"30","30","30",39004,39163,159,"e","e","28","6","e","Input"
"31","31","31",39108,39248,140,"Space","Space","29","6"," ","Input"
"32","32","32",39292,39455,163,"a","a","30","7","a","Input"
"33","33","33",39405,39508,103,"l","l","31","7","l","Input"
"34","34","34",39600,39740,140,"l","l","32","7","l","Input"
"35","35","35",39839,39975,136,"u","u","33","7","u","Input"
"36","36","36",39970,40013,43,"r","r","34","7","r","Input"
"37","37","37",40058,40173,115,"r","r","35","7","r","Input"
"38","38","38",40232,40392,160,"e","e","36","7","e","Input"
"39","39","39",40400,40528,128,"Space","Space","37","7"," ","Input"
"40","40","40",40852,40965,113,"Backspace","Backspace","36","7"," ","Remove/Cut"
"41","41","41",41069,41161,92,"Backspace","Backspace","35","7","e","Remove/Cut"
"42","42","42",41272,41360,88,"Backspace","Backspace","34","7","r","Remove/Cut"
"43","43","43",41995,42143,148,"e","e","35","7","e","Input"
"44","44","44",42128,42248,120,"Space","Space","36","7"," ","Input"
"45","45","45",42298,42427,129,"o","o","37","8","o","Input"
"46","46","46",42445,42583,138,"f","f","38","8","f","Input"
"47","47","47",42557,42685,128,"Space","Space","39","8"," ","Input"
"48","48","48",42708,42848,140,"a","a","40","9","a","Input"
"49","49","49",42850,42978,128,"n","n","41","9","n","Input"
"50","50","50",43368,43488,120,"Space","Space","42","9"," ","Input"
"51","51","51",43503,43606,103,"d","d","43","10","d","Input"
"52","52","52",43872,43970,98,"Backspace","Backspace","42","9","d","Remove/Cut"
"53","53","53",43940,44100,160,"a","a","43","10","a","Input"
"54","54","54",44137,44280,143,"d","d","44","10","d","Input"
"55","55","55",44369,44498,129,"v","v","45","10","v","Input"
"56","56","56",44599,44768,169,"e","e","46","10","e","Input"
"57","57","57",44732,44874,142,"r","r","47","10","r","Input"
"58","58","58",44998,45129,131,"t","t","48","10","t","Input"
"59","59","59",45128,45288,160,"i","i","49","10","i","Input"
"60","60","60",45356,45428,72,"e","e","50","10","e","Input"
"61","61","61",45671,45786,115,"Backspace","Backspace","49","10","e","Remove/Cut"
"62","62","62",45768,45888,120,"s","s","50","10","s","Input"
"63","63","63",46143,46281,138,"e","e","51","10","e","Input"
"64","64","64",46318,46470,152,"m","m","52","10","m","Input"
"65","65","65",46644,46773,129,"e","e","53","10","e","Input"
"66","66","66",46777,46893,116,"n","n","54","10","n","Input"
"67","67","67",46919,47053,134,"t","t","55","10","t","Input"
"68","68","68",47167,47288,121,"Space","Space","56","10"," ","Input"
"69","69","69",47410,47540,130,"o","o","57","11","o","Input"
"70","70","70",47546,47670,124,"n","n","58","11","n","Input"
"71","71","71",47687,47843,156,"l","l","59","11","l","Input"
"72","72","72",48010,48138,128,"y","y","60","11","y","Input"
"73","73","73",48155,48300,145,"Space","Space","61","11"," ","Input"
"74","74","74",48378,48531,153,"t","t","62","12","t","Input"
"75","75","75",48452,48595,143,"o","o","63","12","o","Input"
"76","76","76",48607,48731,124,"Space","Space","64","12"," ","Input"
"77","77","77",48965,49125,160,"f","f","65","13","f","Input"
"78","78","78",49215,49353,138,"i","i","66","13","i","Input"
"79","79","79",49393,49525,132,"n","n","67","13","n","Input"
"80","80","80",49538,49688,150,"d","d","68","13","d","Input"
"81","81","81",49608,49727,119,"Space","Space","69","13"," ","Input"
"82","82","82",49835,49931,96,"y","y","70","14","y","Input"
"83","83","83",50027,50198,171,"o","o","71","14","o","Input"
"84","84","84",50155,50282,127,"u","u","72","14","u","Input"
"85","85","85",50284,50437,153,"r","r","73","14","r","Input"
"86","86","86",51716,51876,160,"s","s","74","14","s","Input"
"87","87","87",51944,52123,179,"e","e","75","14","e","Input"
"88","88","88",52178,52316,138,"l","l","76","14","l","Input"
"89","89","89",52307,52487,180,"f","f","77","14","f","Input"
"90","90","90",52590,52754,164,"Space","Space","78","14"," ","Input"
"91","91","91",53744,53850,106,"l","l","79","15","l","Input"
"92","92","92",53938,54079,141,"i","i","80","15","i","Input"
"93","93","93",54087,54244,157,"v","v","81","15","v","Input"
"94","94","94",54226,54342,116,"i","i","82","15","i","Input"
"95","95","95",54433,54578,145,"n","n","83","15","n","Input"
"96","96","96",54583,54748,165,"g","g","84","15","g","Input"
"97","97","97",54776,54928,152,"Space","Space","85","15"," ","Input"
"98","98","98",55188,55387,199,"i","i","86","16","i","Input"
"99","99","99",55782,55937,155,"n","n","87","16","n","Input"
"100","100","100",55939,56079,140,"Space","Space","88","16"," ","Input"
"101","101","101",56109,56233,124,"a","a","89","17","a","Input"
"102","102","102",56202,56330,128,"Space","Space","90","17"," ","Input"
"103","103","103",56452,56599,147,"m","m","91","18","m","Input"
"104","104","104",56808,56918,110,"u","u","92","18","u","Input"
"105","105","105",57054,57189,135,"n","n","93","18","n","Input"
"106","106","106",57195,57340,145,"d","d","94","18","d","Input"
"107","107","107",57397,57527,130,"a","a","95","18","a","Input"
"108","108","108",58329,58432,103,"n","n","96","18","n","Input"
"109","109","109",58643,58787,144,"e","e","97","18","e","Input"
"110","110","110",58834,58980,146,"Space","Space","98","18"," ","Input"
"111","111","111",59154,59294,140,"r","r","99","19","r","Input"
"112","112","112",59452,59609,157,"e","e","100","19","e","Input"
"113","113","113",59653,59806,153,"a","a","101","19","a","Input"
"114","114","114",59780,59888,108,"l","l","102","19","l","Input"
"115","115","115",59993,60129,136,"i","i","103","19","i","Input"
"116","116","116",60147,60287,140,"t","t","104","19","t","Input"
"117","117","117",60287,60426,139,"y","y","105","19","y","Input"
"118","118","118",60477,60623,146,"Space","Space","106","19"," ","Input"
"119","119","119",69251,69432,181,"w","w","107","20","w","Input"
"120","120","120",69392,69532,140,"i","i","108","20","i","Input"
"121","121","121",69714,69872,158,"t","t","109","20","t","Input"
"122","122","122",69873,70005,132,"h","h","110","20","h","Input"
"123","123","123",70060,70201,141,"o","o","111","20","o","Input"
"124","124","124",70183,70307,124,"u","u","112","20","u","Input"
"125","125","125",70332,70479,147,"t","t","113","20","t","Input"
"126","126","126",70506,70647,141,"Space","Space","114","20"," ","Input"
"127","127","127",70830,70971,141,"t","t","115","21","t","Input"
"128","128","128",70980,71100,120,"h","h","116","21","h","Input"
"129","129","129",71102,71262,160,"e","e","117","21","e","Input"
"130","130","130",71283,71412,129,"Space","Space","118","21"," ","Input"
"131","131","131",72408,72543,135,"s","s","119","22","s","Input"
"132","132","132",72780,72891,111,"Backspace","Backspace","118","21","s","Remove/Cut"
"133","133","133",72918,73016,98,"d","d","119","22","d","Input"
"134","134","134",73123,73278,155,"r","r","120","22","r","Input"
"135","135","135",73281,73490,209,"e","e","121","22","e","Input"
"136","136","136",73501,73712,211,"a","a","122","22","a","Input"
"137","137","137",73626,73739,113,"m","m","123","22","m","Input"
"138","138","138",73741,73871,130,"Space","Space","124","22"," ","Input"
"139","139","139",74000,74151,151,"y","y","125","23","y","Input"
"140","140","140",74196,74356,160,"o","o","126","23","o","Input"
"141","141","141",74288,74443,155,"u","u","127","23","u","Input"
"142","142","142",74446,74606,160,"Space","Space","128","23"," ","Input"
"143","143","143",75453,75573,120,"h","h","129","24","h","Input"
"144","144","144",75531,75687,156,"a","a","130","24","a","Input"
"145","145","145",75750,75887,137,"d","d","131","24","d","Input"
"146","146","146",75905,76020,115,"Space","Space","132","24"," ","Input"
"147","147","147",76365,76516,151,"b","b","133","25","b","Input"
"148","148","148",76639,76758,119,"e","e","134","25","e","Input"
"149","149","149",76834,76966,132,"e","e","135","25","e","Input"
"150","150","150",76943,77052,109,"n","n","136","25","n","Input"
"151","151","151",77056,77176,120,"Space","Space","137","25"," ","Input"
"152","152","152",77210,77373,163,"s","s","138","26","s","Input"
"153","153","153",77314,77419,105,"o","o","139","26","o","Input"
"154","154","154",77537,77665,128,"l","l","140","26","l","Input"
"155","155","155",77632,77808,176,"d","d","141","26","d","Input"
"156","156","156",77980,77980,0,"Shift","Shift","141","26","NoChange","Nonproduction"
"157","157","157",78062,78221,159,"?","?","142","26","?","Input"
"158","158","158",80213,80368,155,"Space","Space","143","26"," ","Input"
"159","159","159",80626,80626,0,"Shift","Shift","143","26","NoChange","Nonproduction"
"160","160","160",81131,81131,0,"Shift","Shift","143","26","NoChange","Nonproduction"
"161","161","161",81171,81171,0,"Shift","Shift","143","26","NoChange","Nonproduction"
"162","162","162",81191,81191,0,"Shift","Shift","143","26","NoChange","Nonproduction"
"163","163","163",81231,81231,0,"Shift","Shift","143","26","NoChange","Nonproduction"
"164","164","164",81271,81271,0,"Shift","Shift","143","26","NoChange","Nonproduction"
"165","165","165",81291,81291,0,"Shift","Shift","143","26","NoChange","Nonproduction"
"166","166","166",81321,81321,0,"Shift","Shift","143","26","NoChange","Nonproduction"
"167","167","167",81361,81361,0,"Shift","Shift","143","26","NoChange","Nonproduction"
"168","168","168",81392,81392,0,"Shift","Shift","143","26","NoChange","Nonproduction"
"169","169","169",81424,81424,0,"Shift","Shift","143","26","NoChange","Nonproduction"
"170","170","170",81456,81456,0,"Shift","Shift","143","26","NoChange","Nonproduction"
"171","171","171",81486,81486,0,"Shift","Shift","143","26","NoChange","Nonproduction"
"172","172","172",81518,81518,0,"Shift","Shift","143","26","NoChange","Nonproduction"
"173","173","173",81551,81551,0,"Shift","Shift","143","26","NoChange","Nonproduction"
"174","174","174",81598,81598,0,"Shift","Shift","143","26","NoChange","Nonproduction"
"175","175","175",81609,81711,102,"D","d","144","27","D","Input"
"176","176","176",81738,81861,123,"i","i","145","27","i","Input"
"177","177","177",81892,82071,179,"d","d","146","27","d","Input"
"178","178","178",82079,82198,119,"Space","Space","147","27"," ","Input"
"179","179","179",82322,82456,134,"y","y","148","28","y","Input"
"180","180","180",82522,82666,144,"o","o","149","28","o","Input"
"181","181","181",82606,82742,136,"u","u","150","28","u","Input"
"182","182","182",82734,82881,147,"Space","Space","151","28"," ","Input"
"183","183","183",83997,84142,145,"e","e","152","29","e","Input"
"184","184","184",84324,84452,128,"v","v","153","29","v","Input"
"185","185","185",84572,84753,181,"e","e","154","29","e","Input"
"186","186","186",84692,84859,167,"r","r","155","29","r","Input"
"187","187","187",84816,84967,151,"Space","Space","156","29"," ","Input"
"188","188","188",85042,85199,157,"m","m","157","30","m","Input"
"189","189","189",85173,85309,136,"e","e","158","30","e","Input"
"190","190","190",85443,85588,145,"e","e","159","30","e","Input"
"191","191","191",85668,85831,163,"t","t","160","30","t","Input"
"192","192","192",85803,85932,129,"Space","Space","161","30"," ","Input"
"193","193","193",86148,86296,148,"o","o","162","31","o","Input"
"194","194","194",86287,86442,155,"n","n","163","31","n","Input"
"195","195","195",86401,86542,141,"e","e","164","31","e","Input"
"196","196","196",86450,86596,146,"Space","Space","165","31"," ","Input"
"197","197","197",86626,86746,120,"o","o","166","32","o","Input"
"198","198","198",86776,86932,156,"f","f","167","32","f","Input"
"199","199","199",86848,86995,147,"Space","Space","168","32"," ","Input"
"200","200","200",87096,87249,153,"y","y","169","33","y","Input"
"201","201","201",87297,87449,152,"o","o","170","33","o","Input"
"202","202","202",87403,87547,144,"u","u","171","33","u","Input"
"203","203","203",87557,87691,134,"r","r","172","33","r","Input"
"204","204","204",87699,87851,152,"Space","Space","173","33"," ","Input"
"205","205","205",88241,88387,146,"h","h","174","34","h","Input"
"206","206","206",88376,88594,218,"e","e","175","34","e","Input"
"207","207","207",88595,88847,252,"r","r","176","34","r","Input"
"208","208","208",88893,89042,149,"o","o","177","34","o","Input"
"209","209","209",89130,89267,137,"e","e","178","34","e","Input"
"210","210","210",89453,89602,149,"s","s","179","34","s","Input"
"211","211","211",89955,90091,136,"Space","Space","180","34"," ","Input"
"212","212","212",90242,90419,177,"t","t","181","35","t","Input"
"213","213","213",90359,90486,127,"o","o","182","35","o","Input"
"214","214","214",90461,90613,152,"Space","Space","183","35"," ","Input"
"215","215","215",90676,90782,106,"s","s","184","36","s","Input"
"216","216","216",90906,91012,106,"e","e","185","36","e","Input"
"217","217","217",91099,91219,120,"e","e","186","36","e","Input"
"218","218","218",91266,91411,145,"Space","Space","187","36"," ","Input"
"219","219","219",91579,91721,142,"h","h","188","37","h","Input"
"220","220","220",91708,91844,136,"a","a","189","37","a","Input"
"221","221","221",92089,92176,87,"Backspace","Backspace","188","37","a","Remove/Cut"
"222","222","222",92361,92496,135,"o","o","189","37","o","Input"
"223","223","223",92497,92646,149,"w","w","190","37","w","Input"
"224","224","224",92616,92753,137,"Space","Space","191","37"," ","Input"
"225","225","225",92931,93046,115,"h","h","192","38","h","Input"
"226","226","226",93185,93312,127,"u","u","193","38","u","Input"
"227","227","227",93490,93653,163,"m","m","194","38","m","Input"
"228","228","228",93961,94101,140,"a","a","195","38","a","Input"
"229","229","229",94075,94206,131,"n","n","196","38","n","Input"
"230","230","230",94241,94392,151,"Space","Space","197","38"," ","Input"
"231","231","231",94468,94608,140,"t","t","198","39","t","Input"
"232","232","232",94582,94712,130,"h","h","199","39","h","Input"
"233","233","233",94743,94848,105,"e","e","200","39","e","Input"
"234","234","234",94907,95076,169,"y","y","201","39","y","Input"
"235","235","235",95086,95265,179,"Space","Space","202","39"," ","Input"
"236","236","236",95788,95914,126,"a","a","203","40","a","Input"
"237","237","237",96048,96168,120,"c","c","204","40","c","Input"
"238","238","238",96314,96479,165,"t","t","205","40","t","Input"
"239","239","239",96496,96634,138,"u","u","206","40","u","Input"
"240","240","240",96620,96792,172,"a","a","207","40","a","Input"
"241","241","241",96742,96831,89,"l","l","208","40","l","Input"
"242","242","242",96923,97006,83,"l","l","209","40","l","Input"
"243","243","243",97173,97324,151,"y","y","210","40","y","Input"
"244","244","244",97417,97554,137,"Space","Space","211","40"," ","Input"
"245","245","245",97953,98093,140,"w","w","212","41","w","Input"
"246","246","246",98091,98341,250,"e","e","213","41","e","Input"
"247","247","247",98298,98467,169,"r","r","214","41","r","Input"
"248","248","248",98519,98688,169,"e","e","215","41","e","Input"
"249","249","249",98875,99011,136,"Space","Space","216","41"," ","Input"
"250","250","250",98997,99141,144,"a","a","217","42","a","Input"
"251","251","251",99206,99381,175,"s","s","218","42","s","Input"
"252","252","252",99353,99476,123,"Space","Space","219","42"," ","Input"
"253","253","253",99696,99818,122,"o","o","220","43","o","Input"
"254","254","254",99905,100025,120,"p","p","221","43","p","Input"
"255","255","255",100116,100206,90,"p","p","222","43","p","Input"
"256","256","256",100320,100488,168,"o","o","223","43","o","Input"
"257","257","257",100717,100848,131,"s","s","224","43","s","Input"
"258","258","258",100951,101048,97,"e","e","225","43","e","Input"
"259","259","259",101156,101282,126,"d","d","226","43","d","Input"
"260","260","260",101251,101368,117,"Space","Space","227","43"," ","Input"
"261","261","261",101421,101546,125,"t","t","228","44","t","Input"
"262","262","262",101468,101608,140,"o","o","229","44","o","Input"
"263","263","263",101726,101873,147,"Space","Space","230","44"," ","Input"
"264","264","264",101913,102058,145,"t","t","231","45","t","Input"
"265","265","265",102026,102153,127,"h","h","232","45","h","Input"
"266","266","266",102141,102311,170,"e","e","233","45","e","Input"
"267","267","267",102228,102387,159,"Space","Space","234","45"," ","Input"
"268","268","268",111941,112107,166,"g","g","235","46","g","Input"
"269","269","269",112097,112259,162,"i","i","236","46","i","Input"
"270","270","270",112222,112373,151,"a","a","237","46","a","Input"
"271","271","271",112459,112582,123,"t","t","238","46","t","Input"
"272","272","272",112883,112977,94,"Backspace","Backspace","237","46","t","Remove/Cut"
"273","273","273",113137,113284,147,"n","n","238","46","n","Input"
"274","274","274",113288,113431,143,"t","t","239","46","t","Input"
"275","275","275",113394,113546,152,"Space","Space","240","46"," ","Input"
"276","276","276",113647,113776,129,"y","y","241","47","y","Input"
"277","277","277",113816,113966,150,"o","o","242","47","o","Input"
"278","278","278",113927,114046,119,"u","u","243","47","u","Input"
"279","279","279",114036,114156,120,"Space","Space","244","47"," ","Input"
"280","280","280",114222,114376,154,"h","h","245","48","h","Input"
"281","281","281",114376,114546,170,"a","a","246","48","a","Input"
"282","282","282",114696,114834,138,"d","d","247","48","d","Input"
"283","283","283",114846,114967,121,"Space","Space","248","48"," ","Input"
"284","284","284",115136,115277,141,"b","b","249","49","b","Input"
"285","285","285",115446,115581,135,"u","u","250","49","u","Input"
"286","286","286",115708,115848,140,"i","i","251","49","i","Input"
"287","287","287",115932,116052,120,"l","l","252","49","l","Input"
"288","288","288",116066,116242,176,"t","t","253","49","t","Input"
"289","289","289",116210,116321,111,"Space","Space","254","49"," ","Input"
"290","290","290",116332,116499,167,"i","i","255","50","i","Input"
"291","291","291",116510,116659,149,"n","n","256","50","n","Input"
"292","292","292",116672,116828,156,"Space","Space","257","50"," ","Input"
"293","293","293",116992,117119,127,"y","y","258","51","y","Input"
"294","294","294",117152,117312,160,"o","o","259","51","o","Input"
"295","295","295",117271,117381,110,"u","u","260","51","u","Input"
"296","296","296",117390,117557,167,"r","r","261","51","r","Input"
"297","297","297",117821,118008,187,"Space","Space","262","51"," ","Input"
"298","298","298",118142,118241,99,"m","m","263","52","m","Input"
"299","299","299",118302,118468,166,"i","i","264","52","i","Input"
"300","300","300",118512,118648,136,"n","n","265","52","n","Input"
"301","301","301",118709,118862,153,"d","d","266","52","d","Input"
"302","302","302",119067,119067,0,"Shift","Shift","266","52","NoChange","Nonproduction"
"303","303","303",119235,119366,131,"?","?","267","52","?","Input"
"304","304","304",127385,127526,141,"Enter","Enter","268","52","\n","Input"
"305","305","305",128826,128976,150,"Backspace","Backspace","267","52","\n","Remove/Cut"
"306","306","306",129385,129521,136,"Space","Space","268","52"," ","Input"
"307","307","307",129958,129958,0,"Shift","Shift","268","52","NoChange","Nonproduction"
"308","308","308",130183,130332,149,"H","h","269","53","H","Input"
"309","309","309",130419,130560,141,"a","a","270","53","a","Input"
"310","310","310",130713,130813,100,"v","v","271","53","v","Input"
"311","311","311",130960,131119,159,"e","e","272","53","e","Input"
"312","312","312",131084,131191,107,"Space","Space","273","53"," ","Input"
"313","313","313",131272,131408,136,"y","y","274","54","y","Input"
"314","314","314",131453,131600,147,"o","o","275","54","o","Input"
"315","315","315",131541,131688,147,"u","u","276","54","u","Input"
"316","316","316",131656,131806,150,"Space","Space","277","54"," ","Input"
"317","317","317",132173,132288,115,"e","e","278","55","e","Input"
"318","318","318",132440,132587,147,"v","v","279","55","v","Input"
"319","319","319",132688,132882,194,"e","e","280","55","e","Input"
"320","320","320",132819,132994,175,"r","r","281","55","r","Input"
"321","321","321",132976,133121,145,"Space","Space","282","55"," ","Input"
"322","322","322",133216,133345,129,"t","t","283","56","t","Input"
"323","323","323",133459,133604,145,"r","r","284","56","r","Input"
"324","324","324",133597,133717,120,"i","i","285","56","i","Input"
"325","325","325",133848,133968,120,"e","e","286","56","e","Input"
"326","326","326",134082,134234,152,"d","d","287","56","d","Input"
"327","327","327",134270,134416,146,"Space","Space","288","56"," ","Input"
"328","328","328",138421,138608,187,"a","a","289","57","a","Input"
"329","329","329",138653,138828,175,"Space","Space","290","57"," ","Input"
"330","330","330",139957,140121,164,"m","m","291","58","m","Input"
"331","331","331",140083,140243,160,"e","e","292","58","e","Input"
"332","332","332",140266,140458,192,"a","a","293","58","a","Input"
"333","333","333",140406,140533,127,"l","l","294","58","l","Input"
"334","334","334",140732,140926,194,"Space","Space","295","58"," ","Input"
"335","335","335",141492,141816,324,"Backspace","Backspace","294","58"," ","Remove/Cut"
"336","336","336",142566,142748,182,"Space","Space","295","58"," ","Input"
"337","337","337",143273,143406,133,"w","w","296","59","w","Input"
"338","338","338",143399,143550,151,"i","i","297","59","i","Input"
"339","339","339",143585,143730,145,"t","t","298","59","t","Input"
"340","340","340",143677,143837,160,"h","h","299","59","h","Input"
"341","341","341",143806,143964,158,"Space","Space","300","59"," ","Input"
"342","342","342",147225,147298,73,"Backspace","Backspace","299","59"," ","Remove/Cut"
"343","343","343",147406,147490,84,"Backspace","Backspace","298","59","h","Remove/Cut"
"344","344","344",147588,147672,84,"Backspace","Backspace","297","59","t","Remove/Cut"
"345","345","345",147768,147875,107,"Backspace","Backspace","296","59","i","Remove/Cut"
"346","346","346",148031,148132,101,"Backspace","Backspace","295","58","w","Remove/Cut"
"347","347","347",148191,148311,120,"b","b","296","59","b","Input"
"348","348","348",148466,148593,127,"e","e","297","59","e","Input"
"349","349","349",148721,148869,148,"c","c","298","59","c","Input"
"350","350","350",148908,149061,153,"a","a","299","59","a","Input"
"351","351","351",149077,149153,76,"u","u","300","59","u","Input"
"352","352","352",149208,149328,120,"s","s","301","59","s","Input"
"353","353","353",149470,149612,142,"e","e","302","59","e","Input"
"354","354","354",149576,149710,134,"Space","Space","303","59"," ","Input"
"355","355","355",149762,149910,148,"t","t","304","60","t","Input"
"356","356","356",149874,150006,132,"h","h","305","60","h","Input"
"357","357","357",149970,150141,171,"e","e","306","60","e","Input"
"358","358","358",150113,150250,137,"Space","Space","307","60"," ","Input"
"359","359","359",152733,152840,107,"Backspace","Backspace","306","60"," ","Remove/Cut"
"360","360","360",152941,153021,80,"Backspace","Backspace","305","60","e","Remove/Cut"
"361","361","361",153123,153202,79,"Backspace","Backspace","304","60","h","Remove/Cut"
"362","362","362",153301,153408,107,"Backspace","Backspace","303","59","t","Remove/Cut"
"363","363","363",153599,153719,120,"i","i","304","60","i","Input"
"364","364","364",153728,153866,138,"t","t","305","60","t","Input"
"365","365","365",153850,154006,156,"Space","Space","306","60"," ","Input"
"366","366","366",154096,154202,106,"l","l","307","61","l","Input"
"367","367","367",154326,154419,93,"o","o","308","61","o","Input"
"368","368","368",154517,154606,89,"o","o","309","61","o","Input"
"369","369","369",154712,154861,149,"k","k","310","61","k","Input"
"370","370","370",155096,155206,110,"e","e","311","61","e","Input"
"371","371","371",155320,155440,120,"d","d","312","61","d","Input"
"372","372","372",155446,155578,132,"Space","Space","313","61"," ","Input"
"373","373","373",155768,155923,155,"d","d","314","62","d","Input"
"374","374","374",156008,156166,158,"e","e","315","62","e","Input"
"375","375","375",156188,156328,140,"l","l","316","62","l","Input"
"376","376","376",156376,156530,154,"c","c","317","62","c","Input"
"377","377","377",156562,156688,126,"i","i","318","62","i","Input"
"378","378","378",157001,157178,177,"i","i","319","62","i","Input"
"379","379","379",157233,157388,155,"o","o","320","62","o","Input"
"380","380","380",157606,157698,92,"Backspace","Backspace","319","62","o","Remove/Cut"
"381","381","381",157784,157853,69,"Backspace","Backspace","318","62","i","Remove/Cut"
"382","382","382",158051,158225,174,"o","o","319","62","o","Input"
"383","383","383",158233,158406,173,"u","u","320","62","u","Input"
"384","384","384",158448,158630,182,"s","s","321","62","s","Input"
"385","385","385",158651,158782,131,"Space","Space","322","62"," ","Input"
"386","386","386",158963,159131,168,"o","o","323","63","o","Input"
"387","387","387",159131,159289,158,"n","n","324","63","n","Input"
"388","388","388",159289,159446,157,"Space","Space","325","63"," ","Input"
"389","389","389",159512,159612,100,"t","t","326","64","t","Input"
"390","390","390",159606,159729,123,"h","h","327","64","h","Input"
"391","391","391",159741,159859,118,"e","e","328","64","e","Input"
"392","392","392",159831,159962,131,"Space","Space","329","64"," ","Input"
"393","393","393",160126,160256,130,"p","p","330","65","p","Input"
"394","394","394",160229,160356,127,"a","a","331","65","a","Input"
"395","395","395",160477,160618,141,"c","c","332","65","c","Input"
"396","396","396",160586,160736,150,"k","k","333","65","k","Input"
"397","397","397",160919,161048,129,"a","a","334","65","a","Input"
"398","398","398",161147,161256,109,"g","g","335","65","g","Input"
"399","399","399",161406,161553,147,"e","e","336","65","e","Input"
"400","400","400",161688,161810,122,",",",","337","65",",","Input"
"401","401","401",161809,161966,157,"Space","Space","338","65"," ","Input"
"402","402","402",162113,162233,120,"o","o","339","66","o","Input"
"403","403","403",162249,162388,139,"n","n","340","66","n","Input"
"404","404","404",162436,162573,137,"l","l","341","66","l","Input"
"405","405","405",162675,162815,140,"y","y","342","66","y","Input"
"406","406","406",162849,162997,148,"Space","Space","343","66"," ","Input"
"407","407","407",163016,163153,137,"t","t","344","67","t","Input"
"408","408","408",163067,163225,158,"o","o","345","67","o","Input"
"409","409","409",163196,163333,137,"Space","Space","346","67"," ","Input"
"410","410","410",163449,163599,150,"f","f","347","68","f","Input"
"411","411","411",163553,163661,108,"i","i","348","68","i","Input"
"412","412","412",163792,163922,130,"n","n","349","68","n","Input"
"413","413","413",164077,164241,164,"d","d","350","68","d","Input"
"414","414","414",164298,164460,162,"Space","Space","351","68"," ","Input"
"415","415","415",164491,164668,177,"i","i","352","69","i","Input"
"416","416","416",165203,165389,186,"t","t","353","69","t","Input"
"417","417","417",166110,166202,92,"Backspace","Backspace","352","69","t","Remove/Cut"
"418","418","418",166301,166397,96,"Backspace","Backspace","351","68","i","Remove/Cut"
"419","419","419",166563,166705,142,"h","h","352","69","h","Input"
"420","420","420",166726,166886,160,"o","o","353","69","o","Input"
"421","421","421",166871,167004,133,"w","w","354","69","w","Input"
"422","422","422",166956,167115,159,"Space","Space","355","69"," ","Input"
"423","423","423",167647,167705,58,"f","f","356","70","f","Input"
"424","424","424",167964,168072,108,"Backspace","Backspace","355","69","f","Remove/Cut"
"425","425","425",168105,168260,155,"v","v","356","70","v","Input"
"426","426","426",168256,168433,177,"o","o","357","70","o","Input"
"427","427","427",168571,168733,162,"m","m","358","70","m","Input"
"428","428","428",168832,168995,163,"i","i","359","70","i","Input"
"429","429","429",169050,169206,156,"t","t","360","70","t","Input"
"430","430","430",169189,169330,141,"Space","Space","361","70"," ","Input"
"431","431","431",169314,169465,151,"i","i","362","71","i","Input"
"432","432","432",169497,169641,144,"n","n","363","71","n","Input"
"433","433","433",169663,169804,141,"d","d","364","71","d","Input"
"434","434","434",169872,170023,151,"u","u","365","71","u","Input"
"435","435","435",170007,170158,151,"c","c","366","71","c","Input"
"436","436","436",170232,170355,123,"i","i","367","71","i","Input"
"437","437","437",170455,170598,143,"n","n","368","71","n","Input"
"438","438","438",170629,170752,123,"g","g","369","71","g","Input"
"439","439","439",170690,170820,130,"Space","Space","370","71"," ","Input"
"440","440","440",170797,170977,180,"i","i","371","72","i","Input"
"441","441","441",171013,171164,151,"t","t","372","72","t","Input"
"442","442","442",171120,171253,133,"Space","Space","373","72"," ","Input"
"443","443","443",171360,171467,107,"l","l","374","73","l","Input"
"444","444","444",171583,171681,98,"o","o","375","73","o","Input"
"445","445","445",171775,171862,87,"o","o","376","73","o","Input"
"446","446","446",172073,172237,164,"k","k","377","73","k","Input"
"447","447","447",172324,172486,162,"s","s","378","73","s","Input"
"448","448","448",172564,172710,146,"Space","Space","379","73"," ","Input"
"449","449","449",172909,173080,171,"w","w","380","74","w","Input"
"450","450","450",173066,173202,136,"h","h","381","74","h","Input"
"451","451","451",173213,173384,171,"e","e","382","74","e","Input"
"452","452","452",173341,173520,179,"n","n","383","74","n","Input"
"453","453","453",173564,173720,156,"Space","Space","384","74"," ","Input"
"454","454","454",173867,174023,156,"y","y","385","75","y","Input"
"455","455","455",174053,174200,147,"o","o","386","75","o","Input"
"456","456","456",174151,174302,151,"u","u","387","75","u","Input"
"457","457","457",174297,174461,164,"Space","Space","388","75"," ","Input"
"458","458","458",174757,174905,148,"o","o","389","76","o","Input"
"459","459","459",174935,175077,142,"p","p","390","76","p","Input"
"460","460","460",175175,175326,151,"e","e","391","76","e","Input"
"461","461","461",175336,175474,138,"n","n","392","76","n","Input"
"462","462","462",176259,176400,141,"Space","Space","393","76"," ","Input"
"463","463","463",176435,176564,129,"t","t","394","77","t","Input"
"464","464","464",176535,176693,158,"h","h","395","77","h","Input"
"465","465","465",176717,176893,176,"a","a","396","77","a","Input"
"466","466","466",176826,177015,189,"t","t","397","77","t","Input"
"467","467","467",176966,177104,138,"Space","Space","398","77"," ","Input"
"468","468","468",177230,177354,124,"p","p","399","78","p","Input"
"469","469","469",177375,177506,131,"a","a","400","78","a","Input"
"470","470","470",177684,177795,111,"g","g","401","78","g","Input"
"471","471","471",178029,178153,124,"Backspace","Backspace","400","78","g","Remove/Cut"
"472","472","472",178177,178305,128,"c","c","401","78","c","Input"
"473","473","473",178435,178573,138,"a","a","402","78","a","Input"
"474","474","474",178701,178832,131,"k","k","403","78","k","Input"
"475","475","475",179031,179118,87,"Backspace","Backspace","402","78","k","Remove/Cut"
"476","476","476",179194,179282,88,"Backspace","Backspace","401","78","a","Remove/Cut"
"477","477","477",179470,179630,160,"k","k","402","78","k","Input"
"478","478","478",179610,179751,141,"a","a","403","78","a","Input"
"479","479","479",180134,180244,110,"g","g","404","78","g","Input"
"480","480","480",180376,180522,146,"e","e","405","78","e","Input"
"481","481","481",180897,181050,153,"Space","Space","406","78"," ","Input"
"482","482","482",181145,181277,132,"u","u","407","79","u","Input"
"483","483","483",181282,181461,179,"p","p","408","79","p","Input"
"484","484","484",181510,181510,0,"Shift","Shift","408","79","NoChange","Nonproduction"
"485","485","485",181722,181853,131,"?","?","409","79","?","Input"
"486","486","486",182115,182231,116,"Enter","Enter","410","79","\n","Input"
"487","487","487",182563,182686,123,"Enter","Enter","411","79","\n","Input"
"488","488","488",182954,182954,0,"Shift","Shift","411","79","NoChange","Nonproduction"
"489","489","489",183467,183467,0,"Shift","Shift","411","79","NoChange","Nonproduction"
"490","490","490",183486,183486,0,"Shift","Shift","411","79","NoChange","Nonproduction"
"491","491","491",183526,183526,0,"Shift","Shift","411","79","NoChange","Nonproduction"
"492","492","492",183546,183546,0,"Shift","Shift","411","79","NoChange","Nonproduction"
"493","493","493",183586,183586,0,"Shift","Shift","411","79","NoChange","Nonproduction"
"494","494","494",183626,183626,0,"Shift","Shift","411","79","NoChange","Nonproduction"
"495","495","495",183656,183656,0,"Shift","Shift","411","79","NoChange","Nonproduction"
"496","496","496",183686,183686,0,"Shift","Shift","411","79","NoChange","Nonproduction"
"497","497","497",184286,184286,0,"Shift","Shift","411","79","NoChange","Nonproduction"
"498","498","498",186173,186173,0,"Shift","Shift","411","79","NoChange","Nonproduction"
"499","499","499",186678,186678,0,"Shift","Shift","411","79","NoChange","Nonproduction"
"500","500","500",186710,186710,0,"Shift","Shift","411","79","NoChange","Nonproduction"
"501","501","501",186742,186742,0,"Shift","Shift","411","79","NoChange","Nonproduction"
"502","502","502",186766,186766,0,"Shift","Shift","411","79","NoChange","Nonproduction"
"503","503","503",186807,186807,0,"Shift","Shift","411","79","NoChange","Nonproduction"
"504","504","504",186838,186838,0,"Shift","Shift","411","79","NoChange","Nonproduction"
"505","505","505",187291,187291,0,"Shift","Shift","411","79","NoChange","Nonproduction"
"506","506","506",187787,187787,0,"Shift","Shift","411","79","NoChange","Nonproduction"
"507","507","507",187826,187826,0,"Shift","Shift","411","79","NoChange","Nonproduction"
"508","508","508",187867,187867,0,"Shift","Shift","411","79","NoChange","Nonproduction"
"509","509","509",187898,187898,0,"Shift","Shift","411","79","NoChange","Nonproduction"
"510","510","510",187926,187926,0,"Shift","Shift","411","79","NoChange","Nonproduction"
"511","511","511",187962,187962,0,"Shift","Shift","411","79","NoChange","Nonproduction"
"512","512","512",187994,187994,0,"Shift","Shift","411","79","NoChange","Nonproduction"
"513","513","513",188026,188026,0,"Shift","Shift","411","79","NoChange","Nonproduction"
"514","514","514",188066,188066,0,"Shift","Shift","411","79","NoChange","Nonproduction"
"515","515","515",188086,188086,0,"Shift","Shift","411","79","NoChange","Nonproduction"
"516","516","516",188126,188126,0,"Shift","Shift","411","79","NoChange","Nonproduction"
"517","517","517",188167,188167,0,"Shift","Shift","411","79","NoChange","Nonproduction"
"518","518","518",188186,188186,0,"Shift","Shift","411","79","NoChange","Nonproduction"
"519","519","519",188218,188218,0,"Shift","Shift","411","79","NoChange","Nonproduction"
"520","520","520",188252,188252,0,"Shift","Shift","411","79","NoChange","Nonproduction"
"521","521","521",188297,188297,0,"Shift","Shift","411","79","NoChange","Nonproduction"
"522","522","522",188315,188315,0,"Shift","Shift","411","79","NoChange","Nonproduction"
"523","523","523",188357,188357,0,"Shift","Shift","411","79","NoChange","Nonproduction"
"524","524","524",188396,188396,0,"Shift","Shift","411","79","NoChange","Nonproduction"
"525","525","525",188436,188436,0,"Shift","Shift","411","79","NoChange","Nonproduction"
"526","526","526",188456,188456,0,"Shift","Shift","411","79","NoChange","Nonproduction"
"527","527","527",188496,188496,0,"Shift","Shift","411","79","NoChange","Nonproduction"
"528","528","528",188515,188515,0,"Shift","Shift","411","79","NoChange","Nonproduction"
"529","529","529",188556,188556,0,"Shift","Shift","411","79","NoChange","Nonproduction"
"530","530","530",188596,188596,0,"Shift","Shift","411","79","NoChange","Nonproduction"
"531","531","531",188615,188615,0,"Shift","Shift","411","79","NoChange","Nonproduction"
"532","532","532",188656,188656,0,"Shift","Shift","411","79","NoChange","Nonproduction"
"533","533","533",188696,188696,0,"Shift","Shift","411","79","NoChange","Nonproduction"
"534","534","534",188715,188715,0,"Shift","Shift","411","79","NoChange","Nonproduction"
"535","535","535",188756,188756,0,"Shift","Shift","411","79","NoChange","Nonproduction"
"536","536","536",188796,188796,0,"Shift","Shift","411","79","NoChange","Nonproduction"
"537","537","537",188815,188815,0,"Shift","Shift","411","79","NoChange","Nonproduction"
"538","538","538",188856,188856,0,"Shift","Shift","411","79","NoChange","Nonproduction"
"539","539","539",188876,188876,0,"Shift","Shift","411","79","NoChange","Nonproduction"
"540","540","540",188915,188915,0,"Shift","Shift","411","79","NoChange","Nonproduction"
"541","541","541",188952,188952,0,"Shift","Shift","411","79","NoChange","Nonproduction"
"542","542","542",188973,189140,167,"T","t","412","79","T","Input"
"543","543","543",189211,189404,193,"h","h","413","79","h","Input"
"544","544","544",189422,189575,153,"e","e","414","79","e","Input"
"545","545","545",189690,189882,192,"s","s","415","79","s","Input"
"546","546","546",189897,190080,183,"e","e","416","79","e","Input"
"547","547","547",200206,200348,142,"Backspace","Backspace","415","79","e","Remove/Cut"
"548","548","548",200451,200551,100,"Backspace","Backspace","414","79","s","Remove/Cut"
"549","549","549",200862,200964,102,"Backspace","Backspace","413","79","e","Remove/Cut"
"550","550","550",201626,201797,171,"i","i","414","79","i","Input"
"551","551","551",201771,201924,153,"s","s","415","79","s","Input"
"552","552","552",201846,201980,134,"Space","Space","416","79"," ","Input"
"553","553","553",202308,202471,163,"i","i","417","80","i","Input"
"554","554","554",202450,202610,160,"s","s","418","80","s","Input"
"555","555","555",202571,202701,130,"Space","Space","419","80"," ","Input"
"556","556","556",202722,202855,133,"t","t","420","81","t","Input"
"557","557","557",202822,202962,140,"h","h","421","81","h","Input"
"558","558","558",202926,203064,138,"e","e","422","81","e","Input"
"559","559","559",203046,203192,146,"Space","Space","423","81"," ","Input"
"560","560","560",203279,203406,127,"p","p","424","82","p","Input"
"561","561","561",203556,203686,130,"o","o","425","82","o","Input"
"562","562","562",203670,203842,172,"w","w","426","82","w","Input"
"563","563","563",203815,204061,246,"e","e","427","82","e","Input"
"564","564","564",203986,204166,180,"r","r","428","82","r","Input"
"565","565","565",204243,204356,113,"Space","Space","429","82"," ","Input"
"566","566","566",204439,204575,136,"o","o","430","83","o","Input"
"567","567","567",204545,204715,170,"f","f","431","83","f","Input"
"568","568","568",204691,204823,132,"Space","Space","432","83"," ","Input"
"569","569","569",205113,205308,195,"a","a","433","84","a","Input"
"570","570","570",205422,205584,162,"d","d","434","84","d","Input"
"571","571","571",205891,206071,180,"v","v","435","84","v","Input"
"572","572","572",206247,206445,198,"e","e","436","84","e","Input"
"573","573","573",206416,206562,146,"r","r","437","84","r","Input"
"574","574","574",206677,206810,133,"t","t","438","84","t","Input"
"575","575","575",206878,207010,132,"i","i","439","84","i","Input"
"576","576","576",207124,207302,178,"s","s","440","84","s","Input"
"577","577","577",207290,207416,126,"i","i","441","84","i","Input"
"578","578","578",207560,207699,139,"n","n","442","84","n","Input"
"579","579","579",207710,207852,142,"g","g","443","84","g","Input"
"580","580","580",209242,209425,183,"Space","Space","444","84"," ","Input"
"581","581","581",209490,209595,105,"a","a","445","85","a","Input"
"582","582","582",209953,210076,123,"n","n","446","85","n","Input"
"583","583","583",210045,210207,162,"d","d","447","85","d","Input"
"584","584","584",210133,210247,114,"Space","Space","448","85"," ","Input"
"585","585","585",210371,210520,149,"m","m","449","86","m","Input"
"586","586","586",210566,210771,205,"a","a","450","86","a","Input"
"587","587","587",211394,211527,133,"r","r","451","86","r","Input"
"588","588","588",211533,211707,174,"k","k","452","86","k","Input"
"589","589","589",211669,211810,141,"e","e","453","86","e","Input"
"590","590","590",211901,212061,160,"t","t","454","86","t","Input"
"591","591","591",211986,212150,164,"i","i","455","86","i","Input"
"592","592","592",212202,212362,160,"n","n","456","86","n","Input"
"593","593","593",212352,212499,147,"g","g","457","86","g","Input"
"594","594","594",213160,213320,160,".",".","458","86",".","Input"
"595","595","595",213548,213690,142,"Space","Space","459","86"," ","Input"
"596","596","596",213976,213976,0,"Shift","Shift","459","86","NoChange","Nonproduction"
"597","597","597",216060,216060,0,"Shift","Shift","459","86","NoChange","Nonproduction"
"598","598","598",216730,216730,0,"Shift","Shift","459","86","NoChange","Nonproduction"
"599","599","599",216972,217122,150,"H","h","460","87","H","Input"
"600","600","600",217194,217349,155,"i","i","461","87","i","Input"
"601","601","601",217512,217640,128,"g","g","462","87","g","Input"
"602","602","602",217624,217770,146,"h","h","463","87","h","Input"
"603","603","603",218156,218280,124,"l","l","464","87","l","Input"
"604","604","604",218403,218545,142,"t","t","465","87","t","Input"
"605","605","605",218800,218911,111,"Backspace","Backspace","464","87","t","Remove/Cut"
"606","606","606",219071,219200,129,"y","y","465","87","y","Input"
"607","607","607",219252,219386,134,"Space","Space","466","87"," ","Input"
"608","608","608",219500,219636,136,"q","q","467","88","q","Input"
"609","609","609",219640,219786,146,"u","u","468","88","u","Input"
"610","610","610",219907,220120,213,"a","a","469","88","a","Input"
"611","611","611",220105,220229,124,"l","l","470","88","l","Input"
"612","612","612",220305,220436,131,"i","i","471","88","i","Input"
"613","613","613",220555,220692,137,"f","f","472","88","f","Input"
"614","614","614",220663,220803,140,"i","i","473","88","i","Input"
"615","615","615",221060,221170,110,"e","e","474","88","e","Input"
"616","616","616",221285,221427,142,"d","d","475","88","d","Input"
"617","617","617",221419,221547,128,"Space","Space","476","88"," ","Input"
"618","618","618",221692,221867,175,"i","i","477","89","i","Input"
"619","619","619",221971,222120,149,"n","n","478","89","n","Input"
"620","620","620",222161,222290,129,"d","d","479","89","d","Input"
"621","621","621",222287,222430,143,"i","i","480","89","i","Input"
"622","622","622",222466,222601,135,"v","v","481","89","v","Input"
"623","623","623",222586,222749,163,"i","i","482","89","i","Input"
"624","624","624",223455,223615,160,"d","d","483","89","d","Input"
"625","625","625",223695,223841,146,"u","u","484","89","u","Input"
"626","626","626",223875,224040,165,"a","a","485","89","a","Input"
"627","627","627",224014,224181,167,"l","l","486","89","l","Input"
"628","628","628",224235,224438,203,"s","s","487","89","s","Input"
"629","629","629",224559,224708,149,"Space","Space","488","89"," ","Input"
"630","630","630",225488,225642,154,"c","c","489","90","c","Input"
"631","631","631",225720,225872,152,"a","a","490","90","a","Input"
"632","632","632",225839,225958,119,"n","n","491","90","n","Input"
"633","633","633",226013,226169,156,"Space","Space","492","90"," ","Input"
"634","634","634",226591,226738,147,"t","t","493","91","t","Input"
"635","635","635",226762,226922,160,"a","a","494","91","a","Input"
"636","636","636",226889,227034,145,"k","k","495","91","k","Input"
"637","637","637",227029,227192,163,"e","e","496","91","e","Input"
"638","638","638",227171,227320,149,"Space","Space","497","91"," ","Input"
"639","639","639",227515,227640,125,"e","e","498","92","e","Input"
"640","640","640",227779,227915,136,"v","v","499","92","v","Input"
"641","641","641",228002,228181,179,"e","e","500","92","e","Input"
"642","642","642",228128,228262,134,"n","n","501","92","n","Input"
"643","643","643",228265,228399,134,"Space","Space","502","92"," ","Input"
"644","644","644",228389,228522,133,"t","t","503","93","t","Input"
"645","645","645",228491,228661,170,"h","h","504","93","h","Input"
"646","646","646",228628,228787,159,"e","e","505","93","e","Input"
"647","647","647",228744,228903,159,"Space","Space","506","93"," ","Input"
"648","648","648",230131,230291,160,"m","m","507","94","m","Input"
"649","649","649",230508,230640,132,"o","o","508","94","o","Input"
"650","650","650",230753,230891,138,"s","s","509","94","s","Input"
"651","651","651",230958,231122,164,"t","t","510","94","t","Input"
"652","652","652",231205,231352,147,"Space","Space","511","94"," ","Input"
"653","653","653",232429,232598,169,"b","b","512","95","b","Input"
"654","654","654",232885,233045,160,"l","l","513","95","l","Input"
"655","655","655",233026,233171,145,"a","a","514","95","a","Input"
"656","656","656",233191,233342,151,"n","n","515","95","n","Input"
"657","657","657",233341,233521,180,"d","d","516","95","d","Input"
"658","658","658",233585,233740,155,"Space","Space","517","95"," ","Input"
"659","659","659",233851,234008,157,"t","t","518","96","t","Input"
"660","660","660",233956,234104,148,"h","h","519","96","h","Input"
"661","661","661",234078,234245,167,"i","i","520","96","i","Input"
"662","662","662",234308,234440,132,"n","n","521","96","n","Input"
"663","663","663",234400,234538,138,"g","g","522","96","g","Input"
"664","664","664",234722,234933,211,"s","s","523","96","s","Input"
"665","665","665",235691,235834,143,"Space","Space","524","96"," ","Input"
"666","666","666",235869,236044,175,"a","a","525","97","a","Input"
"667","667","667",236026,236168,142,"n","n","526","97","n","Input"
"668","668","668",236192,236373,181,"d","d","527","97","d","Input"
"669","669","669",236405,236560,155,"Space","Space","528","97"," ","Input"
"670","670","670",250048,250171,123,"s","s","529","98","s","Input"
"671","671","671",250273,250424,151,"e","e","530","98","e","Input"
"672","672","672",250423,250487,64,"l","l","531","98","l","Input"
"673","673","673",250578,250669,91,"l","l","532","98","l","Input"
"674","674","674",250860,251004,144,"y","y","533","98","y","Input"
"675","675","675",251040,251204,164,"Space","Space","534","98"," ","Input"
"676","676","676",251558,251645,87,"Backspace","Backspace","533","98"," ","Remove/Cut"
"677","677","677",251740,251840,100,"Backspace","Backspace","532","98","y","Remove/Cut"
"678","678","678",251956,252080,124,"Space","Space","533","98"," ","Input"
"679","679","679",252184,252333,149,"y","y","534","99","y","Input"
"680","680","680",252365,252524,159,"o","o","535","99","o","Input"
"681","681","681",252476,252639,163,"u","u","536","99","u","Input"
"682","682","682",252622,252785,163,"Space","Space","537","99"," ","Input"
"683","683","683",253538,253688,150,"a","a","538","100","a","Input"
"684","684","684",253680,253830,150,"Space","Space","539","100"," ","Input"
"685","685","685",253844,254004,160,"f","f","540","101","f","Input"
"686","686","686",254078,254235,157,"a","a","541","101","a","Input"
"687","687","687",254310,254460,150,"n","n","542","101","n","Input"
"688","688","688",254518,254650,132,"t","t","543","101","t","Input"
"689","689","689",254680,254834,154,"a","a","544","101","a","Input"
"690","690","690",254964,255145,181,"s","s","545","101","s","Input"
"691","691","691",255164,255327,163,"y","y","546","101","y","Input"
"692","692","692",255994,256149,155,".",".","547","101",".","Input"
"693","693","693",257253,257427,174,"Space","Space","548","101"," ","Input"
"694","694","694",258076,258076,0,"Shift","Shift","548","101","NoChange","Nonproduction"
"695","695","695",258288,258418,130,"P","p","549","102","P","Input"
"696","696","696",258665,258777,112,"o","o","550","102","o","Input"
"697","697","697",258891,259012,121,"l","l","551","102","l","Input"
"698","698","698",259133,259288,155,"i","i","552","102","i","Input"
"699","699","699",259338,259478,140,"t","t","553","102","t","Input"
"700","700","700",259480,259610,130,"i","i","554","102","i","Input"
"701","701","701",259708,259868,160,"c","c","555","102","c","Input"
"702","702","702",260352,260520,168,"i","i","556","102","i","Input"
"703","703","703",260605,260755,150,"a","a","557","102","a","Input"
"704","704","704",260782,260904,122,"n","n","558","102","n","Input"
"705","705","705",260912,261088,176,"s","s","559","102","s","Input"
"706","706","706",261165,261320,155,"Space","Space","560","102"," ","Input"
"707","707","707",261706,261877,171,"d","d","561","103","d","Input"
"708","708","708",261853,262000,147,"o","o","562","103","o","Input"
"709","709","709",262033,262184,151,"Space","Space","563","103"," ","Input"
"710","710","710",262278,262431,153,"t","t","564","104","t","Input"
"711","711","711",262411,262524,113,"h","h","565","104","h","Input"
"712","712","712",262562,262730,168,"i","i","566","104","i","Input"
"713","713","713",262720,262913,193,"s","s","567","104","s","Input"
"714","714","714",274318,274453,135,".",".","568","104",".","Input"
"715","715","715",274560,274713,153,"Space","Space","569","104"," ","Input"
"716","716","716",274648,274648,0,"Shift","Shift","569","104","NoChange","Nonproduction"
"717","717","717",275144,275277,133,"F","f","570","105","F","Input"
"718","718","718",275314,275400,86,"o","o","571","105","o","Input"
"719","719","719",275490,275607,117,"o","o","572","105","o","Input"
"720","720","720",275608,275781,173,"d","d","573","105","d","Input"
"721","721","721",275768,275905,137,"Space","Space","574","105"," ","Input"
"722","722","722",276000,276180,180,"c","c","575","106","c","Input"
"723","723","723",276115,276278,163,"o","o","576","106","o","Input"
"724","724","724",276302,276438,136,"m","m","577","106","m","Input"
"725","725","725",276431,276599,168,"p","p","578","106","p","Input"
"726","726","726",276755,276893,138,"a","a","579","106","a","Input"
"727","727","727",276890,276987,97,"n","n","580","106","n","Input"
"728","728","728",277108,277259,151,"i","i","581","106","i","Input"
"729","729","729",277301,277437,136,"e","e","582","106","e","Input"
"730","730","730",277530,277689,159,"s","s","583","106","s","Input"
"731","731","731",278243,278422,179,"Space","Space","584","106"," ","Input"
"732","732","732",278538,278665,127,"r","r","585","107","r","Input"
"733","733","733",278687,278838,151,"e","e","586","107","e","Input"
"734","734","734",278998,279158,160,"g","g","587","107","g","Input"
"735","735","735",279168,279296,128,"u","u","588","107","u","Input"
"736","736","736",279370,279489,119,"l","l","589","107","l","Input"
"737","737","737",279492,279669,177,"a","a","590","107","a","Input"
"738","738","738",279978,280104,126,"r","r","591","107","r","Input"
"739","739","739",280093,280225,132,"l","l","592","107","l","Input"
"740","740","740",280358,280488,130,"y","y","593","107","y","Input"
"741","741","741",280548,280674,126,"Space","Space","594","107"," ","Input"
"742","742","742",281067,281198,131,"u","u","595","108","u","Input"
"743","743","743",281189,281300,111,"s","s","596","108","s","Input"
"744","744","744",281389,281517,128,"e","e","597","108","e","Input"
"745","745","745",281712,281729,17,"d","d","598","108","d","Input"
"746","746","746",282123,282226,103,"Backspace","Backspace","597","108","d","Remove/Cut"
"747","747","747",283038,283267,229,"Space","Space","598","108"," ","Input"
"748","748","748",283834,284333,499,"Backspace","Backspace","597","108"," ","Remove/Cut"
"749","749","749",284333,284369,36,"Backspace","Backspace","596","108","e","Remove/Cut"
"750","750","750",284369,284403,34,"Backspace","Backspace","595","108","s","Remove/Cut"
"751","751","751",284403,284423,20,"Backspace","Backspace","594","107","u","Remove/Cut"
"752","752","752",284423,284451,28,"Backspace","Backspace","593","107"," ","Remove/Cut"
"753","753","753",285064,285175,111,"Space","Space","594","107"," ","Input"
"754","754","754",285191,285398,207,"d","d","595","108","d","Input"
"755","755","755",285369,285519,150,"o","o","596","108","o","Input"
"756","756","756",285479,285629,150,"Space","Space","597","108"," ","Input"
"757","757","757",285666,285837,171,"t","t","598","109","t","Input"
"758","758","758",285798,285895,97,"h","h","599","109","h","Input"
"759","759","759",285947,286082,135,"i","i","600","109","i","Input"
"760","760","760",286089,286270,181,"s","s","601","109","s","Input"
"761","761","761",289028,289190,162,"Space","Space","602","109"," ","Input"
"762","762","762",289207,289366,159,"a","a","603","110","a","Input"
"763","763","763",289365,289478,113,"n","n","604","110","n","Input"
"764","764","764",289514,289672,158,"d","d","605","110","d","Input"
"765","765","765",289616,289769,153,"Space","Space","606","110"," ","Input"
"766","766","766",290169,290362,193,"s","s","607","111","s","Input"
"767","767","767",290313,290476,163,"o","o","608","111","o","Input"
"768","768","768",290533,290670,137,"Space","Space","609","111"," ","Input"
"769","769","769",290965,291137,172,"d","d","610","112","d","Input"
"770","770","770",291147,291295,148,"o","o","611","112","o","Input"
"771","771","771",291605,291768,163,"Space","Space","612","112"," ","Input"
"772","772","772",295241,295364,123,"t","t","613","113","t","Input"
"773","773","773",295596,295768,172,"v","v","614","113","v","Input"
"774","774","774",295847,296025,178,"Space","Space","615","113"," ","Input"
"775","775","775",296037,296217,180,"a","a","616","114","a","Input"
"776","776","776",296725,296892,167,"d","d","617","114","d","Input"
"777","777","777",299985,300160,175,"Backspace","Backspace","616","114","d","Remove/Cut"
"778","778","778",300308,300412,104,"Backspace","Backspace","615","113","a","Remove/Cut"
"779","779","779",301003,301268,265,"a","a","616","114","a","Input"
"780","780","780",301367,301568,201,"d","d","617","114","d","Input"
"781","781","781",301636,301844,208,"s","s","618","114","s","Input"
"782","782","782",302233,302364,131,".",".","619","114",".","Input"
"783","783","783",302554,302695,141,"Space","Space","620","114"," ","Input"
"784","784","784",302820,302820,0,"Shift","Shift","620","114","NoChange","Nonproduction"
"785","785","785",302923,303069,146,"I","i","621","115","I","Input"
"786","786","786",303152,303288,136,"t","t","622","115","t","Input"
"787","787","787",303283,303417,134,"'","'","623","115","'","Input"
"788","788","788",303434,303615,181,"s","s","624","115","s","Input"
"789","789","789",303678,303829,151,"Space","Space","625","115"," ","Input"
"790","790","790",303933,304132,199,"a","a","626","116","a","Input"
"791","791","791",304321,304464,143,"b","b","627","116","b","Input"
"792","792","792",304478,304600,122,"o","o","628","116","o","Input"
"793","793","793",304573,304751,178,"u","u","629","116","u","Input"
"794","794","794",304769,304922,153,"t","t","630","116","t","Input"
"795","795","795",304923,305065,142,"Space","Space","631","116"," ","Input"
"796","796","796",306205,306364,159,"m","m","632","117","m","Input"
"797","797","797",306393,306537,144,"a","a","633","117","a","Input"
"798","798","798",306496,306638,142,"k","k","634","117","k","Input"
"799","799","799",306773,306897,124,"i","i","635","117","i","Input"
"800","800","800",307001,307160,159,"n","n","636","117","n","Input"
"801","801","801",307236,307386,150,"g","g","637","117","g","Input"
"802","802","802",307395,307541,146,"Space","Space","638","117"," ","Input"
"803","803","803",307616,307766,150,"y","y","639","118","y","Input"
"804","804","804",307783,307942,159,"o","o","640","118","o","Input"
"805","805","805",307893,308055,162,"u","u","641","118","u","Input"
"806","806","806",308058,308217,159,"Space","Space","642","118"," ","Input"
"807","807","807",308253,308408,155,"f","f","643","119","f","Input"
"808","808","808",308519,308612,93,"e","e","644","119","e","Input"
"809","809","809",308715,308833,118,"e","e","645","119","e","Input"
"810","810","810",308832,308924,92,"l","l","646","119","l","Input"
"811","811","811",308946,309086,140,"Space","Space","647","119"," ","Input"
"812","812","812",309125,309275,150,"a","a","648","120","a","Input"
"813","813","813",309405,309564,159,"s","s","649","120","s","Input"
"814","814","814",309516,309648,132,"Space","Space","650","120"," ","Input"
"815","815","815",309668,309808,140,"t","t","651","121","t","Input"
"816","816","816",309809,309932,123,"h","h","652","121","h","Input"
"817","817","817",309997,310147,150,"o","o","653","121","o","Input"
"818","818","818",310107,310262,155,"u","u","654","121","u","Input"
"819","819","819",310243,310375,132,"g","g","655","121","g","Input"
"820","820","820",310407,310549,142,"h","h","656","121","h","Input"
"821","821","821",310637,310799,162,"Space","Space","657","121"," ","Input"
"822","822","822",311270,311442,172,"a","a","658","122","a","Input"
"823","823","823",311405,311535,130,"n","n","659","122","n","Input"
"824","824","824",311542,311686,144,"Space","Space","660","122"," ","Input"
"825","825","825",311843,311957,114,"i","i","661","123","i","Input"
"826","826","826",312056,312217,161,"m","m","662","123","m","Input"
"827","827","827",312176,312322,146,"a","a","663","123","a","Input"
"828","828","828",312356,312488,132,"g","g","664","123","g","Input"
"829","829","829",312582,312722,140,"e","e","665","123","e","Input"
"830","830","830",312714,312833,119,"Space","Space","666","123"," ","Input"
"831","831","831",312839,313008,169,"i","i","667","124","i","Input"
"832","832","832",313308,313458,150,"s","s","668","124","s","Input"
"833","833","833",313493,313667,174,"Space","Space","669","124"," ","Input"
"834","834","834",314153,314209,56,"a","a","670","125","a","Input"
"835","835","835",315159,315278,119,"t","t","671","125","t","Input"
"836","836","836",315373,315482,109,"t","t","672","125","t","Input"
"837","837","837",315557,315697,140,"a","a","673","125","a","Input"
"838","838","838",315707,315829,122,"i","i","674","125","i","Input"
"839","839","839",315923,316068,145,"n","n","675","125","n","Input"
"840","840","840",316075,316212,137,"a","a","676","125","a","Input"
"841","841","841",316348,316474,126,"b","b","677","125","b","Input"
"842","842","842",316493,316627,134,"l","l","678","125","l","Input"
"843","843","843",316656,316802,146,"e","e","679","125","e","Input"
"844","844","844",316818,316962,144,"Space","Space","680","125"," ","Input"
"845","845","845",317458,317604,146,"i","i","681","126","i","Input"
"846","846","846",317565,317722,157,"f","f","682","126","f","Input"
"847","847","847",317663,317794,131,"Space","Space","683","126"," ","Input"
"848","848","848",317885,318022,137,"y","y","684","127","y","Input"
"849","849","849",318049,318222,173,"o","o","685","127","o","Input"
"850","850","850",318159,318309,150,"u","u","686","127","u","Input"
"851","851","851",318256,318417,161,"Space","Space","687","127"," ","Input"
"852","852","852",318553,318676,123,"j","j","688","128","j","Input"
"853","853","853",318825,318964,139,"u","u","689","128","u","Input"
"854","854","854",318986,319166,180,"s","s","690","128","s","Input"
"855","855","855",319155,319322,167,"t","t","691","128","t","Input"
"856","856","856",319262,319406,144,"Space","Space","692","128"," ","Input"
"857","857","857",319803,319984,181,"b","b","693","129","b","Input"
"858","858","858",320010,320137,127,"u","u","694","129","u","Input"
"859","859","859",320248,320382,134,"y","y","695","129","y","Input"
"860","860","860",320399,320549,150,"Space","Space","696","129"," ","Input"
"861","861","861",320567,320722,155,"t","t","697","130","t","Input"
"862","862","862",320653,320793,140,"h","h","698","130","h","Input"
"863","863","863",321733,321837,104,"Backspace","Backspace","697","130","h","Remove/Cut"
"864","864","864",322003,322104,101,"Backspace","Backspace","696","129","t","Remove/Cut"
"865","865","865",322773,322945,172,"a","a","697","130","a","Input"
"866","866","866",322925,323069,144,"Space","Space","698","130"," ","Input"
"867","867","867",323258,323398,140,"p","p","699","131","p","Input"
"868","868","868",323403,323577,174,"e","e","700","131","e","Input"
"869","869","869",323536,323715,179,"r","r","701","131","r","Input"
"870","870","870",323840,324044,204,"f","f","702","131","f","Input"
"871","871","871",323978,324107,129,"u","u","703","131","u","Input"
"872","872","872",324365,324510,145,"m","m","704","131","m","Input"
"873","873","873",324487,324672,185,"e","e","705","131","e","Input"
"874","874","874",324954,325087,133,",",",","706","131",",","Input"
"875","875","875",325144,325287,143,"Space","Space","707","131"," ","Input"
"876","876","876",325520,325657,137,"m","m","708","132","m","Input"
"877","877","877",325683,325809,126,"a","a","709","132","a","Input"
"878","878","878",325799,325934,135,"k","k","710","132","k","Input"
"879","879","879",325927,326094,167,"e","e","711","132","e","Input"
"880","880","880",327043,327185,142,"Space","Space","712","132"," ","Input"
"881","881","881",327247,327372,125,"u","u","713","133","u","Input"
"882","882","882",327413,327572,159,"p","p","714","133","p","Input"
"883","883","883",329450,329604,154,",",",","715","133",",","Input"
"884","884","884",329746,329897,151,"Space","Space","716","133"," ","Input"
"885","885","885",330432,330564,132,"t","t","717","134","t","Input"
"886","886","886",330643,330785,142,"e","e","718","134","e","Input"
"887","887","887",330858,330995,137,"l","l","719","134","l","Input"
"888","888","888",331038,331137,99,"e","e","720","134","e","Input"
"889","889","889",331335,331485,150,"v","v","721","134","v","Input"
"890","890","890",331558,331682,124,"i","i","722","134","i","Input"
"891","891","891",331724,331905,181,"s","s","723","134","s","Input"
"892","892","892",331833,331991,158,"i","i","724","134","i","Input"
"893","893","893",331966,332151,185,"o","o","725","134","o","Input"
"894","894","894",332125,332283,158,"n","n","726","134","n","Input"
"895","895","895",337164,337327,163,"Space","Space","727","134"," ","Input"
"896","896","896",337635,337790,155,"o","o","728","135","o","Input"
"897","897","897",337855,337983,128,"r","r","729","135","r","Input"
"898","898","898",337944,338096,152,"Space","Space","730","135"," ","Input"
"899","899","899",339160,339331,171,"d","d","731","136","d","Input"
"900","900","900",339335,339482,147,"o","o","732","136","o","Input"
"901","901","901",339493,339643,150,"Space","Space","733","136"," ","Input"
"902","902","902",339758,339909,151,"s","s","734","137","s","Input"
"903","903","903",339884,339995,111,"o","o","735","137","o","Input"
"904","904","904",340075,340203,128,"m","m","736","137","m","Input"
"905","905","905",340166,340312,146,"e","e","737","137","e","Input"
"906","906","906",340397,340568,171,"t","t","738","137","t","Input"
"907","907","907",340517,340614,97,"h","h","739","137","h","Input"
"908","908","908",340642,340765,123,"i","i","740","137","i","Input"
"909","909","909",340841,340977,136,"n","n","741","137","n","Input"
"910","910","910",340973,341132,159,"g","g","742","137","g","Input"
"911","911","911",341333,341454,121,"Space","Space","743","137"," ","Input"
"912","912","912",341842,341991,149,"t","t","744","138","t","Input"
"913","913","913",341966,342103,137,"h","h","745","138","h","Input"
"914","914","914",342075,342273,198,"a","a","746","138","a","Input"
"915","915","915",342160,342350,190,"t","t","747","138","t","Input"
"916","916","916",342324,342487,163,"Space","Space","748","138"," ","Input"
"917","917","917",344449,344595,146,"t","t","749","139","t","Input"
"918","918","918",344597,344698,101,"h","h","750","139","h","Input"
"919","919","919",344706,344874,168,"e","e","751","139","e","Input"
"920","920","920",344942,345114,172,"y","y","752","139","y","Input"
"921","921","921",345145,345285,140,"Space","Space","753","139"," ","Input"
"922","922","922",346593,347096,503,"Backspace","Backspace","752","139"," ","Remove/Cut"
"923","923","923",347096,347129,33,"Backspace","Backspace","751","139","y","Remove/Cut"
"924","924","924",347129,347161,32,"Backspace","Backspace","750","139","e","Remove/Cut"
"925","925","925",347161,347201,40,"Backspace","Backspace","749","139","h","Remove/Cut"
"926","926","926",347201,347226,25,"Backspace","Backspace","748","138","t","Remove/Cut"
"927","927","927",347226,347261,35,"Backspace","Backspace","747","138"," ","Remove/Cut"
"928","928","928",347261,347274,13,"Backspace","Backspace","746","138","t","Remove/Cut"
"929","929","929",347966,348099,133,"t","t","747","138","t","Input"
"930","930","930",348073,348192,119,"Space","Space","748","138"," ","Input"
"931","931","931",348260,348405,145,"t","t","749","139","t","Input"
"932","932","932",348376,348495,119,"h","h","750","139","h","Input"
"933","933","933",348515,348682,167,"w","w","751","139","w","Input"
"934","934","934",348667,348683,16,"y","y","752","139","y","Input"
"935","935","935",349029,349113,84,"Backspace","Backspace","751","139","y","Remove/Cut"
"936","936","936",349233,349353,120,"Backspace","Backspace","750","139","w","Remove/Cut"
"937","937","937",349942,350109,167,"e","e","751","139","e","Input"
"938","938","938",350048,350162,114,"y","y","752","139","y","Input"
"939","939","939",350195,350336,141,"Space","Space","753","139"," ","Input"
"940","940","940",350500,350627,127,"w","w","754","140","w","Input"
"941","941","941",350703,350862,159,"a","a","755","140","a","Input"
"942","942","942",350821,350952,131,"n","n","756","140","n","Input"
"943","943","943",350980,351158,178,"t","t","757","140","t","Input"
"944","944","944",351635,351778,143,".",".","758","140",".","Input"
"945","945","945",355279,355435,156,"Space","Space","759","140"," ","Input"
"946","946","946",358515,358515,0,"Shift","Shift","759","140","NoChange","Nonproduction"
"947","947","947",359264,359264,0,"Shift","Shift","759","140","NoChange","Nonproduction"
"948","948","948",359593,359747,154,"D","d","760","141","D","Input"
"949","949","949",359706,359904,198,"O","o","761","141","O","Input"
"950","950","950",359869,359992,123,"n","n","762","141","n","Input"
"951","951","951",360355,360445,90,"Backspace","Backspace","761","141","n","Remove/Cut"
"952","952","952",360549,360642,93,"Backspace","Backspace","760","141","O","Remove/Cut"
"953","953","953",360862,361093,231,"o","o","761","141","o","Input"
"954","954","954",361069,361192,123,"n","n","762","141","n","Input"
"955","955","955",361355,361485,130,"'","'","763","141","'","Input"
"956","956","956",361551,361693,142,"t","t","764","141","t","Input"
"957","957","957",361750,361892,142,"Space","Space","765","141"," ","Input"
"958","958","958",362181,362292,111,"b","b","766","142","b","Input"
"959","959","959",362513,362658,145,"e","e","767","142","e","Input"
"960","960","960",362737,362832,95,"l","l","768","142","l","Input"
"961","961","961",362936,363087,151,"i","i","769","142","i","Input"
"962","962","962",363026,363132,106,"e","e","770","142","e","Input"
"963","963","963",363279,363394,115,"v","v","771","142","v","Input"
"964","964","964",363517,363651,134,"e","e","772","142","e","Input"
"965","965","965",363660,363799,139,"Space","Space","773","142"," ","Input"
"966","966","966",363885,364027,142,"m","m","774","143","m","Input"
"967","967","967",363995,364145,150,"e","e","775","143","e","Input"
"968","968","968",364363,364363,0,"Shift","Shift","775","143","NoChange","Nonproduction"
"969","969","969",364648,364799,151,"?","?","776","143","?","Input"
"970","970","970",365166,365338,172,"Space","Space","777","143"," ","Input"
"971","971","971",365784,365784,0,"Shift","Shift","777","143","NoChange","Nonproduction"
"972","972","972",365966,366179,213,"D","d","778","144","D","Input"
"973","973","973",366174,366340,166,"i","i","779","144","i","Input"
"974","974","974",366326,366472,146,"Space","Space","780","144"," ","Input"
"975","975","975",366553,366687,134,"y","y","781","145","y","Input"
"976","976","976",366905,366998,93,"Backspace","Backspace","780","144","y","Remove/Cut"
"977","977","977",367083,367192,109,"Backspace","Backspace","779","144"," ","Remove/Cut"
"978","978","978",367181,367299,118,"d","d","780","144","d","Input"
"979","979","979",367309,367451,142,"Space","Space","781","144"," ","Input"
"980","980","980",367563,367716,153,"y","y","782","145","y","Input"
"981","981","981",367759,367908,149,"o","o","783","145","o","Input"
"982","982","982",367864,368023,159,"u","u","784","145","u","Input"
"983","983","983",367983,368118,135,"Space","Space","785","145"," ","Input"
"984","984","984",368568,368701,133,"k","k","786","146","k","Input"
"985","985","985",368781,368922,141,"n","n","787","146","n","Input"
"986","986","986",368949,369084,135,"o","o","788","146","o","Input"
"987","987","987",369203,369394,191,"w","w","789","146","w","Input"
"988","988","988",369683,369856,173,"Space","Space","790","146"," ","Input"
"989","989","989",370826,370969,143,"t","t","791","147","t","Input"
"990","990","990",371022,371173,151,"h","h","792","147","h","Input"
"991","991","991",371180,371365,185,"a","a","793","147","a","Input"
"992","992","992",371286,371503,217,"t","t","794","147","t","Input"
"993","993","993",371677,371826,149,"Space","Space","795","147"," ","Input"
"994","994","994",372957,373106,149,"f","f","796","148","f","Input"
"995","995","995",373073,373179,106,"o","o","797","148","o","Input"
"996","996","996",373273,373387,114,"o","o","798","148","o","Input"
"997","997","997",373483,373632,149,"d","d","799","148","d","Input"
"998","998","998",373613,373758,145,"Space","Space","800","148"," ","Input"
"999","999","999",375163,375392,229,"c","c","801","149","c","Input"
"1000","1000","1000",375377,375522,145,"o","o","802","149","o","Input"
"1001","1001","1001",375664,375779,115,"m","m","803","149","m","Input"
"1002","1002","1002",375868,376004,136,"m","m","804","149","m","Input"
"1003","1003","1003",376048,376202,154,"e","e","805","149","e","Input"
"1004","1004","1004",376229,376393,164,"r","r","806","149","r","Input"
"1005","1005","1005",376603,376765,162,"c","c","807","149","c","Input"
"1006","1006","1006",376821,376983,162,"i","i","808","149","i","Input"
"1007","1007","1007",377195,377384,189,"a","a","809","149","a","Input"
"1008","1008","1008",377383,377498,115,"l","l","810","149","l","Input"
"1009","1009","1009",377620,377756,136,"s","s","811","149","s","Input"
"1010","1010","1010",377733,377863,130,"Space","Space","812","149"," ","Input"
"1011","1011","1011",377936,378062,126,"r","r","813","150","r","Input"
"1012","1012","1012",378103,378234,131,"e","e","814","150","e","Input"
"1013","1013","1013",378368,378514,146,"g","g","815","150","g","Input"
"1014","1014","1014",378543,378658,115,"u","u","816","150","u","Input"
"1015","1015","1015",378735,378862,127,"l","l","817","150","l","Input"
"1016","1016","1016",378896,379044,148,"a","a","818","150","a","Input"
"1017","1017","1017",379256,379399,143,"r","r","819","150","r","Input"
"1018","1018","1018",379403,379532,129,"l","l","820","150","l","Input"
"1019","1019","1019",379637,379778,141,"y","y","821","150","y","Input"
"1020","1020","1020",379866,379989,123,"Space","Space","822","150"," ","Input"
"1021","1021","1021",380186,380314,128,"u","u","823","151","u","Input"
"1022","1022","1022",380283,380432,149,"s","s","824","151","s","Input"
"1023","1023","1023",380536,380672,136,"e","e","825","151","e","Input"
"1024","1024","1024",381098,381293,195,"Space","Space","826","151"," ","Input"
"1025","1025","1025",383515,383696,181,"a","a","827","152","a","Input"
"1026","1026","1026",384073,384192,119,"Backspace","Backspace","826","151","a","Remove/Cut"
"1027","1027","1027",384260,384411,151,"f","f","827","152","f","Input"
"1028","1028","1028",384433,384602,169,"a","a","828","152","a","Input"
"1029","1029","1029",384598,384731,133,"k","k","829","152","k","Input"
"1030","1030","1030",384774,384945,171,"e","e","830","152","e","Input"
"1031","1031","1031",384995,385157,162,"Space","Space","831","152"," ","Input"
"1032","1032","1032",385478,385636,158,"f","f","832","153","f","Input"
"1033","1033","1033",385635,385727,92,"o","o","833","153","o","Input"
"1034","1034","1034",385825,385948,123,"o","o","834","153","o","Input"
"1035","1035","1035",386019,386229,210,"d","d","835","153","d","Input"
"1036","1036","1036",399552,399552,0,"Shift","Shift","835","153","NoChange","Nonproduction"
"1037","1037","1037",399815,400001,186,"?","?","836","153","?","Input"
"1038","1038","1038",401368,401487,119,"Backspace","Backspace","835","153","?","Remove/Cut"
"1039","1039","1039",401790,401953,163,"Space","Space","836","153"," ","Input"
"1040","1040","1040",402122,402221,99,"b","b","837","154","b","Input"
"1041","1041","1041",402365,402463,98,"e","e","838","154","e","Input"
"1042","1042","1042",402624,402751,127,"c","c","839","154","c","Input"
"1043","1043","1043",402834,402997,163,"a","a","840","154","a","Input"
"1044","1044","1044",403027,403174,147,"u","u","841","154","u","Input"
"1045","1045","1045",403122,403277,155,"s","s","842","154","s","Input"
"1046","1046","1046",404474,404628,154,"e","e","843","154","e","Input"
"1047","1047","1047",404607,404747,140,"Space","Space","844","154"," ","Input"
"1048","1048","1048",404857,405004,147,"i","i","845","155","i","Input"
"1049","1049","1049",404992,405142,150,"t","t","846","155","t","Input"
"1050","1050","1050",405128,405278,150,"Space","Space","847","155"," ","Input"
"1051","1051","1051",406065,406216,151,"i","i","848","156","i","Input"
"1052","1052","1052",406307,406447,140,"s","s","849","156","s","Input"
"1053","1053","1053",406379,406510,131,"Space","Space","850","156"," ","Input"
"1054","1054","1054",406660,406807,147,"m","m","851","157","m","Input"
"1055","1055","1055",406845,407034,189,"o","o","852","157","o","Input"
"1056","1056","1056",407025,407164,139,"r","r","853","157","r","Input"
"1057","1057","1057",407197,407356,159,"e","e","854","157","e","Input"
"1058","1058","1058",407372,407511,139,"Space","Space","855","157"," ","Input"
"1059","1059","1059",407635,407794,159,"a","a","856","158","a","Input"
"1060","1060","1060",407875,407998,123,"t","t","857","158","t","Input"
"1061","1061","1061",408110,408221,111,"t","t","858","158","t","Input"
"1062","1062","1062",408410,408556,146,"r","r","859","158","r","Input"
"1063","1063","1063",408623,408786,163,"a","a","860","158","a","Input"
"1064","1064","1064",408921,409078,157,"c","c","861","158","c","Input"
"1065","1065","1065",409165,409327,162,"t","t","862","158","t","Input"
"1066","1066","1066",409321,409502,181,"i","i","863","158","i","Input"
"1067","1067","1067",409538,409647,109,"v","v","864","158","v","Input"
"1068","1068","1068",409784,409991,207,"e","e","865","158","e","Input"
"1069","1069","1069",410890,411036,146,"Space","Space","866","158"," ","Input"
"1070","1070","1070",411232,411369,137,"t","t","867","159","t","Input"
"1071","1071","1071",411340,411467,127,"h","h","868","159","h","Input"
"1072","1072","1072",411470,411629,159,"a","a","869","159","a","Input"
"1073","1073","1073",411620,411735,115,"n","n","870","159","n","Input"
"1074","1074","1074",411750,411878,128,"Space","Space","871","159"," ","Input"
"1075","1075","1075",411835,411977,142,"t","t","872","160","t","Input"
"1076","1076","1076",411995,412137,142,"h","h","873","160","h","Input"
"1077","1077","1077",412005,412034,29,"y","y","874","160","y","Input"
"1078","1078","1078",412065,412196,131,"e","e","875","160","e","Input"
"1079","1079","1079",412205,412344,139,"Space","Space","876","160"," ","Input"
"1080","1080","1080",412321,412447,126,"a","a","877","161","a","Input"
"1081","1081","1081",412688,412774,86,"Backspace","Backspace","876","160","a","Remove/Cut"
"1082","1082","1082",412866,412954,88,"Backspace","Backspace","875","160"," ","Remove/Cut"
"1083","1083","1083",413048,413137,89,"Backspace","Backspace","874","160","e","Remove/Cut"
"1084","1084","1084",413225,413316,91,"Backspace","Backspace","873","160","y","Remove/Cut"
"1085","1085","1085",413541,413663,122,"e","e","874","160","e","Input"
"1086","1086","1086",413696,413836,140,"Space","Space","875","160"," ","Input"
"1087","1087","1087",413885,413998,113,"a","a","876","161","a","Input"
"1088","1088","1088",414121,414262,141,"c","c","877","161","c","Input"
"1089","1089","1089",414339,414505,166,"t","t","878","161","t","Input"
"1090","1090","1090",414495,414634,139,"u","u","879","161","u","Input"
"1091","1091","1091",414625,414787,162,"a","a","880","161","a","Input"
"1092","1092","1092",414725,414893,168,"l","l","881","161","l","Input"
"1093","1093","1093",414890,415044,154,"Space","Space","882","161"," ","Input"
"1094","1094","1094",415385,415504,119,"p","p","883","162","p","Input"
"1095","1095","1095",415551,415684,133,"r","r","884","162","r","Input"
"1096","1096","1096",415700,415836,136,"o","o","885","162","o","Input"
"1097","1097","1097",415842,415984,142,"d","d","886","162","d","Input"
"1098","1098","1098",416071,416221,150,"u","u","887","162","u","Input"
"1099","1099","1099",416205,416360,155,"c","c","888","162","c","Input"
"1100","1100","1100",416512,416640,128,"t","t","889","162","t","Input"
"1101","1101","1101",416770,416770,0,"Shift","Shift","889","162","NoChange","Nonproduction"
"1102","1102","1102",416882,417016,134,"?","?","890","162","?","Input"
"1103","1103","1103",417381,417556,175,"Space","Space","891","162"," ","Input"
"1104","1104","1104",417467,417467,0,"Shift","Shift","891","162","NoChange","Nonproduction"
"1105","1105","1105",417660,417814,154,"D","d","892","163","D","Input"
"1106","1106","1106",417810,417940,130,"i","i","893","163","i","Input"
"1107","1107","1107",417947,418074,127,"Space","Space","894","163"," ","Input"
"1108","1108","1108",418402,418481,79,"Backspace","Backspace","893","163"," ","Remove/Cut"
"1109","1109","1109",418482,418644,162,"d","d","894","163","d","Input"
"1110","1110","1110",418789,418911,122,"Space","Space","895","163"," ","Input"
"1111","1111","1111",418962,419084,122,"y","y","896","164","y","Input"
"1112","1112","1112",419115,419272,157,"o","o","897","164","o","Input"
"1113","1113","1113",419210,419351,141,"u","u","898","164","u","Input"
"1114","1114","1114",419307,419444,137,"Space","Space","899","164"," ","Input"
"1115","1115","1115",419565,419716,151,"k","k","900","165","k","Input"
"1116","1116","1116",419719,419884,165,"n","n","901","165","n","Input"
"1117","1117","1117",419863,420026,163,"o","o","902","165","o","Input"
"1118","1118","1118",420010,420151,141,"w","w","903","165","w","Input"
"1119","1119","1119",420141,420259,118,"Space","Space","904","165"," ","Input"
"1120","1120","1120",420277,420423,146,"t","t","905","166","t","Input"
"1121","1121","1121",420416,420539,123,"h","h","906","166","h","Input"
"1122","1122","1122",420467,420617,150,"a","a","907","166","a","Input"
"1123","1123","1123",420557,420758,201,"t","t","908","166","t","Input"
"1124","1124","1124",420703,420847,144,"Space","Space","909","166"," ","Input"
"1125","1125","1125",421330,421392,62,"Space","Space","910","166"," ","Input"
"1126","1126","1126",421342,421464,122,"b","b","911","167","b","Input"
"1127","1127","1127",421612,421756,144,"e","e","912","167","e","Input"
"1128","1128","1128",421818,421981,163,"a","a","913","167","a","Input"
"1129","1129","1129",422142,422340,198,"s","s","914","167","s","Input"
"1130","1130","1130",422685,422819,134,"Backspace","Backspace","913","167","s","Remove/Cut"
"1131","1131","1131",422931,423018,87,"Backspace","Backspace","912","167","a","Remove/Cut"
"1132","1132","1132",423125,423213,88,"Backspace","Backspace","911","167","e","Remove/Cut"
"1133","1133","1133",423306,423429,123,"Backspace","Backspace","910","166","b","Remove/Cut"
"1134","1134","1134",423610,423724,114,"Backspace","Backspace","909","166"," ","Remove/Cut"
"1135","1135","1135",423750,423918,168,"b","b","910","167","b","Input"
"1136","1136","1136",424064,424204,140,"e","e","911","167","e","Input"
"1137","1137","1137",424223,424389,166,"a","a","912","167","a","Input"
"1138","1138","1138",424428,424596,168,"t","t","913","167","t","Input"
"1139","1139","1139",425125,425255,130,"Backspace","Backspace","912","167","t","Remove/Cut"
"1140","1140","1140",425757,425924,167,"t","t","913","167","t","Input"
"1141","1141","1141",426605,426735,130,"Backspace","Backspace","912","167","t","Remove/Cut"
"1142","1142","1142",426997,427156,159,"u","u","913","167","u","Input"
"1143","1143","1143",427187,427335,148,"t","t","914","167","t","Input"
"1144","1144","1144",427383,427527,144,"i","i","915","167","i","Input"
"1145","1145","1145",427519,427681,162,"f","f","916","167","f","Input"
"1146","1146","1146",428079,428209,130,"u","u","917","167","u","Input"
"1147","1147","1147",428217,428409,192,"l","l","918","167","l","Input"
"1148","1148","1148",428391,428546,155,"Space","Space","919","167"," ","Input"
"1149","1149","1149",428911,429057,146,"m","m","920","168","m","Input"
"1150","1150","1150",429115,429278,163,"o","o","921","168","o","Input"
"1151","1151","1151",429260,429419,159,"d","d","922","168","d","Input"
"1152","1152","1152",429579,429745,166,"e","e","923","168","e","Input"
"1153","1153","1153",429730,429859,129,"l","l","924","168","l","Input"
"1154","1154","1154",430035,430154,119,"Space","Space","925","168"," ","Input"
"1155","1155","1155",430266,430401,135,"h","h","926","169","h","Input"
"1156","1156","1156",430357,430527,170,"a","a","927","169","a","Input"
"1157","1157","1157",430611,430786,175,"s","s","928","169","s","Input"
"1158","1158","1158",430812,430978,166,"Space","Space","929","169"," ","Input"
"1159","1159","1159",432050,432196,146,"b","b","930","170","b","Input"
"1160","1160","1160",432374,432493,119,"e","e","931","170","e","Input"
"1161","1161","1161",432595,432708,113,"e","e","932","170","e","Input"
"1162","1162","1162",432727,432847,120,"n","n","933","170","n","Input"
"1163","1163","1163",433029,433156,127,"Space","Space","934","170"," ","Input"
"1164","1164","1164",436759,436903,144,"d","d","935","171","d","Input"
"1165","1165","1165",437008,437145,137,"o","o","936","171","o","Input"
"1166","1166","1166",437108,437316,208,"c","c","937","171","c","Input"
"1167","1167","1167",437728,437884,156,"t","t","938","171","t","Input"
"1168","1168","1168",438063,438213,150,"o","o","939","171","o","Input"
"1169","1169","1169",438365,438489,124,"r","r","940","171","r","Input"
"1170","1170","1170",438543,438646,103,"e","e","941","171","e","Input"
"1171","1171","1171",438799,438926,127,"d","d","942","171","d","Input"
"1172","1172","1172",438895,439038,143,"Space","Space","943","171"," ","Input"
"1173","1173","1173",439029,439161,132,"a","a","944","172","a","Input"
"1174","1174","1174",439151,439286,135,"n","n","945","172","n","Input"
"1175","1175","1175",439297,439441,144,"d","d","946","172","d","Input"
"1176","1176","1176",439395,439521,126,"Space","Space","947","172"," ","Input"
"1177","1177","1177",439605,439735,130,"e","e","948","173","e","Input"
"1178","1178","1178",439620,439631,11,"4","4","949","173","4","Input"
"1179","1179","1179",439880,440039,159,"d","d","950","173","d","Input"
"1180","1180","1180",440247,440344,97,"Backspace","Backspace","949","173","d","Remove/Cut"
"1181","1181","1181",440439,440558,119,"Backspace","Backspace","948","173","4","Remove/Cut"
"1182","1182","1182",440610,440769,159,"d","d","949","173","d","Input"
"1183","1183","1183",440765,440926,161,"i","i","950","173","i","Input"
"1184","1184","1184",440992,441129,137,"t","t","951","173","t","Input"
"1185","1185","1185",441240,441346,106,"e","e","952","173","e","Input"
"1186","1186","1186",441485,441653,168,"d","d","953","173","d","Input"
"1187","1187","1187",441622,441758,136,"Space","Space","954","173"," ","Input"
"1188","1188","1188",441982,442127,145,"u","u","955","174","u","Input"
"1189","1189","1189",442136,442276,140,"s","s","956","174","s","Input"
"1190","1190","1190",442265,442416,151,"i","i","957","174","i","Input"
"1191","1191","1191",442496,442659,163,"n","n","958","174","n","Input"
"1192","1192","1192",442667,442830,163,"g","g","959","174","g","Input"
"1193","1193","1193",442779,442914,135,"Space","Space","960","174"," ","Input"
"1194","1194","1194",443233,443383,150,"s","s","961","175","s","Input"
"1195","1195","1195",443350,443514,164,"o","o","962","175","o","Input"
"1196","1196","1196",443817,443921,104,"p","p","963","175","p","Input"
"1197","1197","1197",443976,444116,140,"h","h","964","175","h","Input"
"1198","1198","1198",444197,444378,181,"i","i","965","175","i","Input"
"1199","1199","1199",444645,444791,146,"s","s","966","175","s","Input"
"1200","1200","1200",445485,445625,140,"t","t","967","175","t","Input"
"1201","1201","1201",445767,445923,156,"i","i","968","175","i","Input"
"1202","1202","1202",445875,446020,145,"c","c","969","175","c","Input"
"1203","1203","1203",446076,446236,160,"a","a","970","175","a","Input"
"1204","1204","1204",446277,446408,131,"t","t","971","175","t","Input"
"1205","1205","1205",446455,446559,104,"e","e","972","175","e","Input"
"1206","1206","1206",446698,446874,176,"d","d","973","175","d","Input"
"1207","1207","1207",446875,447025,150,"Space","Space","974","175"," ","Input"
"1208","1208","1208",447520,447679,159,"s","s","975","176","s","Input"
"1209","1209","1209",447682,447837,155,"o","o","976","176","o","Input"
"1210","1210","1210",447836,447986,150,"f","f","977","176","f","Input"
"1211","1211","1211",448235,448385,150,"t","t","978","176","t","Input"
"1212","1212","1212",448468,448619,151,"w","w","979","176","w","Input"
"1213","1213","1213",449113,449240,127,"o","o","980","176","o","Input"
"1214","1214","1214",449558,449696,138,"Backspace","Backspace","979","176","o","Remove/Cut"
"1215","1215","1215",449672,449835,163,"a","a","980","176","a","Input"
"1216","1216","1216",449865,449935,70,"r","r","981","176","r","Input"
"1217","1217","1217",450360,450541,181,"e","e","982","176","e","Input"
"1218","1218","1218",450507,450643,136,"Space","Space","983","176"," ","Input"
"1219","1219","1219",450684,450834,150,"t","t","984","177","t","Input"
"1220","1220","1220",450780,450934,154,"o","o","985","177","o","Input"
"1221","1221","1221",450878,451034,156,"Space","Space","986","177"," ","Input"
"1222","1222","1222",451045,451188,143,"h","h","987","178","h","Input"
"1223","1223","1223",451234,451384,150,"i","i","988","178","i","Input"
"1224","1224","1224",451356,451489,133,"d","d","989","178","d","Input"
"1225","1225","1225",451778,451905,127,"e","e","990","178","e","Input"
"1226","1226","1226",451894,452037,143,"Space","Space","991","178"," ","Input"
"1227","1227","1227",452289,452448,159,"a","a","992","179","a","Input"
"1228","1228","1228",452379,452453,74,"l","l","993","179","l","Input"
"1229","1229","1229",452550,452629,79,"l","l","994","179","l","Input"
"1230","1230","1230",452628,452768,140,"Space","Space","995","179"," ","Input"
"1231","1231","1231",452777,452917,140,"o","o","996","180","o","Input"
"1232","1232","1232",452925,453075,150,"f","f","997","180","f","Input"
"1233","1233","1233",453031,453159,128,"Space","Space","998","180"," ","Input"
"1234","1234","1234",453236,453354,118,"t","t","999","181","t","Input"
"1235","1235","1235",453347,453461,114,"h","h","1000","181","h","Input"
"1236","1236","1236",453469,453597,128,"e","e","1001","181","e","Input"
"1237","1237","1237",453579,453726,147,"i","i","1002","181","i","Input"
"1238","1238","1238",453741,453899,158,"r","r","1003","181","r","Input"
"1239","1239","1239",453821,453963,142,"Space","Space","1004","181"," ","Input"
"1240","1240","1240",454057,454188,131,"i","i","1005","182","i","Input"
"1241","1241","1241",454330,454444,114,"m","m","1006","182","m","Input"
"1242","1242","1242",454504,454655,151,"p","p","1007","182","p","Input"
"1243","1243","1243",454678,454874,196,"e","e","1008","182","e","Input"
"1244","1244","1244",454850,455056,206,"r","r","1009","182","r","Input"
"1245","1245","1245",455210,455324,114,"f","f","1010","182","f","Input"
"1246","1246","1246",455391,455502,111,"e","e","1011","182","e","Input"
"1247","1247","1247",455720,455817,97,"c","c","1012","182","c","Input"
"1248","1248","1248",455964,456101,137,"t","t","1013","182","t","Input"
"1249","1249","1249",456241,456307,66,"s","s","1014","182","s","Input"
"1250","1250","1250",456731,456803,72,"Backspace","Backspace","1013","182","s","Remove/Cut"
"1251","1251","1251",456984,457128,144,"i","i","1014","182","i","Input"
"1252","1252","1252",457156,457329,173,"o","o","1015","182","o","Input"
"1253","1253","1253",457316,457486,170,"n","n","1016","182","n","Input"
"1254","1254","1254",457561,457688,127,"s","s","1017","182","s","Input"
"1255","1255","1255",457907,457907,0,"Shift","Shift","1017","182","NoChange","Nonproduction"
"1256","1256","1256",458167,458296,129,"?","?","1018","182","?","Input"
"1257","1257","1257",486507,486639,132,"Enter","Enter","1019","182","\n","Input"
"1258","1258","1258",486844,486966,122,"Enter","Enter","1020","182","\n","Input"
"1259","1259","1259",487302,487302,0,"Shift","Shift","1020","182","NoChange","Nonproduction"
"1260","1260","1260",487472,487639,167,"I","i","1021","182","I","Input"
"1261","1261","1261",487706,487861,155,"t","t","1022","182","t","Input"
"1262","1262","1262",487879,487999,120,"'","'","1023","182","'","Input"
"1263","1263","1263",488166,488319,153,"s","s","1024","182","s","Input"
"1264","1264","1264",488332,488506,174,"Space","Space","1025","182"," ","Input"
"1265","1265","1265",488519,488643,124,"a","a","1026","183","a","Input"
"1266","1266","1266",488787,488931,144,"b","b","1027","183","b","Input"
"1267","1267","1267",488867,489042,175,"o","o","1028","183","o","Input"
"1268","1268","1268",489011,489170,159,"u","u","1029","183","u","Input"
"1269","1269","1269",489241,489400,159,"t","t","1030","183","t","Input"
"1270","1270","1270",489397,489543,146,"Space","Space","1031","183"," ","Input"
"1271","1271","1271",489764,489905,141,"s","s","1032","184","s","Input"
"1272","1272","1272",489999,490153,154,"e","e","1033","184","e","Input"
"1273","1273","1273",490122,490199,77,"l","l","1034","184","l","Input"
"1274","1274","1274",490279,490386,107,"l","l","1035","184","l","Input"
"1275","1275","1275",490480,490598,118,"i","i","1036","184","i","Input"
"1276","1276","1276",490690,490836,146,"n","n","1037","184","n","Input"
"1277","1277","1277",490863,491019,156,"g","g","1038","184","g","Input"
"1278","1278","1278",491040,491212,172,"Space","Space","1039","184"," ","Input"
"1279","1279","1279",491274,491424,150,"a","a","1040","185","a","Input"
"1280","1280","1280",491426,491559,133,"n","n","1041","185","n","Input"
"1281","1281","1281",491717,491864,147,"Space","Space","1042","185"," ","Input"
"1282","1282","1282",492014,492147,133,"i","i","1043","186","i","Input"
"1283","1283","1283",492111,492248,137,"d","d","1044","186","d","Input"
"1284","1284","1284",492394,492550,156,"e","e","1045","186","e","Input"
"1285","1285","1285",492641,492788,147,"a","a","1046","186","a","Input"
"1286","1286","1286",494463,494611,148,".",".","1047","186",".","Input"
"1287","1287","1287",494762,494903,141,"Space","Space","1048","186"," ","Input"
"1288","1288","1288",494964,494964,0,"Shift","Shift","1048","186","NoChange","Nonproduction"
"1289","1289","1289",495064,495204,140,"M","m","1049","187","M","Input"
"1290","1290","1290",495322,495475,153,"a","a","1050","187","a","Input"
"1291","1291","1291",495467,495570,103,"k","k","1051","187","k","Input"
"1292","1292","1292",495692,495843,151,"i","i","1052","187","i","Input"
"1293","1293","1293",495885,496036,151,"n","n","1053","187","n","Input"
"1294","1294","1294",496042,496191,149,"g","g","1054","187","g","Input"
"1295","1295","1295",496159,496278,119,"Space","Space","1055","187"," ","Input"
"1296","1296","1296",496431,496572,141,"y","y","1056","188","y","Input"
"1297","1297","1297",496605,496750,145,"o","o","1057","188","o","Input"
"1298","1298","1298",496693,496826,133,"u","u","1058","188","u","Input"
"1299","1299","1299",496793,496969,176,"Space","Space","1059","188"," ","Input"
"1300","1300","1300",497049,497088,39,"t","t","1060","189","t","Input"
"1301","1301","1301",498239,498361,122,"h","h","1061","189","h","Input"
"1302","1302","1302",498363,498522,159,"i","i","1062","189","i","Input"
"1303","1303","1303",498562,498688,126,"n","n","1063","189","n","Input"
"1304","1304","1304",498722,498889,167,"k","k","1064","189","k","Input"
"1305","1305","1305",499009,499153,144,"Space","Space","1065","189"," ","Input"
"1306","1306","1306",499924,500080,156,"h","h","1066","190","h","Input"
"1307","1307","1307",500079,500253,174,"a","a","1067","190","a","Input"
"1308","1308","1308",500233,500356,123,"p","p","1068","190","p","Input"
"1309","1309","1309",500445,500554,109,"p","p","1069","190","p","Input"
"1310","1310","1310",500759,500897,138,"i","i","1070","190","i","Input"
"1311","1311","1311",501078,501208,130,"n","n","1071","190","n","Input"
"1312","1312","1312",501228,501368,140,"e","e","1072","190","e","Input"
"1313","1313","1313",501651,501757,106,"s","s","1073","190","s","Input"
"1314","1314","1314",501881,502024,143,"s","s","1074","190","s","Input"
"1315","1315","1315",502129,502283,154,"Space","Space","1075","190"," ","Input"
"1316","1316","1316",502765,502920,155,"i","i","1076","191","i","Input"
"1317","1317","1317",502926,503112,186,"s","s","1077","191","s","Input"
"1318","1318","1318",503175,503326,151,"Space","Space","1078","191"," ","Input"
"1319","1319","1319",503585,503713,128,"o","o","1079","192","o","Input"
"1320","1320","1320",503748,503871,123,"n","n","1080","192","n","Input"
"1321","1321","1321",503877,504063,186,"l","l","1081","192","l","Input"
"1322","1322","1322",504180,504362,182,"y","y","1082","192","y","Input"
"1323","1323","1323",504385,504545,160,"Space","Space","1083","192"," ","Input"
"1324","1324","1324",505606,505800,194,"a","a","1084","193","a","Input"
"1325","1325","1325",505794,505940,146,"Space","Space","1085","193"," ","Input"
"1326","1326","1326",505942,506098,156,"p","p","1086","194","p","Input"
"1327","1327","1327",506174,506316,142,"u","u","1087","194","u","Input"
"1328","1328","1328",506361,506484,123,"r","r","1088","194","r","Input"
"1329","1329","1329",506659,506822,163,"c","c","1089","194","c","Input"
"1330","1330","1330",506824,506977,153,"h","h","1090","194","h","Input"
"1331","1331","1331",508134,508312,178,"a","a","1091","194","a","Input"
"1332","1332","1332",508366,508499,133,"s","s","1092","194","s","Input"
"1333","1333","1333",508600,508763,163,"e","e","1093","194","e","Input"
"1334","1334","1334",509015,509129,114,",",",","1094","194",",","Input"
"1335","1335","1335",509147,509288,141,"Space","Space","1095","194"," ","Input"
"1336","1336","1336",509421,509538,117,"p","p","1096","195","p","Input"
"1337","1337","1337",509599,509749,150,"r","r","1097","195","r","Input"
"1338","1338","1338",509852,509981,129,"o","o","1098","195","o","Input"
"1339","1339","1339",510304,510407,103,"d","d","1099","195","d","Input"
"1340","1340","1340",510659,510793,134,"t","t","1100","195","t","Input"
"1341","1341","1341",510839,510989,150,"u","u","1101","195","u","Input"
"1342","1342","1342",510981,511131,150,"c","c","1102","195","c","Input"
"1343","1343","1343",511719,511837,118,"Backspace","Backspace","1101","195","c","Remove/Cut"
"1344","1344","1344",511932,512028,96,"Backspace","Backspace","1100","195","u","Remove/Cut"
"1345","1345","1345",512133,512252,119,"Backspace","Backspace","1099","195","t","Remove/Cut"
"1346","1346","1346",512546,512690,144,"u","u","1100","195","u","Input"
"1347","1347","1347",513032,513197,165,"c","c","1101","195","c","Input"
"1348","1348","1348",513328,513477,149,"t","t","1102","195","t","Input"
"1349","1349","1349",513739,513851,112,",",",","1103","195",",","Input"
"1350","1350","1350",513888,514039,151,"Space","Space","1104","195"," ","Input"
"1351","1351","1351",514062,514197,135,"o","o","1105","196","o","Input"
"1352","1352","1352",514209,514370,161,"r","r","1106","196","r","Input"
"1353","1353","1353",514409,514557,148,"Space","Space","1107","196"," ","Input"
"1354","1354","1354",514942,515112,170,"v","v","1108","197","v","Input"
"1355","1355","1355",515114,515273,159,"o","o","1109","197","o","Input"
"1356","1356","1356",515329,515487,158,"t","t","1110","197","t","Input"
"1357","1357","1357",515622,515793,171,"e","e","1111","197","e","Input"
"1358","1358","1358",515755,515881,126,"Space","Space","1112","197"," ","Input"
"1359","1359","1359",516003,516159,156,"a","a","1113","198","a","Input"
"1360","1360","1360",516729,516861,132,"w","w","1114","198","w","Input"
"1361","1361","1361",516929,517090,161,"a","a","1115","198","a","Input"
"1362","1362","1362",517171,517297,126,"y","y","1116","198","y","Input"
"1363","1363","1363",517566,517693,127,"Space","Space","1117","198"," ","Input"
"1364","1364","1364",517660,517783,123,"f","f","1118","199","f","Input"
"1365","1365","1365",517920,518083,163,"r","r","1119","199","r","Input"
"1366","1366","1366",517989,518143,154,"o","o","1120","199","o","Input"
"1367","1367","1367",518192,518350,158,"m","m","1121","199","m","Input"
"1368","1368","1368",518387,518545,158,"Space","Space","1122","199"," ","Input"
"1369","1369","1369",518626,518765,139,"r","r","1123","200","r","Input"
"1370","1370","1370",518788,518959,171,"e","e","1124","200","e","Input"
"1371","1371","1371",519005,519167,162,"a","a","1125","200","a","Input"
"1372","1372","1372",519131,519237,106,"l","l","1126","200","l","Input"
"1373","1373","1373",519344,519479,135,"i","i","1127","200","i","Input"
"1374","1374","1374",519512,519657,145,"t","t","1128","200","t","Input"
"1375","1375","1375",519656,519793,137,"y","y","1129","200","y","Input"
"1376","1376","1376",521851,521991,140,",",",","1130","200",",","Input"
"1377","1377","1377",522933,523071,138,"Space","Space","1131","200"," ","Input"
"1378","1378","1378",523160,523311,151,"b","b","1132","201","b","Input"
"1379","1379","1379",523405,523546,141,"u","u","1133","201","u","Input"
"1380","1380","1380",523598,523745,147,"t","t","1134","201","t","Input"
"1381","1381","1381",523710,523850,140,"Space","Space","1135","201"," ","Input"
"1382","1382","1382",524022,524156,134,"r","r","1136","202","r","Input"
"1383","1383","1383",524189,524320,131,"e","e","1137","202","e","Input"
"1384","1384","1384",524368,524513,145,"a","a","1138","202","a","Input"
"1385","1385","1385",524509,524610,101,"l","l","1139","202","l","Input"
"1386","1386","1386",524721,524858,137,"i","i","1140","202","i","Input"
"1387","1387","1387",524889,525041,152,"t","t","1141","202","t","Input"
"1388","1388","1388",525038,525196,158,"y","y","1142","202","y","Input"
"1389","1389","1389",525216,525356,140,"Space","Space","1143","202"," ","Input"
"1390","1390","1390",525433,525565,132,"i","i","1144","203","i","Input"
"1391","1391","1391",525643,525802,159,"s","s","1145","203","s","Input"
"1392","1392","1392",525795,525954,159,"Space","Space","1146","203"," ","Input"
"1393","1393","1393",526400,526525,125,"n","n","1147","204","n","Input"
"1394","1394","1394",526556,526700,144,"o","o","1148","204","o","Input"
"1395","1395","1395",526744,526910,166,"t","t","1149","204","t","Input"
"1396","1396","1396",526863,526994,131,"Space","Space","1150","204"," ","Input"
"1397","1397","1397",527067,527198,131,"t","t","1151","205","t","Input"
"1398","1398","1398",527155,527305,150,"h","h","1152","205","h","Input"
"1399","1399","1399",527799,527967,168,"a","a","1153","205","a","Input"
"1400","1400","1400",527926,528116,190,"t","t","1154","205","t","Input"
"1401","1401","1401",528119,528301,182,"Space","Space","1155","205"," ","Input"
"1402","1402","1402",528579,528762,183,"m","m","1156","206","m","Input"
"1403","1403","1403",528753,528912,159,"a","a","1157","206","a","Input"
"1404","1404","1404",528947,528989,42,"l","l","1158","206","l","Input"
"1405","1405","1405",529098,529202,104,"l","l","1159","206","l","Input"
"1406","1406","1406",529248,529378,130,"e","e","1160","206","e","Input"
"1407","1407","1407",529635,529776,141,"a","a","1161","206","a","Input"
"1408","1408","1408",529875,530026,151,"b","b","1162","206","b","Input"
"1409","1409","1409",530043,530189,146,"l","l","1163","206","l","Input"
"1410","1410","1410",530246,530414,168,"e","e","1164","206","e","Input"
"1411","1411","1411",530606,530732,126,".",".","1165","206",".","Input"
"1412","1412","1412",531130,531285,155,"Space","Space","1166","206"," ","Input"
"1413","1413","1413",533250,533250,0,"Shift","Shift","1166","206","NoChange","Nonproduction"
"1414","1414","1414",533400,533715,315,"G","G","1167","207","G","Input"
"1415","1415","1415",533856,533951,95,"o","o","1168","207","o","Input"
"1416","1416","1416",534059,534173,114,"o","o","1169","207","o","Input"
"1417","1417","1417",534201,534359,158,"d","d","1170","207","d","Input"
"1418","1418","1418",534349,534488,139,"Space","Space","1171","207"," ","Input"
"1419","1419","1419",535011,535165,154,"f","f","1172","208","f","Input"
"1420","1420","1420",535248,535345,97,"o","o","1173","208","o","Input"
"1421","1421","1421",535443,535581,138,"o","o","1174","208","o","Input"
"1422","1422","1422",535619,535786,167,"d","d","1175","208","d","Input"
"1423","1423","1423",538996,539132,136,"Space","Space","1176","208"," ","Input"
"1424","1424","1424",539345,539525,180,"t","t","1177","209","t","Input"
"1425","1425","1425",539563,539754,191,"a","a","1178","209","a","Input"
"1426","1426","1426",539708,539863,155,"k","k","1179","209","k","Input"
"1427","1427","1427",539839,540007,168,"e","e","1180","209","e","Input"
"1428","1428","1428",540022,540177,155,"Space","Space","1181","209"," ","Input"
"1429","1429","1429",540433,540571,138,"e","e","1182","210","e","Input"
"1430","1430","1430",540673,540797,124,"f","f","1183","210","f","Input"
"1431","1431","1431",540878,541036,158,"f","f","1184","210","f","Input"
"1432","1432","1432",541104,541244,140,"o","o","1185","210","o","Input"
"1433","1433","1433",541283,541442,159,"r","r","1186","210","r","Input"
"1434","1434","1434",541639,541652,13,"t","t","1187","210","t","Input"
"1435","1435","1435",541669,541838,169,"t","t","1188","210","t","Input"
"1436","1436","1436",542374,542498,124,"Backspace","Backspace","1187","210","t","Remove/Cut"
"1437","1437","1437",543590,543732,142,".",".","1188","210",".","Input"
"1438","1438","1438",543862,544013,151,"Space","Space","1189","210"," ","Input"
"1439","1439","1439",544045,544045,0,"Shift","Shift","1189","210","NoChange","Nonproduction"
"1440","1440","1440",544620,544620,0,"Shift","Shift","1189","210","NoChange","Nonproduction"
"1441","1441","1441",544836,545025,189,"A","a","1190","211","A","Input"
"1442","1442","1442",545055,545202,147,"Space","Space","1191","211"," ","Input"
"1443","1443","1443",545733,545892,159,"h","h","1192","212","h","Input"
"1444","1444","1444",545874,546006,132,"e","e","1193","212","e","Input"
"1445","1445","1445",546032,546195,163,"a","a","1194","212","a","Input"
"1446","1446","1446",546348,546499,151,"l","l","1195","212","l","Input"
"1447","1447","1447",546496,546642,146,"t","t","1196","212","t","Input"
"1448","1448","1448",546676,546802,126,"h","h","1197","212","h","Input"
"1449","1449","1449",546963,547096,133,"y","y","1198","212","y","Input"
"1450","1450","1450",547123,547272,149,"Space","Space","1199","212"," ","Input"
"1451","1451","1451",547336,547459,123,"b","b","1200","213","b","Input"
"1452","1452","1452",547483,547636,153,"o","o","1201","213","o","Input"
"1453","1453","1453",547675,547853,178,"d","d","1202","213","d","Input"
"1454","1454","1454",548214,548376,162,"y","y","1203","213","y","Input"
"1455","1455","1455",548433,548592,159,"Space","Space","1204","213"," ","Input"
"1456","1456","1456",548737,548877,140,"t","t","1205","214","t","Input"
"1457","1457","1457",548916,549108,192,"a","a","1206","214","a","Input"
"1458","1458","1458",549057,549207,150,"k","k","1207","214","k","Input"
"1459","1459","1459",549213,549354,141,"e","e","1208","214","e","Input"
"1460","1460","1460",549456,549619,163,"s","s","1209","214","s","Input"
"1461","1461","1461",549643,549792,149,"Space","Space","1210","214"," ","Input"
"1462","1462","1462",549867,549992,125,"e","e","1211","215","e","Input"
"1463","1463","1463",550095,550190,95,"f","f","1212","215","f","Input"
"1464","1464","1464",550283,550421,138,"f","f","1213","215","f","Input"
"1465","1465","1465",550468,550605,137,"o","o","1214","215","o","Input"
"1466","1466","1466",550693,550805,112,"r","r","1215","215","r","Input"
"1467","1467","1467",550953,551103,150,"t","t","1216","215","t","Input"
"1468","1468","1468",552363,552528,165,".",".","1217","215",".","Input"
"1469","1469","1469",558123,558315,192,"Space","Space","1218","215"," ","Input"
"1470","1470","1470",559124,559124,0,"Shift","Shift","1218","215","NoChange","Nonproduction"
"1471","1471","1471",559303,559447,144,"G","g","1219","216","G","Input"
"1472","1472","1472",559565,559706,141,"o","o","1220","216","o","Input"
"1473","1473","1473",559710,559834,124,"v","v","1221","216","v","Input"
"1474","1474","1474",559981,560179,198,"e","e","1222","216","e","Input"
"1475","1475","1475",560140,560338,198,"r","r","1223","216","r","Input"
"1476","1476","1476",560365,560521,156,"n","n","1224","216","n","Input"
"1477","1477","1477",561598,561735,137,"m","m","1225","216","m","Input"
"1478","1478","1478",561747,561865,118,"e","e","1226","216","e","Input"
"1479","1479","1479",561885,562006,121,"n","n","1227","216","n","Input"
"1480","1480","1480",561996,562137,141,"t","t","1228","216","t","Input"
"1481","1481","1481",562243,562427,184,"s","s","1229","216","s","Input"
"1482","1482","1482",562395,562541,146,"Space","Space","1230","216"," ","Input"
"1483","1483","1483",562637,562807,170,"a","a","1231","217","a","Input"
"1484","1484","1484",562781,562955,174,"r","r","1232","217","r","Input"
"1485","1485","1485",562966,563145,179,"e","e","1233","217","e","Input"
"1486","1486","1486",563055,563238,183,"Space","Space","1234","217"," ","Input"
"1487","1487","1487",563276,563438,162,"m","m","1235","218","m","Input"
"1488","1488","1488",563358,563492,134,"a","a","1236","218","a","Input"
"1489","1489","1489",563589,563700,111,"d","d","1237","218","d","Input"
"1490","1490","1490",563803,563952,149,"e","e","1238","218","e","Input"
"1491","1491","1491",563980,564124,144,"Space","Space","1239","218"," ","Input"
"1492","1492","1492",564293,564405,112,"o","o","1240","219","o","Input"
"1493","1493","1493",564739,564878,139,"f","f","1241","219","f","Input"
"1494","1494","1494",564862,565020,158,"Space","Space","1242","219"," ","Input"
"1495","1495","1495",565198,565332,134,"m","m","1243","220","m","Input"
"1496","1496","1496",565532,565681,149,"u","u","1244","220","u","Input"
"1497","1497","1497",565772,565903,131,"l","l","1245","220","l","Input"
"1498","1498","1498",566015,566152,137,"i","i","1246","220","i","Input"
"1499","1499","1499",566267,566426,159,"p","p","1247","220","p","Input"
"1500","1500","1500",567054,567157,103,"Backspace","Backspace","1246","220","p","Remove/Cut"
"1501","1501","1501",567269,567376,107,"Backspace","Backspace","1245","220","i","Remove/Cut"
"1502","1502","1502",567618,567673,55,"t","t","1246","220","t","Input"
"1503","1503","1503",568238,568376,138,"i","i","1247","220","i","Input"
"1504","1504","1504",568399,568522,123,"p","p","1248","220","p","Input"
"1505","1505","1505",568646,568775,129,"l","l","1249","220","l","Input"
"1506","1506","1506",568786,568923,137,"e","e","1250","220","e","Input"
"1507","1507","1507",568924,569067,143,"Space","Space","1251","220"," ","Input"
"1508","1508","1508",569279,569433,154,"p","p","1252","221","p","Input"
"1509","1509","1509",569476,569638,162,"e","e","1253","221","e","Input"
"1510","1510","1510",569602,569779,177,"o","o","1254","221","o","Input"
"1511","1511","1511",569757,569931,174,"p","p","1255","221","p","Input"
"1512","1512","1512",570039,570178,139,"l","l","1256","221","l","Input"
"1513","1513","1513",570238,570401,163,"e","e","1257","221","e","Input"
"1514","1514","1514",570512,570655,143,"Space","Space","1258","221"," ","Input"
"1515","1515","1515",574313,574506,193,"w","w","1259","222","w","Input"
"1516","1516","1516",574452,574571,119,"h","h","1260","222","h","Input"
"1517","1517","1517",574586,574754,168,"o","o","1261","222","o","Input"
"1518","1518","1518",574756,574928,172,"Space","Space","1262","222"," ","Input"
"1519","1519","1519",575158,575376,218,"c","c","1263","223","c","Input"
"1520","1520","1520",575472,575618,146,"a","a","1264","223","a","Input"
"1521","1521","1521",575649,575793,144,"n","n","1265","223","n","Input"
"1522","1522","1522",576402,576922,520,"Backspace","Backspace","1264","223","n","Remove/Cut"
"1523","1523","1523",576922,576937,15,"Backspace","Backspace","1263","223","a","Remove/Cut"
"1524","1524","1524",576937,576968,31,"Backspace","Backspace","1262","222","c","Remove/Cut"
"1525","1525","1525",576968,577002,34,"Backspace","Backspace","1261","222"," ","Remove/Cut"
"1526","1526","1526",577002,577037,35,"Backspace","Backspace","1260","222","o","Remove/Cut"
"1527","1527","1527",577037,577072,35,"Backspace","Backspace","1259","222","h","Remove/Cut"
"1528","1528","1528",577072,577107,35,"Backspace","Backspace","1258","221","w","Remove/Cut"
"1529","1529","1529",577107,577142,35,"Backspace","Backspace","1257","221"," ","Remove/Cut"
"1530","1530","1530",577142,577176,34,"Backspace","Backspace","1256","221","e","Remove/Cut"
"1531","1531","1531",577176,577209,33,"Backspace","Backspace","1255","221","l","Remove/Cut"
"1532","1532","1532",577209,577242,33,"Backspace","Backspace","1254","221","p","Remove/Cut"
"1533","1533","1533",577242,577257,15,"Backspace","Backspace","1253","221","o","Remove/Cut"
"1534","1534","1534",578080,578241,161,"o","o","1254","221","o","Input"
"1535","1535","1535",578282,578426,144,"p","p","1255","221","p","Input"
"1536","1536","1536",578538,578699,161,"l","l","1256","221","l","Input"
"1537","1537","1537",578680,578841,161,"e","e","1257","221","e","Input"
"1538","1538","1538",586558,586718,160,"Space","Space","1258","221"," ","Input"
"1539","1539","1539",586720,586868,148,"a","a","1259","222","a","Input"
"1540","1540","1540",586861,587011,150,"n","n","1260","222","n","Input"
"1541","1541","1541",586978,587176,198,"d","d","1261","222","d","Input"
"1542","1542","1542",587083,587238,155,"Space","Space","1262","222"," ","Input"
"1543","1543","1543",587453,587638,185,"o","o","1263","223","o","Input"
"1544","1544","1544",587634,587823,189,"n","n","1264","223","n","Input"
"1545","1545","1545",588142,588637,495,"Backspace","Backspace","1263","223","n","Remove/Cut"
"1546","1546","1546",588637,588672,35,"Backspace","Backspace","1262","222","o","Remove/Cut"
"1547","1547","1547",588672,588707,35,"Backspace","Backspace","1261","222"," ","Remove/Cut"
"1548","1548","1548",588707,588738,31,"Backspace","Backspace","1260","222","d","Remove/Cut"
"1549","1549","1549",588738,588773,35,"Backspace","Backspace","1259","222","n","Remove/Cut"
"1550","1550","1550",588773,588807,34,"Backspace","Backspace","1258","221","a","Remove/Cut"
"1551","1551","1551",588807,588837,30,"Backspace","Backspace","1257","221"," ","Remove/Cut"
"1552","1552","1552",588837,588868,31,"Backspace","Backspace","1256","221","e","Remove/Cut"
"1553","1553","1553",588868,588907,39,"Backspace","Backspace","1255","221","l","Remove/Cut"
"1554","1554","1554",588907,588947,40,"Backspace","Backspace","1254","221","p","Remove/Cut"
"1555","1555","1555",588947,588982,35,"Backspace","Backspace","1253","221","o","Remove/Cut"
"1556","1556","1556",588982,589017,35,"Backspace","Backspace","1252","221","e","Remove/Cut"
"1557","1557","1557",589017,589048,31,"Backspace","Backspace","1251","220","p","Remove/Cut"
"1558","1558","1558",589048,589079,31,"Backspace","Backspace","1250","220"," ","Remove/Cut"
"1559","1559","1559",589079,589111,32,"Backspace","Backspace","1249","220","e","Remove/Cut"
"1560","1560","1560",589111,589147,36,"Backspace","Backspace","1248","220","l","Remove/Cut"
"1561","1561","1561",589147,589179,32,"Backspace","Backspace","1247","220","p","Remove/Cut"
"1562","1562","1562",589179,589211,32,"Backspace","Backspace","1246","220","i","Remove/Cut"
"1563","1563","1563",589211,589247,36,"Backspace","Backspace","1245","220","t","Remove/Cut"
"1564","1564","1564",589247,589283,36,"Backspace","Backspace","1244","220","l","Remove/Cut"
"1565","1565","1565",589283,589299,16,"Backspace","Backspace","1243","220","u","Remove/Cut"
"1566","1566","1566",589299,589338,39,"Backspace","Backspace","1242","219","m","Remove/Cut"
"1567","1567","1567",589338,589369,31,"Backspace","Backspace","1241","219"," ","Remove/Cut"
"1568","1568","1568",589369,589402,33,"Backspace","Backspace","1240","219","f","Remove/Cut"
"1569","1569","1569",589402,589437,35,"Backspace","Backspace","1239","218","o","Remove/Cut"
"1570","1570","1570",589437,589468,31,"Backspace","Backspace","1238","218"," ","Remove/Cut"
"1571","1571","1571",589468,589500,32,"Backspace","Backspace","1237","218","e","Remove/Cut"
"1572","1572","1572",589500,589531,31,"Backspace","Backspace","1236","218","d","Remove/Cut"
"1573","1573","1573",589531,589567,36,"Backspace","Backspace","1235","218","a","Remove/Cut"
"1574","1574","1574",589567,589598,31,"Backspace","Backspace","1234","217","m","Remove/Cut"
"1575","1575","1575",589598,589633,35,"Backspace","Backspace","1233","217"," ","Remove/Cut"
"1576","1576","1576",589633,589666,33,"Backspace","Backspace","1232","217","e","Remove/Cut"
"1577","1577","1577",589666,589707,41,"Backspace","Backspace","1231","217","r","Remove/Cut"
"1578","1578","1578",589707,589738,31,"Backspace","Backspace","1230","216","a","Remove/Cut"
"1579","1579","1579",589738,589770,32,"Backspace","Backspace","1229","216"," ","Remove/Cut"
"1580","1580","1580",589770,589801,31,"Backspace","Backspace","1228","216","s","Remove/Cut"
"1581","1581","1581",589801,589837,36,"Backspace","Backspace","1227","216","t","Remove/Cut"
"1582","1582","1582",589837,589869,32,"Backspace","Backspace","1226","216","n","Remove/Cut"
"1583","1583","1583",589869,589902,33,"Backspace","Backspace","1225","216","e","Remove/Cut"
"1584","1584","1584",589902,589937,35,"Backspace","Backspace","1224","216","m","Remove/Cut"
"1585","1585","1585",589937,589968,31,"Backspace","Backspace","1223","216","n","Remove/Cut"
"1586","1586","1586",589968,589987,19,"Backspace","Backspace","1222","216","r","Remove/Cut"
"1587","1587","1587",591197,591634,437,"Backspace","Backspace","1221","216","e","Remove/Cut"
"1588","1588","1588",591847,591993,146,"Backspace","Backspace","1220","216","v","Remove/Cut"
"1589","1589","1589",592107,592202,95,"Backspace","Backspace","1219","216","o","Remove/Cut"
"1590","1590","1590",592309,592409,100,"Backspace","Backspace","1218","215","G","Remove/Cut"
"1591","1591","1591",606841,607337,496,"Backspace","Backspace","1217","215"," ","Remove/Cut"
"1592","1592","1592",607337,607377,40,"Backspace","Backspace","1216","215",".","Remove/Cut"
"1593","1593","1593",607377,607408,31,"Backspace","Backspace","1215","215","t","Remove/Cut"
"1594","1594","1594",607408,607440,32,"Backspace","Backspace","1214","215","r","Remove/Cut"
"1595","1595","1595",607440,607477,37,"Backspace","Backspace","1213","215","o","Remove/Cut"
"1596","1596","1596",607477,607508,31,"Backspace","Backspace","1212","215","f","Remove/Cut"
"1597","1597","1597",607508,607543,35,"Backspace","Backspace","1211","215","f","Remove/Cut"
"1598","1598","1598",607543,607577,34,"Backspace","Backspace","1210","214","e","Remove/Cut"
"1599","1599","1599",607577,607609,32,"Backspace","Backspace","1209","214"," ","Remove/Cut"
"1600","1600","1600",607609,607641,32,"Backspace","Backspace","1208","214","s","Remove/Cut"
"1601","1601","1601",607641,607677,36,"Backspace","Backspace","1207","214","e","Remove/Cut"
"1602","1602","1602",607677,607708,31,"Backspace","Backspace","1206","214","k","Remove/Cut"
"1603","1603","1603",607708,607740,32,"Backspace","Backspace","1205","214","a","Remove/Cut"
"1604","1604","1604",607740,607771,31,"Backspace","Backspace","1204","213","t","Remove/Cut"
"1605","1605","1605",607771,607802,31,"Backspace","Backspace","1203","213"," ","Remove/Cut"
"1606","1606","1606",607802,607837,35,"Backspace","Backspace","1202","213","y","Remove/Cut"
"1607","1607","1607",607837,607868,31,"Backspace","Backspace","1201","213","d","Remove/Cut"
"1608","1608","1608",607868,607899,31,"Backspace","Backspace","1200","213","o","Remove/Cut"
"1609","1609","1609",607899,607937,38,"Backspace","Backspace","1199","212","b","Remove/Cut"
"1610","1610","1610",607937,607968,31,"Backspace","Backspace","1198","212"," ","Remove/Cut"
"1611","1611","1611",607968,607999,31,"Backspace","Backspace","1197","212","y","Remove/Cut"
"1612","1612","1612",607999,608031,32,"Backspace","Backspace","1196","212","h","Remove/Cut"
"1613","1613","1613",608031,608069,38,"Backspace","Backspace","1195","212","t","Remove/Cut"
"1614","1614","1614",608069,608101,32,"Backspace","Backspace","1194","212","l","Remove/Cut"
"1615","1615","1615",608101,608137,36,"Backspace","Backspace","1193","212","a","Remove/Cut"
"1616","1616","1616",608137,608169,32,"Backspace","Backspace","1192","212","e","Remove/Cut"
"1617","1617","1617",608169,608200,31,"Backspace","Backspace","1191","211","h","Remove/Cut"
"1618","1618","1618",608200,608237,37,"Backspace","Backspace","1190","211"," ","Remove/Cut"
"1619","1619","1619",608237,608267,30,"Backspace","Backspace","1189","210","A","Remove/Cut"
"1620","1620","1620",608267,608299,32,"Backspace","Backspace","1188","210"," ","Remove/Cut"
"1621","1621","1621",608299,608330,31,"Backspace","Backspace","1187","210",".","Remove/Cut"
"1622","1622","1622",608330,608367,37,"Backspace","Backspace","1186","210","t","Remove/Cut"
"1623","1623","1623",608367,608398,31,"Backspace","Backspace","1185","210","r","Remove/Cut"
"1624","1624","1624",608398,608430,32,"Backspace","Backspace","1184","210","o","Remove/Cut"
"1625","1625","1625",608430,608467,37,"Backspace","Backspace","1183","210","f","Remove/Cut"
"1626","1626","1626",608467,608503,36,"Backspace","Backspace","1182","210","f","Remove/Cut"
"1627","1627","1627",608503,608537,34,"Backspace","Backspace","1181","209","e","Remove/Cut"
"1628","1628","1628",608537,608577,40,"Backspace","Backspace","1180","209"," ","Remove/Cut"
"1629","1629","1629",608577,608592,15,"Backspace","Backspace","1179","209","e","Remove/Cut"
"1630","1630","1630",608592,608627,35,"Backspace","Backspace","1178","209","k","Remove/Cut"
"1631","1631","1631",608627,608658,31,"Backspace","Backspace","1177","209","a","Remove/Cut"
"1632","1632","1632",608658,608693,35,"Backspace","Backspace","1176","208","t","Remove/Cut"
"1633","1633","1633",608693,608727,34,"Backspace","Backspace","1175","208"," ","Remove/Cut"
"1634","1634","1634",608727,608760,33,"Backspace","Backspace","1174","208","d","Remove/Cut"
"1635","1635","1635",608760,608792,32,"Backspace","Backspace","1173","208","o","Remove/Cut"
"1636","1636","1636",608792,608827,35,"Backspace","Backspace","1172","208","o","Remove/Cut"
"1637","1637","1637",608827,608858,31,"Backspace","Backspace","1171","207","f","Remove/Cut"
"1638","1638","1638",608858,608889,31,"Backspace","Backspace","1170","207"," ","Remove/Cut"
"1639","1639","1639",608889,608927,38,"Backspace","Backspace","1169","207","d","Remove/Cut"
"1640","1640","1640",608927,608958,31,"Backspace","Backspace","1168","207","o","Remove/Cut"
"1641","1641","1641",608958,608990,32,"Backspace","Backspace","1167","207","o","Remove/Cut"
"1642","1642","1642",608990,609021,31,"Backspace","Backspace","1166","206","G","Remove/Cut"
"1643","1643","1643",609021,609057,36,"Backspace","Backspace","1165","206"," ","Remove/Cut"
"1644","1644","1644",609057,609057,0,"Backspace","Backspace","1164","206",".","Remove/Cut"
"1645","1645","1645",611832,612000,168,".",".","1165","206",".","Input"
"1646","1646","1646",613804,613978,174,"Space","Space","1166","206"," ","Input"
"1647","1647","1647",618469,618469,0,"Shift","Shift","1166","206","NoChange","Nonproduction"
"1648","1648","1648",622499,622499,0,"Shift","Shift","1166","206","NoChange","Nonproduction"
"1649","1649","1649",622697,622860,163,"I","i","1167","207","I","Input"
"1650","1650","1650",622997,623154,157,"t","t","1168","207","t","Input"
"1651","1651","1651",623162,623255,93,"'","'","1169","207","'","Input"
"1652","1652","1652",623697,623862,165,"s","s","1170","207","s","Input"
"1653","1653","1653",623850,623987,137,"Space","Space","1171","207"," ","Input"
"1654","1654","1654",624127,624266,139,"t","t","1172","208","t","Input"
"1655","1655","1655",624202,624343,141,"o","o","1173","208","o","Input"
"1656","1656","1656",624706,624827,121,"Backspace","Backspace","1172","208","o","Remove/Cut"
"1657","1657","1657",625022,625176,154,"i","i","1173","208","i","Input"
"1658","1658","1658",625238,625464,226,"m","m","1174","208","m","Input"
"1659","1659","1659",625517,625665,148,"e","e","1175","208","e","Input"
"1660","1660","1660",625640,625801,161,"Space","Space","1176","208"," ","Input"
"1661","1661","1661",625851,626001,150,"t","t","1177","209","t","Input"
"1662","1662","1662",625920,626066,146,"o","o","1178","209","o","Input"
"1663","1663","1663",626025,626201,176,"Space","Space","1179","209"," ","Input"
"1664","1664","1664",626464,626608,144,"r","r","1180","210","r","Input"
"1665","1665","1665",626656,626802,146,"e","e","1181","210","e","Input"
"1666","1666","1666",626838,626997,159,"a","a","1182","210","a","Input"
"1667","1667","1667",626988,627103,115,"l","l","1183","210","l","Input"
"1668","1668","1668",627203,627355,152,"i","i","1184","210","i","Input"
"1669","1669","1669",627322,627455,133,"z","z","1185","210","z","Input"
"1670","1670","1670",627636,627783,147,"e","e","1186","210","e","Input"
"1671","1671","1671",627969,628131,162,"Space","Space","1187","210"," ","Input"
"1672","1672","1672",630801,630962,161,"y","y","1188","211","y","Input"
"1673","1673","1673",630996,631155,159,"o","o","1189","211","o","Input"
"1674","1674","1674",631103,631250,147,"u","u","1190","211","u","Input"
"1675","1675","1675",631221,631397,176,"Space","Space","1191","211"," ","Input"
"1676","1676","1676",631548,631715,167,"a","a","1192","212","a","Input"
"1677","1677","1677",631777,631934,157,"r","r","1193","212","r","Input"
"1678","1678","1678",631930,632137,207,"e","e","1194","212","e","Input"
"1679","1679","1679",632347,632508,161,"Space","Space","1195","212"," ","Input"
"1680","1680","1680",632697,632837,140,"b","b","1196","213","b","Input"
"1681","1681","1681",633010,633174,164,"e","e","1197","213","e","Input"
"1682","1682","1682",633162,633325,163,"i","i","1198","213","i","Input"
"1683","1683","1683",633366,633538,172,"n","n","1199","213","n","Input"
"1684","1684","1684",633571,633725,154,"g","g","1200","213","g","Input"
"1685","1685","1685",634054,634183,129,"Space","Space","1201","213"," ","Input"
"1686","1686","1686",634361,634519,158,"s","s","1202","214","s","Input"
"1687","1687","1687",634518,634628,110,"o","o","1203","214","o","Input"
"1688","1688","1688",634792,634951,159,"l","l","1204","214","l","Input"
"1689","1689","1689",634966,635117,151,"d","d","1205","214","d","Input"
"1690","1690","1690",635122,635272,150,"Space","Space","1206","214"," ","Input"
"1691","1691","1691",635264,635422,158,"a","a","1207","215","a","Input"
"1692","1692","1692",635398,635543,145,"Space","Space","1208","215"," ","Input"
"1693","1693","1693",635466,635712,246,"l","l","1209","216","l","Input"
"1694","1694","1694",635860,636031,171,"i","i","1210","216","i","Input"
"1695","1695","1695",636043,636193,150,"e","e","1211","216","e","Input"
"1696","1696","1696",638207,638321,114,".",".","1212","216",".","Input"
"1697","1697","1697",638400,638555,155,"Space","Space","1213","216"," ","Input"
"1698","1698","1698",638581,638581,0,"Shift","Shift","1213","216","NoChange","Nonproduction"
"1699","1699","1699",639083,639083,0,"Shift","Shift","1213","216","NoChange","Nonproduction"
"1700","1700","1700",639115,639115,0,"Shift","Shift","1213","216","NoChange","Nonproduction"
"1701","1701","1701",639147,639147,0,"Shift","Shift","1213","216","NoChange","Nonproduction"
"1702","1702","1702",639187,639187,0,"Shift","Shift","1213","216","NoChange","Nonproduction"
"1703","1703","1703",639218,639218,0,"Shift","Shift","1213","216","NoChange","Nonproduction"
"1704","1704","1704",639250,639250,0,"Shift","Shift","1213","216","NoChange","Nonproduction"
"1705","1705","1705",639282,639282,0,"Shift","Shift","1213","216","NoChange","Nonproduction"
"1706","1706","1706",639314,639314,0,"Shift","Shift","1213","216","NoChange","Nonproduction"
"1707","1707","1707",639345,639345,0,"Shift","Shift","1213","216","NoChange","Nonproduction"
"1708","1708","1708",639377,639377,0,"Shift","Shift","1213","216","NoChange","Nonproduction"
"1709","1709","1709",639409,639409,0,"Shift","Shift","1213","216","NoChange","Nonproduction"
"1710","1710","1710",639441,639441,0,"Shift","Shift","1213","216","NoChange","Nonproduction"
"1711","1711","1711",639488,639488,0,"Shift","Shift","1213","216","NoChange","Nonproduction"
"1712","1712","1712",639507,639507,0,"Shift","Shift","1213","216","NoChange","Nonproduction"
"1713","1713","1713",639547,639547,0,"Shift","Shift","1213","216","NoChange","Nonproduction"
"1714","1714","1714",639587,639587,0,"Shift","Shift","1213","216","NoChange","Nonproduction"
"1715","1715","1715",639607,639607,0,"Shift","Shift","1213","216","NoChange","Nonproduction"
"1716","1716","1716",639647,639647,0,"Shift","Shift","1213","216","NoChange","Nonproduction"
"1717","1717","1717",639687,639687,0,"Shift","Shift","1213","216","NoChange","Nonproduction"
"1718","1718","1718",639707,639707,0,"Shift","Shift","1213","216","NoChange","Nonproduction"
"1719","1719","1719",639747,639747,0,"Shift","Shift","1213","216","NoChange","Nonproduction"
"1720","1720","1720",639779,639779,0,"Shift","Shift","1213","216","NoChange","Nonproduction"
"1721","1721","1721",639807,639807,0,"Shift","Shift","1213","216","NoChange","Nonproduction"
"1722","1722","1722",639847,639847,0,"Shift","Shift","1213","216","NoChange","Nonproduction"
"1723","1723","1723",639887,639887,0,"Shift","Shift","1213","216","NoChange","Nonproduction"
"1724","1724","1724",639907,639907,0,"Shift","Shift","1213","216","NoChange","Nonproduction"
"1725","1725","1725",639947,639947,0,"Shift","Shift","1213","216","NoChange","Nonproduction"
"1726","1726","1726",639987,639987,0,"Shift","Shift","1213","216","NoChange","Nonproduction"
"1727","1727","1727",640007,640007,0,"Shift","Shift","1213","216","NoChange","Nonproduction"
"1728","1728","1728",640039,640039,0,"Shift","Shift","1213","216","NoChange","Nonproduction"
"1729","1729","1729",640087,640087,0,"Shift","Shift","1213","216","NoChange","Nonproduction"
"1730","1730","1730",640107,640107,0,"Shift","Shift","1213","216","NoChange","Nonproduction"
"1731","1731","1731",640147,640147,0,"Shift","Shift","1213","216","NoChange","Nonproduction"
"1732","1732","1732",640167,640167,0,"Shift","Shift","1213","216","NoChange","Nonproduction"
"1733","1733","1733",640207,640207,0,"Shift","Shift","1213","216","NoChange","Nonproduction"
"1734","1734","1734",640247,640247,0,"Shift","Shift","1213","216","NoChange","Nonproduction"
"1735","1735","1735",640278,640278,0,"Shift","Shift","1213","216","NoChange","Nonproduction"
"1736","1736","1736",640307,640307,0,"Shift","Shift","1213","216","NoChange","Nonproduction"
"1737","1737","1737",640347,640347,0,"Shift","Shift","1213","216","NoChange","Nonproduction"
"1738","1738","1738",640367,640367,0,"Shift","Shift","1213","216","NoChange","Nonproduction"
"1739","1739","1739",640407,640407,0,"Shift","Shift","1213","216","NoChange","Nonproduction"
"1740","1740","1740",640447,640447,0,"Shift","Shift","1213","216","NoChange","Nonproduction"
"1741","1741","1741",640467,640467,0,"Shift","Shift","1213","216","NoChange","Nonproduction"
"1742","1742","1742",640507,640507,0,"Shift","Shift","1213","216","NoChange","Nonproduction"
"1743","1743","1743",640542,640542,0,"Shift","Shift","1213","216","NoChange","Nonproduction"
"1744","1744","1744",640567,640567,0,"Shift","Shift","1213","216","NoChange","Nonproduction"
"1745","1745","1745",640590,640703,113,"G","g","1214","217","G","Input"
"1746","1746","1746",640879,640961,82,"o","o","1215","217","o","Input"
"1747","1747","1747",641057,641201,144,"o","o","1216","217","o","Input"
"1748","1748","1748",641238,641393,155,"d","d","1217","217","d","Input"
"1749","1749","1749",642047,642175,128,"Space","Space","1218","217"," ","Input"
"1750","1750","1750",642460,642602,142,"f","f","1219","218","f","Input"
"1751","1751","1751",642606,642703,97,"o","o","1220","218","o","Input"
"1752","1752","1752",642776,642906,130,"o","o","1221","218","o","Input"
"1753","1753","1753",642941,643095,154,"d","d","1222","218","d","Input"
"1754","1754","1754",643137,643275,138,"Space","Space","1223","218"," ","Input"
"1755","1755","1755",643236,643386,150,"a","a","1224","219","a","Input"
"1756","1756","1756",643393,643525,132,"n","n","1225","219","n","Input"
"1757","1757","1757",643480,643658,178,"d","d","1226","219","d","Input"
"1758","1758","1758",643596,643755,159,"Space","Space","1227","219"," ","Input"
"1759","1759","1759",644439,644584,145,"h","h","1228","220","h","Input"
"1760","1760","1760",644553,644688,135,"e","e","1229","220","e","Input"
"1761","1761","1761",644716,644879,163,"a","a","1230","220","a","Input"
"1762","1762","1762",644879,644997,118,"l","l","1231","220","l","Input"
"1763","1763","1763",645056,645178,122,"t","t","1232","220","t","Input"
"1764","1764","1764",645151,645302,151,"h","h","1233","220","h","Input"
"1765","1765","1765",645366,645561,195,"Space","Space","1234","220"," ","Input"
"1766","1766","1766",645922,646107,185,"t","t","1235","221","t","Input"
"1767","1767","1767",646138,646309,171,"a","a","1236","221","a","Input"
"1768","1768","1768",646279,646415,136,"k","k","1237","221","k","Input"
"1769","1769","1769",646427,646558,131,"e","e","1238","221","e","Input"
"1770","1770","1770",646521,646661,140,"Space","Space","1239","221"," ","Input"
"1771","1771","1771",646767,646881,114,"e","e","1240","222","e","Input"
"1772","1772","1772",647033,647179,146,"f","f","1241","222","f","Input"
"1773","1773","1773",647272,647408,136,"f","f","1242","222","f","Input"
"1774","1774","1774",647411,647557,146,"o","o","1243","222","o","Input"
"1775","1775","1775",647569,647698,129,"r","r","1244","222","r","Input"
"1776","1776","1776",647836,647985,149,"t","t","1245","222","t","Input"
"1777","1777","1777",648782,648980,198,".",".","1246","222",".","Input"
"1778","1778","1778",651481,651635,154,"Space","Space","1247","222"," ","Input"
"1779","1779","1779",667568,667568,0,"Shift","Shift","1247","222","NoChange","Nonproduction"
"1780","1780","1780",667676,667795,119,"P","p","1248","223","P","Input"
"1781","1781","1781",667915,668037,122,"o","o","1249","223","o","Input"
"1782","1782","1782",668145,668250,105,"l","l","1250","223","l","Input"
"1783","1783","1783",668376,668480,104,"i","i","1251","223","i","Input"
"1784","1784","1784",668511,668635,124,"t","t","1252","223","t","Input"
"1785","1785","1785",668655,668786,131,"i","i","1253","223","i","Input"
"1786","1786","1786",669033,669200,167,"c","c","1254","223","c","Input"
"1787","1787","1787",669257,669397,140,"i","i","1255","223","i","Input"
"1788","1788","1788",669443,669598,155,"a","a","1256","223","a","Input"
"1789","1789","1789",669707,669830,123,"n","n","1257","223","n","Input"
"1790","1790","1790",669941,670100,159,"s","s","1258","223","s","Input"
"1791","1791","1791",670043,670200,157,"Space","Space","1259","223"," ","Input"
"1792","1792","1792",670198,670395,197,"a","a","1260","224","a","Input"
"1793","1793","1793",670358,670535,177,"r","r","1261","224","r","Input"
"1794","1794","1794",670548,670688,140,"e","e","1262","224","e","Input"
"1795","1795","1795",670716,670887,171,"Space","Space","1263","224"," ","Input"
"1796","1796","1796",671018,671160,142,"s","s","1264","225","s","Input"
"1797","1797","1797",671286,671437,151,"e","e","1265","225","e","Input"
"1798","1798","1798",671423,671530,107,"l","l","1266","225","l","Input"
"1799","1799","1799",671636,671722,86,"l","l","1267","225","l","Input"
"1800","1800","1800",671869,671984,115,"i","i","1268","225","i","Input"
"1801","1801","1801",672118,672240,122,"n","n","1269","225","n","Input"
"1802","1802","1802",672271,672398,127,"g","g","1270","225","g","Input"
"1803","1803","1803",672399,672553,154,"Space","Space","1271","225"," ","Input"
"1804","1804","1804",672556,672705,149,"t","t","1272","226","t","Input"
"1805","1805","1805",672670,672777,107,"h","h","1273","226","h","Input"
"1806","1806","1806",672806,672947,141,"e","e","1274","226","e","Input"
"1807","1807","1807",672942,673096,154,"m","m","1275","226","m","Input"
"1808","1808","1808",673223,673315,92,"s","s","1276","226","s","Input"
"1809","1809","1809",673391,673541,150,"e","e","1277","226","e","Input"
"1810","1810","1810",673584,673699,115,"l","l","1278","226","l","Input"
"1811","1811","1811",673818,673949,131,"v","v","1279","226","v","Input"
"1812","1812","1812",674081,674231,150,"e","e","1280","226","e","Input"
"1813","1813","1813",674256,674435,179,"s","s","1281","226","s","Input"
"1814","1814","1814",674397,674539,142,"Space","Space","1282","226"," ","Input"
"1815","1815","1815",674606,674750,144,"t","t","1283","227","t","Input"
"1816","1816","1816",674661,674797,136,"o","o","1284","227","o","Input"
"1817","1817","1817",674779,674937,158,"Space","Space","1285","227"," ","Input"
"1818","1818","1818",675079,675195,116,"g","g","1286","228","g","Input"
"1819","1819","1819",675301,675535,234,"e","e","1287","228","e","Input"
"1820","1820","1820",675485,675659,174,"t","t","1288","228","t","Input"
"1821","1821","1821",675637,675764,127,"Space","Space","1289","228"," ","Input"
"1822","1822","1822",675791,675955,164,"a","a","1290","229","a","Input"
"1823","1823","1823",675885,676026,141,"Space","Space","1291","229"," ","Input"
"1824","1824","1824",676137,676255,118,"p","p","1292","230","p","Input"
"1825","1825","1825",676309,676436,127,"a","a","1293","230","a","Input"
"1826","1826","1826",676563,676701,138,"y","y","1294","230","y","Input"
"1827","1827","1827",676846,677015,169,"c","c","1295","230","c","Input"
"1828","1828","1828",676997,677131,134,"h","h","1296","230","h","Input"
"1829","1829","1829",677208,677355,147,"e","e","1297","230","e","Input"
"1830","1830","1830",677468,677635,167,"k","k","1298","230","k","Input"
"1831","1831","1831",677910,678036,126,"Backspace","Backspace","1297","230","k","Remove/Cut"
"1832","1832","1832",678034,678219,185,"c","c","1298","230","c","Input"
"1833","1833","1833",678261,678436,175,"k","k","1299","230","k","Input"
"1834","1834","1834",678957,679075,118,".",".","1300","230",".","Input"
"1835","1835","1835",686464,686629,165,"Space","Space","1301","230"," ","Input"
"1836","1836","1836",686842,686842,0,"Shift","Shift","1301","230","NoChange","Nonproduction"
"1837","1837","1837",687026,687169,143,"M","m","1302","231","M","Input"
"1838","1838","1838",687182,687358,176,"o","o","1303","231","o","Input"
"1839","1839","1839",687330,687468,138,"n","n","1304","231","n","Input"
"1840","1840","1840",687471,687647,176,"e","e","1305","231","e","Input"
"1841","1841","1841",687685,687822,137,"y","y","1306","231","y","Input"
"1842","1842","1842",687919,688069,150,"Space","Space","1307","231"," ","Input"
"1843","1843","1843",688270,688416,146,"c","c","1308","232","c","Input"
"1844","1844","1844",688547,688684,137,"a","a","1309","232","a","Input"
"1845","1845","1845",688646,688788,142,"n","n","1310","232","n","Input"
"1846","1846","1846",690012,690207,195,"Space","Space","1311","232"," ","Input"
"1847","1847","1847",690277,690396,119,"n","n","1312","233","n","Input"
"1848","1848","1848",690401,690539,138,"o","o","1313","233","o","Input"
"1849","1849","1849",690568,690729,161,"t","t","1314","233","t","Input"
"1850","1850","1850",691117,691271,154,"Space","Space","1315","233"," ","Input"
"1851","1851","1851",691245,691394,149,"a","a","1316","234","a","Input"
"1852","1852","1852",691388,691516,128,"n","n","1317","234","n","Input"
"1853","1853","1853",691543,691701,158,"d","d","1318","234","d","Input"
"1854","1854","1854",691648,691794,146,"Space","Space","1319","234"," ","Input"
"1855","1855","1855",692296,692459,163,"w","w","1320","235","w","Input"
"1856","1856","1856",692443,692552,109,"i","i","1321","235","i","Input"
"1857","1857","1857",692677,692748,71,"l","l","1322","235","l","Input"
"1858","1858","1858",692837,692939,102,"l","l","1323","235","l","Input"
"1859","1859","1859",692980,693181,201,"Space","Space","1324","235"," ","Input"
"1860","1860","1860",693195,693346,151,"n","n","1325","236","n","Input"
"1861","1861","1861",693301,693424,123,"e","e","1326","236","e","Input"
"1862","1862","1862",693570,693712,142,"v","v","1327","236","v","Input"
"1863","1863","1863",693805,693974,169,"e","e","1328","236","e","Input"
"1864","1864","1864",693948,694094,146,"r","r","1329","236","r","Input"
"1865","1865","1865",694165,694337,172,"Space","Space","1330","236"," ","Input"
"1866","1866","1866",694455,694510,55,"b","b","1331","237","b","Input"
"1867","1867","1867",694722,694863,141,"e","e","1332","237","e","Input"
"1868","1868","1868",694917,695071,154,"Space","Space","1333","237"," ","Input"
"1869","1869","1869",695245,695394,149,"a","a","1334","238","a","Input"
"1870","1870","1870",695488,695638,150,"b","b","1335","238","b","Input"
"1871","1871","1871",695641,695800,159,"l","l","1336","238","l","Input"
"1872","1872","1872",695888,696036,148,"e","e","1337","238","e","Input"
"1873","1873","1873",696042,696180,138,"Space","Space","1338","238"," ","Input"
"1874","1874","1874",696233,696383,150,"t","t","1339","239","t","Input"
"1875","1875","1875",696306,696449,143,"o","o","1340","239","o","Input"
"1876","1876","1876",696437,696578,141,"Space","Space","1341","239"," ","Input"
"1877","1877","1877",696765,696906,141,"b","b","1342","240","b","Input"
"1878","1878","1878",696896,697000,104,"u","u","1343","240","u","Input"
"1879","1879","1879",697138,697261,123,"y","y","1344","240","y","Input"
"1880","1880","1880",697297,697449,152,"Space","Space","1345","240"," ","Input"
"1881","1881","1881",697621,697787,166,"t","t","1346","241","t","Input"
"1882","1882","1882",698008,698114,106,"Backspace","Backspace","1345","240","t","Remove/Cut"
"1883","1883","1883",698285,698429,144,"h","h","1346","241","h","Input"
"1884","1884","1884",698437,698591,154,"a","a","1347","241","a","Input"
"1885","1885","1885",698595,698678,83,"p","p","1348","241","p","Input"
"1886","1886","1886",698765,698874,109,"p","p","1349","241","p","Input"
"1887","1887","1887",699257,699383,126,"i","i","1350","241","i","Input"
"1888","1888","1888",699472,699607,135,"n","n","1351","241","n","Input"
"1889","1889","1889",699599,699748,149,"e","e","1352","241","e","Input"
"1890","1890","1890",699861,699991,130,"s","s","1353","241","s","Input"
"1891","1891","1891",700121,700262,141,"s","s","1354","241","s","Input"
"1892","1892","1892",703999,704169,170,",",",","1355","241",",","Input"
"1893","1893","1893",704432,704582,150,"Space","Space","1356","241"," ","Input"
"1894","1894","1894",705330,705441,111,"b","b","1357","242","b","Input"
"1895","1895","1895",705686,705815,129,"u","u","1358","242","u","Input"
"1896","1896","1896",705881,706025,144,"t","t","1359","242","t","Input"
"1897","1897","1897",706061,706207,146,"Space","Space","1360","242"," ","Input"
"1898","1898","1898",706932,707070,138,"i","i","1361","243","i","Input"
"1899","1899","1899",707134,707295,161,"f","f","1362","243","f","Input"
"1900","1900","1900",707285,707411,126,"Space","Space","1363","243"," ","Input"
"1901","1901","1901",708001,708137,136,"y","y","1364","244","y","Input"
"1902","1902","1902",708190,708327,137,"o","o","1365","244","o","Input"
"1903","1903","1903",708268,708431,163,"u","u","1366","244","u","Input"
"1904","1904","1904",708399,708575,176,"Space","Space","1367","244"," ","Input"
"1905","1905","1905",709064,709174,110,"c","c","1368","245","c","Input"
"1906","1906","1906",709396,709524,128,"Backspace","Backspace","1367","244","c","Remove/Cut"
"1907","1907","1907",709539,709689,150,"b","b","1368","245","b","Input"
"1908","1908","1908",709857,710011,154,"e","e","1369","245","e","Input"
"1909","1909","1909",710047,710136,89,"l","l","1370","245","l","Input"
"1910","1910","1910",710226,710371,145,"i","i","1371","245","i","Input"
"1911","1911","1911",710328,710426,98,"e","e","1372","245","e","Input"
"1912","1912","1912",710552,710670,118,"v","v","1373","245","v","Input"
"1913","1913","1913",710806,710940,134,"e","e","1374","245","e","Input"
"1914","1914","1914",711078,711268,190,"Space","Space","1375","245"," ","Input"
"1915","1915","1915",711573,711709,136,"i","i","1376","246","i","Input"
"1916","1916","1916",711721,711855,134,"t","t","1377","246","t","Input"
"1917","1917","1917",712272,712416,144,"Space","Space","1378","246"," ","Input"
"1918","1918","1918",712422,712589,167,"c","c","1379","247","c","Input"
"1919","1919","1919",712616,712774,158,"a","a","1380","247","a","Input"
"1920","1920","1920",712746,712887,141,"n","n","1381","247","n","Input"
"1921","1921","1921",713699,713866,167,",",",","1382","247",",","Input"
"1922","1922","1922",713990,714157,167,"Space","Space","1383","247"," ","Input"
"1923","1923","1923",714285,714437,152,"m","m","1384","248","m","Input"
"1924","1924","1924",714476,714645,169,"a","a","1385","248","a","Input"
"1925","1925","1925",714708,714857,149,"y","y","1386","248","y","Input"
"1926","1926","1926",714903,715049,146,"b","b","1387","248","b","Input"
"1927","1927","1927",715266,715428,162,"e","e","1388","248","e","Input"
"1928","1928","1928",715532,715666,134,"Space","Space","1389","248"," ","Input"
"1929","1929","1929",716247,716381,134,"j","j","1390","249","j","Input"
"1930","1930","1930",716512,716620,108,"u","u","1391","249","u","Input"
"1931","1931","1931",716624,716799,175,"s","s","1392","249","s","Input"
"1932","1932","1932",716758,716938,180,"t","t","1393","249","t","Input"
"1933","1933","1933",716873,717021,148,"Space","Space","1394","249"," ","Input"
"1934","1934","1934",717118,717239,121,"m","m","1395","250","m","Input"
"1935","1935","1935",717236,717407,171,"a","a","1396","250","a","Input"
"1936","1936","1936",717447,717600,153,"y","y","1397","250","y","Input"
"1937","1937","1937",717654,717794,140,"b","b","1398","250","b","Input"
"1938","1938","1938",717976,718137,161,"e","e","1399","250","e","Input"
"1939","1939","1939",720598,720755,157,",",",","1400","250",",","Input"
"1940","1940","1940",720816,720999,183,"Space","Space","1401","250"," ","Input"
"1941","1941","1941",721188,721340,152,"t","t","1402","251","t","Input"
"1942","1942","1942",721335,721460,125,"h","h","1403","251","h","Input"
"1943","1943","1943",721421,721603,182,"e","e","1404","251","e","Input"
"1944","1944","1944",721653,721788,135,"Space","Space","1405","251"," ","Input"
"1945","1945","1945",723153,723249,96,"Backspace","Backspace","1404","251"," ","Remove/Cut"
"1946","1946","1946",723343,723417,74,"Backspace","Backspace","1403","251","e","Remove/Cut"
"1947","1947","1947",723621,723767,146,"o","o","1404","251","o","Input"
"1948","1948","1948",723818,724028,210,"s","s","1405","251","s","Input"
"1949","1949","1949",723916,724131,215,"e","e","1406","251","e","Input"
"1950","1950","1950",724346,724487,141,"Space","Space","1407","251"," ","Input"
"1951","1951","1951",724799,724904,105,"i","i","1408","252","i","Input"
"1952","1952","1952",724980,725106,126,"n","n","1409","252","n","Input"
"1953","1953","1953",725098,725274,176,"Space","Space","1410","252"," ","Input"
"1954","1954","1954",725273,725405,132,"p","p","1411","253","p","Input"
"1955","1955","1955",725455,725652,197,"o","o","1412","253","o","Input"
"1956","1956","1956",725656,725800,144,"w","w","1413","253","w","Input"
"1957","1957","1957",725740,725981,241,"e","e","1414","253","e","Input"
"1958","1958","1958",725921,726106,185,"r","r","1415","253","r","Input"
"1959","1959","1959",726343,726488,145,"Space","Space","1416","253"," ","Input"
"1960","1960","1960",726650,726811,161,"c","c","1417","254","c","Input"
"1961","1961","1961",726870,727046,176,"a","a","1418","254","a","Input"
"1962","1962","1962",726996,727131,135,"n","n","1419","254","n","Input"
"1963","1963","1963",727161,727326,165,"Space","Space","1420","254"," ","Input"
"1964","1964","1964",728689,728864,175,"k","k","1421","255","k","Input"
"1965","1965","1965",728871,728976,105,"e","e","1422","255","e","Input"
"1966","1966","1966",729054,729211,157,"e","e","1423","255","e","Input"
"1967","1967","1967",729228,729354,126,"p","p","1424","255","p","Input"
"1968","1968","1968",729405,729544,139,"Space","Space","1425","255"," ","Input"
"1969","1969","1969",729613,729756,143,"y","y","1426","256","y","Input"
"1970","1970","1970",729795,729987,192,"o","o","1427","256","o","Input"
"1971","1971","1971",729918,730099,181,"u","u","1428","256","u","Input"
"1972","1972","1972",730250,730489,239,"Space","Space","1429","256"," ","Input"
"1973","1973","1973",731171,731340,169,"s","s","1430","257","s","Input"
"1974","1974","1974",731386,731549,163,"u","u","1431","257","u","Input"
"1975","1975","1975",731561,731706,145,"v","v","1432","257","v","Input"
"1976","1976","1976",732327,732474,147,"Backspace","Backspace","1431","257","v","Remove/Cut"
"1977","1977","1977",732854,733008,154,"Backspace","Backspace","1430","257","u","Remove/Cut"
"1978","1978","1978",735693,735819,126,"Backspace","Backspace","1429","256","s","Remove/Cut"
"1979","1979","1979",736021,736147,126,"b","b","1430","257","b","Input"
"1980","1980","1980",736396,736534,138,"e","e","1431","257","e","Input"
"1981","1981","1981",736549,736676,127,"l","l","1432","257","l","Input"
"1982","1982","1982",736825,736973,148,"o","o","1433","257","o","Input"
"1983","1983","1983",737009,737184,175,"w","w","1434","257","w","Input"
"1984","1984","1984",737337,737530,193,"Space","Space","1435","257"," ","Input"
"1985","1985","1985",738035,738185,150,"t","t","1436","258","t","Input"
"1986","1986","1986",738218,738345,127,"h","h","1437","258","h","Input"
"1987","1987","1987",738438,738596,158,"e","e","1438","258","e","Input"
"1988","1988","1988",738591,738724,133,"m","m","1439","258","m","Input"
"1989","1989","1989",739023,739185,162,"Space","Space","1440","258"," ","Input"
"1990","1990","1990",739533,739683,150,"w","w","1441","259","w","Input"
"1991","1991","1991",739702,739833,131,"h","h","1442","259","h","Input"
"1992","1992","1992",739867,739996,129,"i","i","1443","259","i","Input"
"1993","1993","1993",740130,740255,125,"l","l","1444","259","l","Input"
"1994","1994","1994",740259,740434,175,"e","e","1445","259","e","Input"
"1995","1995","1995",740662,740876,214,"Space","Space","1446","259"," ","Input"
"1996","1996","1996",743693,743827,134,"t","t","1447","260","t","Input"
"1997","1997","1997",743817,743967,150,"h","h","1448","260","h","Input"
"1998","1998","1998",743940,744053,113,"e","e","1449","260","e","Input"
"1999","1999","1999",744352,744502,150,"y","y","1450","260","y","Input"
"2000","2000","2000",744538,744700,162,"Space","Space","1451","260"," ","Input"
"2001","2001","2001",744847,744905,58,"l","l","1452","261","l","Input"
"2002","2002","2002",745429,745587,158,"i","i","1453","261","i","Input"
"2003","2003","2003",745589,745705,116,"v","v","1454","261","v","Input"
"2004","2004","2004",745846,746007,161,"e","e","1455","261","e","Input"
"2005","2005","2005",746014,746163,149,"Space","Space","1456","261"," ","Input"
"2006","2006","2006",746334,746488,154,"l","l","1457","262","l","Input"
"2007","2007","2007",746635,746793,158,"i","i","1458","262","i","Input"
"2008","2008","2008",747497,747633,136,"v","v","1459","262","v","Input"
"2009","2009","2009",747820,747958,138,"e","e","1460","262","e","Input"
"2010","2010","2010",748007,748185,178,"s","s","1461","262","s","Input"
"2011","2011","2011",748127,748257,130,"Space","Space","1462","262"," ","Input"
"2012","2012","2012",748305,748439,134,"o","o","1463","263","o","Input"
"2013","2013","2013",748458,748625,167,"f","f","1464","263","f","Input"
"2014","2014","2014",748574,748739,165,"Space","Space","1465","263"," ","Input"
"2015","2015","2015",749067,749215,148,"l","l","1466","264","l","Input"
"2016","2016","2016",749305,749463,158,"u","u","1467","264","u","Input"
"2017","2017","2017",749515,749665,150,"r","r","1468","264","r","Input"
"2018","2018","2018",750053,750156,103,"Backspace","Backspace","1467","264","r","Remove/Cut"
"2019","2019","2019",750212,750383,171,"x","x","1468","264","x","Input"
"2020","2020","2020",750612,750756,144,"u","u","1469","264","u","Input"
"2021","2021","2021",750863,751012,149,"r","r","1470","264","r","Input"
"2022","2022","2022",751227,751425,198,"y","y","1471","264","y","Input"
"2023","2023","2023",759690,759873,183,".",".","1472","264",".","Input"
"2024","2024","2024",777966,778088,122,"Leftclick","Leftclick","55","264","NoChange","Nonproduction"
"2025","2025","2025",779150,779261,111,",",",","56","264",",","Input"
"2026","2026","2026",793170,793309,139,"Leftclick","Leftclick","216","264","NoChange","Nonproduction"
"2027","2027","2027",794343,794461,118,",",",","217","264",",","Input"
"2028","2028","2028",806449,806586,137,"Leftclick","Leftclick","353","264","NoChange","Nonproduction"
"2029","2029","2029",808117,808284,167,"o","o","354","264","o","Input"
"2030","2030","2030",808317,808465,148,"u","u","355","264","u","Input"
"2031","2031","2031",808479,808641,162,"t","t","356","264","t","Input"
"2032","2032","2032",808753,808915,162,"Space","Space","357","265"," ","Input"
"2033","2033","2033",823416,823560,144,"Leftclick","Leftclick","600","265","NoChange","Nonproduction"
"2034","2034","2034",824520,824661,141,"Backspace","Backspace","599","264"," ","Remove/Cut"
"2035","2035","2035",824768,824841,73,"Backspace","Backspace","598","264","y","Remove/Cut"
"2036","2036","2036",824950,825033,83,"Backspace","Backspace","597","264","l","Remove/Cut"
"2037","2037","2037",825123,825215,92,"Backspace","Backspace","596","264","r","Remove/Cut"
"2038","2038","2038",825315,825403,88,"Backspace","Backspace","595","264","a","Remove/Cut"
"2039","2039","2039",825473,825582,109,"Backspace","Backspace","594","264","l","Remove/Cut"
"2040","2040","2040",825637,825734,97,"Backspace","Backspace","593","264","u","Remove/Cut"
"2041","2041","2041",825812,825915,103,"Backspace","Backspace","592","264","g","Remove/Cut"
"2042","2042","2042",826777,826916,139,"Backspace","Backspace","591","264","e","Remove/Cut"
"2043","2043","2043",827193,827297,104,"Backspace","Backspace","590","264","r","Remove/Cut"
"2044","2044","2044",853352,853541,189,"Leftclick","Leftclick","1014","264","NoChange","Nonproduction"
"2045","2045","2045",858742,858926,184,"Space","Space","1015","265"," ","Input"
"2046","2046","2046",861907,862053,146,"Leftclick","Leftclick","1017","265","NoChange","Nonproduction"
"2047","2047","2047",862912,862912,0,"Shift","Shift","1017","265","NoChange","Nonproduction"
"2048","2048","2048",863229,863363,134,"T","t","1018","265","T","Input"
"2049","2049","2049",863389,863520,131,"h","h","1019","265","h","Input"
"2050","2050","2050",863507,863670,163,"e","e","1020","265","e","Input"
"2051","2051","2051",863863,864038,175,"Space","Space","1021","266"," ","Input"
"2052","2052","2052",864202,864335,133,"d","d","1022","266","d","Input"
"2053","2053","2053",864402,864552,150,"r","r","1023","266","r","Input"
"2054","2054","2054",864584,864763,179,"e","e","1024","266","e","Input"
"2055","2055","2055",864792,864984,192,"a","a","1025","266","a","Input"
"2056","2056","2056",864958,865083,125,"m","m","1026","266","m","Input"
"2057","2057","2057",865192,865340,148,"Space","Space","1027","267"," ","Input"
"2058","2058","2058",865386,865520,134,"d","d","1028","267","d","Input"
"2059","2059","2059",865503,865661,158,"o","o","1029","267","o","Input"
"2060","2060","2060",865634,865782,148,"e","e","1030","267","e","Input"
"2061","2061","2061",865842,866017,175,"s","s","1031","267","s","Input"
"2062","2062","2062",865958,866095,137,"n","n","1032","267","n","Input"
"2063","2063","2063",866186,866309,123,"'","'","1033","267","'","Input"
"2064","2064","2064",866396,866545,149,"t","t","1034","267","t","Input"
"2065","2065","2065",866989,867120,131,"Space","Space","1035","268"," ","Input"
"2066","2066","2066",867136,867230,94,"e","e","1036","268","e","Input"
"2067","2067","2067",867388,867574,186,"x","x","1037","268","x","Input"
"2068","2068","2068",867588,867746,158,"i","i","1038","268","i","Input"
"2069","2069","2069",867874,868005,131,"s","s","1039","268","s","Input"
"2070","2070","2070",868194,868367,173,"t","t","1040","268","t","Input"
"2071","2071","2071",868922,869043,121,",",",","1041","268",",","Input"
"2072","2072","2072",869072,869237,165,"Space","Space","1042","269"," ","Input"
"2073","2073","2073",869312,869452,140,"n","n","1043","269","n","Input"
"2074","2074","2074",869467,869637,170,"o","o","1044","269","o","Input"
"2075","2075","2075",869527,869691,164,"f","f","1045","269","f","Input"
"2076","2076","2076",870192,870292,100,"Backspace","Backspace","1044","269","f","Remove/Cut"
"2077","2077","2077",870295,870445,150,"t","t","1045","269","t","Input"
"2078","2078","2078",870487,870632,145,"Space","Space","1046","270"," ","Input"
"2079","2079","2079",870658,870787,129,"f","f","1047","270","f","Input"
"2080","2080","2080",870783,870914,131,"o","o","1048","270","o","Input"
"2081","2081","2081",870954,871156,202,"r","r","1049","270","r","Input"
"2082","2082","2082",871220,871346,126,"Space","Space","1050","271"," ","Input"
"2083","2083","2083",871424,871550,126,"y","y","1051","271","y","Input"
"2084","2084","2084",871574,871738,164,"o","o","1052","271","o","Input"
"2085","2085","2085",871682,871825,143,"u","u","1053","271","u","Input"
"2086","2086","2086",871822,872016,194,"Space","Space","1054","272"," ","Input"
"2087","2087","2087",871985,872150,165,"a","a","1055","272","a","Input"
"2088","2088","2088",872167,872304,137,"n","n","1056","272","n","Input"
"2089","2089","2089",872325,872497,172,"w","w","1057","272","w","Input"
"2090","2090","2090",872607,872757,150,"a","a","1058","272","a","Input"
"2091","2091","2091",872712,872874,162,"y","y","1059","272","y","Input"
"2092","2092","2092",873977,874127,150,".",".","1060","272",".","Input"
"2093","2093","2093",874374,874521,147,"Space","Space","1061","273"," ","Input"
"2094","2094","2094",875588,875723,135,"ArrowLeft","ArrowLeft","1060","273","NoChange","Nonproduction"
"2095","2095","2095",875792,875910,118,"ArrowLeft","ArrowLeft","1059","273","NoChange","Nonproduction"
"2096","2096","2096",875992,876077,85,"ArrowLeft","ArrowLeft","1058","273","NoChange","Nonproduction"
"2097","2097","2097",876174,876277,103,"ArrowLeft","ArrowLeft","1057","273","NoChange","Nonproduction"
"2098","2098","2098",876487,876663,176,"ArrowLeft","ArrowLeft","1056","273","NoChange","Nonproduction"
"2099","2099","2099",877522,877655,133,"y","y","1057","273","y","Input"
"2100","2100","2100",878332,878466,134,"ArrowRight","ArrowRight","1058","273","NoChange","Nonproduction"
"2101","2101","2101",878562,878653,91,"ArrowRight","ArrowRight","1059","273","NoChange","Nonproduction"
"2102","2102","2102",878787,878870,83,"ArrowRight","ArrowRight","1060","273","NoChange","Nonproduction"
"2103","2103","2103",878965,879082,117,"ArrowRight","ArrowRight","1061","273","NoChange","Nonproduction"
"2104","2104","2104",879377,879531,154,"ArrowRight","ArrowRight","1062","273","NoChange","Nonproduction"
"2105","2105","2105",885952,886091,139,"Leftclick","Leftclick","1513","273","NoChange","Nonproduction"
"2106","2106","2106",892743,892878,135,"Leftclick","Leftclick","1514","273","NoChange","Nonproduction"
"2107","2107","2107",893942,894103,161,"Space","Space","1515","273"," ","Input"
"2108","2108","2108",894599,894599,0,"Shift","Shift","1515","273","NoChange","Nonproduction"
"2109","2109","2109",894737,894898,161,"K","k","1516","274","K","Input"
"2110","2110","2110",894974,895085,111,"e","e","1517","274","e","Input"
"2111","2111","2111",895167,895295,128,"e","e","1518","274","e","Input"
"2112","2112","2112",895292,895409,117,"p","p","1519","274","p","Input"
"2113","2113","2113",895402,895560,158,"Space","Space","1520","274"," ","Input"
"2114","2114","2114",897082,897190,108,"Backspace","Backspace","1519","274"," ","Remove/Cut"
"2115","2115","2115",897291,897384,93,"Backspace","Backspace","1518","274","p","Remove/Cut"
"2116","2116","2116",897487,897593,106,"Backspace","Backspace","1517","274","e","Remove/Cut"
"2117","2117","2117",897693,897832,139,"Backspace","Backspace","1516","274","e","Remove/Cut"
"2118","2118","2118",897997,898130,133,"Backspace","Backspace","1515","273","K","Remove/Cut"
"2119","2119","2119",910615,910742,127,"Leftclick","Leftclick","1513","273","NoChange","Nonproduction"
"2120","2120","2120",911795,911940,145,"Space","Space","1514","273"," ","Input"
"2121","2121","2121",912021,912159,138,"w","w","1515","274","w","Input"
"2122","2122","2122",912195,912350,155,"i","i","1516","274","i","Input"
"2123","2123","2123",912337,912471,134,"t","t","1517","274","t","Input"
"2124","2124","2124",912477,912615,138,"h","h","1518","274","h","Input"
"2125","2125","2125",912687,912827,140,"o","o","1519","274","o","Input"
"2126","2126","2126",912797,912938,141,"u","u","1520","274","u","Input"
"2127","2127","2127",912917,913056,139,"t","t","1521","274","t","Input"
"2128","2128","2128",913055,913184,129,"Space","Space","1522","274"," ","Input"
"2129","2129","2129",913284,913424,140,"h","h","1523","275","h","Input"
"2130","2130","2130",913353,913498,145,"a","a","1524","275","a","Input"
"2131","2131","2131",913593,913731,138,"v","v","1525","275","v","Input"
"2132","2132","2132",913718,913836,118,"i","i","1526","275","i","Input"
"2133","2133","2133",913909,914031,122,"n","n","1527","275","n","Input"
"2134","2134","2134",914020,914146,126,"g","g","1528","275","g","Input"
"2135","2135","2135",914121,914257,136,"Space","Space","1529","275"," ","Input"
"2136","2136","2136",914343,914482,139,"t","t","1530","276","t","Input"
"2137","2137","2137",914393,914530,137,"o","o","1531","276","o","Input"
"2138","2138","2138",914512,914676,164,"Space","Space","1532","276"," ","Input"
"2139","2139","2139",914699,914839,140,"l","l","1533","277","l","Input"
"2140","2140","2140",914933,915066,133,"f","f","1534","277","f","Input"
"2141","2141","2141",915071,915204,133,"i","i","1535","277","i","Input"
"2142","2142","2142",915435,915532,97,"Backspace","Backspace","1534","277","i","Remove/Cut"
"2143","2143","2143",915618,915696,78,"Backspace","Backspace","1533","277","f","Remove/Cut"
"2144","2144","2144",915863,916013,150,"i","i","1534","277","i","Input"
"2145","2145","2145",916035,916151,116,"f","f","1535","277","f","Input"
"2146","2146","2146",916293,916419,126,"t","t","1536","277","t","Input"
"2147","2147","2147",916468,916618,150,"Space","Space","1537","277"," ","Input"
"2148","2148","2148",916955,917095,140,"a","a","1538","278","a","Input"
"2149","2149","2149",917084,917229,145,"Space","Space","1539","278"," ","Input"
"2150","2150","2150",917425,917560,135,"f","f","1540","279","f","Input"
"2151","2151","2151",917555,917704,149,"i","i","1541","279","i","Input"
"2152","2152","2152",917785,917911,126,"n","n","1542","279","n","Input"
"2153","2153","2153",917921,918042,121,"g","g","1543","279","g","Input"
"2154","2154","2154",918191,918393,202,"e","e","1544","279","e","Input"
"2155","2155","2155",918364,918556,192,"r","r","1545","279","r","Input"
"2156","2156","2156",919621,919748,127,"Leftclick","Leftclick","1547","279","NoChange","Nonproduction"
"2157","2157","2157",923109,923279,170,"k","k","1548","280","k","Input"
"2158","2158","2158",923267,923384,117,"e","e","1549","280","e","Input"
"2159","2159","2159",923475,923612,137,"e","e","1550","280","e","Input"
"2160","2160","2160",923633,923782,149,"p","p","1551","280","p","Input"
"2161","2161","2161",923838,923999,161,"Space","Space","1552","280"," ","Input"
"2162","2162","2162",924259,924429,170,"w","w","1553","281","w","Input"
"2163","2163","2163",924417,924551,134,"o","o","1554","281","o","Input"
"2164","2164","2164",924623,924785,162,"r","r","1555","281","r","Input"
"2165","2165","2165",924744,924858,114,"k","k","1556","281","k","Input"
"2166","2166","2166",924975,925119,144,"i","i","1557","281","i","Input"
"2167","2167","2167",925164,925316,152,"n","n","1558","281","n","Input"
"2168","2168","2168",925333,925475,142,"g","g","1559","281","g","Input"
"2169","2169","2169",925486,925599,113,"Space","Space","1560","281"," ","Input"
"2170","2170","2170",925717,925839,122,"f","f","1561","282","f","Input"
"2171","2171","2171",925833,925964,131,"o","o","1562","282","o","Input"
"2172","2172","2172",926004,926136,132,"r","r","1563","282","r","Input"
"2173","2173","2173",926081,926229,148,"Space","Space","1564","282"," ","Input"
"2174","2174","2174",926330,926469,139,"t","t","1565","283","t","Input"
"2175","2175","2175",926435,926572,137,"h","h","1566","283","h","Input"
"2176","2176","2176",926617,926791,174,"e","e","1567","283","e","Input"
"2177","2177","2177",926820,926970,150,"Space","Space","1568","283"," ","Input"
"2178","2178","2178",927726,927879,153,"d","d","1569","284","d","Input"
"2179","2179","2179",927993,928155,162,"r","r","1570","284","r","Input"
"2180","2180","2180",928180,928355,175,"e","e","1571","284","e","Input"
"2181","2181","2181",928364,928549,185,"a","a","1572","284","a","Input"
"2182","2182","2182",928544,928694,150,"m","m","1573","284","m","Input"
"2183","2183","2183",929540,929705,165,"Space","Space","1574","284"," ","Input"
"2184","2184","2184",929947,930109,162,"y","y","1575","285","y","Input"
"2185","2185","2185",930144,930301,157,"o","o","1576","285","o","Input"
"2186","2186","2186",930235,930416,181,"u","u","1577","285","u","Input"
"2187","2187","2187",931446,931610,164,"a","a","1578","285","a","Input"
"2188","2188","2188",931856,931951,95,"Backspace","Backspace","1577","285","a","Remove/Cut"
"2189","2189","2189",931993,932130,137,"Space","Space","1578","285"," ","Input"
"2190","2190","2190",932091,932239,148,"a","a","1579","286","a","Input"
"2191","2191","2191",932251,932417,166,"r","r","1580","286","r","Input"
"2192","2192","2192",932423,932584,161,"e","e","1581","286","e","Input"
"2193","2193","2193",932561,932696,135,"Space","Space","1582","286"," ","Input"
"2194","2194","2194",932902,933008,106,"b","b","1583","287","b","Input"
"2195","2195","2195",933197,933355,158,"e","e","1584","287","e","Input"
"2196","2196","2196",933381,933524,143,"i","i","1585","287","i","Input"
"2197","2197","2197",933601,933746,145,"n","n","1586","287","n","Input"
"2198","2198","2198",933731,933889,158,"g","g","1587","287","g","Input"
"2199","2199","2199",934010,934171,161,"Space","Space","1588","287"," ","Input"
"2200","2200","2200",934488,934675,187,"s","s","1589","288","s","Input"
"2201","2201","2201",934604,934709,105,"o","o","1590","288","o","Input"
"2202","2202","2202",934835,934991,156,"l","l","1591","288","l","Input"
"2203","2203","2203",935015,935172,157,"d","d","1592","288","d","Input"
"2204","2204","2204",947113,947242,129,",",",","1593","288",",","Input"
"2205","2205","2205",947297,947484,187,"Space","Space","1594","288"," ","Input"
"2206","2206","2206",947621,947756,135,"m","m","1595","289","m","Input"
"2207","2207","2207",947875,948033,158,"a","a","1596","289","a","Input"
"2208","2208","2208",948113,948257,144,"y","y","1597","289","y","Input"
"2209","2209","2209",948321,948429,108,"b","b","1598","289","b","Input"
"2210","2210","2210",948646,948814,168,"e","e","1599","289","e","Input"
"2211","2211","2211",948776,948924,148,"Space","Space","1600","289"," ","Input"
"2212","2212","2212",949197,949359,162,"t","t","1601","290","t","Input"
"2213","2213","2213",949327,949471,144,"h","h","1602","290","h","Input"
"2214","2214","2214",949773,949903,130,"e","e","1603","290","e","Input"
"2215","2215","2215",949906,950044,138,"Space","Space","1604","290"," ","Input"
"2216","2216","2216",950221,950338,117,"n","n","1605","291","n","Input"
"2217","2217","2217",950307,950405,98,"e","e","1606","291","e","Input"
"2218","2218","2218",950666,950812,146,"x","x","1607","291","x","Input"
"2219","2219","2219",950934,951092,158,"t","t","1608","291","t","Input"
"2220","2220","2220",951057,951187,130,"Space","Space","1609","291"," ","Input"
"2221","2221","2221",951593,951751,158,"t","t","1610","292","t","Input"
"2222","2222","2222",951717,951893,176,"h","h","1611","292","h","Input"
"2223","2223","2223",951846,952034,188,"i","i","1612","292","i","Input"
"2224","2224","2224",952095,952229,134,"n","n","1613","292","n","Input"
"2225","2225","2225",952231,952389,158,"g","g","1614","292","g","Input"
"2226","2226","2226",952311,952444,133,"Space","Space","1615","292"," ","Input"
"2227","2227","2227",952518,952539,21,"y","y","1616","293","y","Input"
"2228","2228","2228",952551,952716,165,"y","y","1617","293","y","Input"
"2229","2229","2229",952711,952895,184,"o","o","1618","293","o","Input"
"2230","2230","2230",952835,952991,156,"u","u","1619","293","u","Input"
"2231","2231","2231",953170,953279,109,"Backspace","Backspace","1618","293","u","Remove/Cut"
"2232","2232","2232",953386,953463,77,"Backspace","Backspace","1617","293","o","Remove/Cut"
"2233","2233","2233",953564,953667,103,"Backspace","Backspace","1616","293","y","Remove/Cut"
"2234","2234","2234",953923,954156,233,"o","o","1617","293","o","Input"
"2235","2235","2235",954149,954334,185,"u","u","1618","293","u","Input"
"2236","2236","2236",954419,954568,149,"Space","Space","1619","293"," ","Input"
"2237","2237","2237",955043,955204,161,"b","b","1620","294","b","Input"
"2238","2238","2238",955203,955331,128,"u","u","1621","294","u","Input"
"2239","2239","2239",955473,955650,177,"y","y","1622","294","y","Input"
"2240","2240","2240",955681,955833,152,"Space","Space","1623","294"," ","Input"
"2241","2241","2241",956031,956193,162,"w","w","1624","295","w","Input"
"2242","2242","2242",956290,956429,139,"i","i","1625","295","i","Input"
"2243","2243","2243",956563,956641,78,"l","l","1626","295","l","Input"
"2244","2244","2244",956737,956833,96,"l","l","1627","295","l","Input"
"2245","2245","2245",956867,957013,146,"Space","Space","1628","295"," ","Input"
"2246","2246","2246",957036,957199,163,"f","f","1629","296","f","Input"
"2247","2247","2247",957346,957509,163,"e","e","1630","296","e","Input"
"2248","2248","2248",958311,958420,109,"Backspace","Backspace","1629","296","e","Remove/Cut"
"2249","2249","2249",958583,958701,118,"i","i","1630","296","i","Input"
"2250","2250","2250",958815,958921,106,"l","l","1631","296","l","Input"
"2251","2251","2251",959003,959119,116,"l","l","1632","296","l","Input"
"2252","2252","2252",959136,959258,122,"Space","Space","1633","296"," ","Input"
"2253","2253","2253",959401,959564,163,"y","y","1634","297","y","Input"
"2254","2254","2254",959681,959902,221,"o","o","1635","297","o","Input"
"2255","2255","2255",959823,960021,198,"u","u","1636","297","u","Input"
"2256","2256","2256",973467,973974,507,"Backspace","Backspace","1635","297","u","Remove/Cut"
"2257","2257","2257",973974,974006,32,"Backspace","Backspace","1634","297","o","Remove/Cut"
"2258","2258","2258",974006,974036,30,"Backspace","Backspace","1633","296","y","Remove/Cut"
"2259","2259","2259",974036,974067,31,"Backspace","Backspace","1632","296"," ","Remove/Cut"
"2260","2260","2260",974067,974098,31,"Backspace","Backspace","1631","296","l","Remove/Cut"
"2261","2261","2261",974098,974134,36,"Backspace","Backspace","1630","296","l","Remove/Cut"
"2262","2262","2262",974134,974139,5,"Backspace","Backspace","1629","296","i","Remove/Cut"
"2263","2263","2263",974437,974534,97,"Backspace","Backspace","1628","295","f","Remove/Cut"
"2264","2264","2264",975062,975188,126,"s","s","1629","296","s","Input"
"2265","2265","2265",975294,975455,161,"a","a","1630","296","a","Input"
"2266","2266","2266",975458,975641,183,"t","t","1631","296","t","Input"
"2267","2267","2267",975667,975816,149,"i","i","1632","296","i","Input"
"2268","2268","2268",975797,975994,197,"s","s","1633","296","s","Input"
"2269","2269","2269",976037,976250,213,"f","f","1634","296","f","Input"
"2270","2270","2270",976176,976350,174,"y","y","1635","296","y","Input"
"2271","2271","2271",976371,976510,139,"Space","Space","1636","296"," ","Input"
"2272","2272","2272",976923,977078,155,"y","y","1637","297","y","Input"
"2273","2273","2273",977120,977288,168,"o","o","1638","297","o","Input"
"2274","2274","2274",977217,977392,175,"u","u","1639","297","u","Input"
"2275","2275","2275",981312,981814,502,"Backspace","Backspace","1638","297","u","Remove/Cut"
"2276","2276","2276",981814,981846,32,"Backspace","Backspace","1637","297","o","Remove/Cut"
"2277","2277","2277",981846,981876,30,"Backspace","Backspace","1636","296","y","Remove/Cut"
"2278","2278","2278",981876,981908,32,"Backspace","Backspace","1635","296"," ","Remove/Cut"
"2279","2279","2279",981908,981942,34,"Backspace","Backspace","1634","296","y","Remove/Cut"
"2280","2280","2280",981942,981974,32,"Backspace","Backspace","1633","296","f","Remove/Cut"
"2281","2281","2281",981974,982005,31,"Backspace","Backspace","1632","296","s","Remove/Cut"
"2282","2282","2282",982005,982036,31,"Backspace","Backspace","1631","296","i","Remove/Cut"
"2283","2283","2283",982036,982074,38,"Backspace","Backspace","1630","296","t","Remove/Cut"
"2284","2284","2284",982074,982110,36,"Backspace","Backspace","1629","296","a","Remove/Cut"
"2285","2285","2285",982110,982144,34,"Backspace","Backspace","1628","295","s","Remove/Cut"
"2286","2286","2286",982144,982180,36,"Backspace","Backspace","1627","295"," ","Remove/Cut"
"2287","2287","2287",982180,982214,34,"Backspace","Backspace","1626","295","l","Remove/Cut"
"2288","2288","2288",982214,982245,31,"Backspace","Backspace","1625","295","l","Remove/Cut"
"2289","2289","2289",982245,982277,32,"Backspace","Backspace","1624","295","i","Remove/Cut"
"2290","2290","2290",982277,982314,37,"Backspace","Backspace","1623","294","w","Remove/Cut"
"2291","2291","2291",982314,982346,32,"Backspace","Backspace","1622","294"," ","Remove/Cut"
"2292","2292","2292",982346,982377,31,"Backspace","Backspace","1621","294","y","Remove/Cut"
"2293","2293","2293",982377,982414,37,"Backspace","Backspace","1620","294","u","Remove/Cut"
"2294","2294","2294",982414,982446,32,"Backspace","Backspace","1619","293","b","Remove/Cut"
"2295","2295","2295",982446,982477,31,"Backspace","Backspace","1618","293"," ","Remove/Cut"
"2296","2296","2296",982477,982512,35,"Backspace","Backspace","1617","293","u","Remove/Cut"
"2297","2297","2297",982512,982542,30,"Backspace","Backspace","1616","293","o","Remove/Cut"
"2298","2298","2298",982542,982574,32,"Backspace","Backspace","1615","292","y","Remove/Cut"
"2299","2299","2299",982574,982610,36,"Backspace","Backspace","1614","292"," ","Remove/Cut"
"2300","2300","2300",982610,982644,34,"Backspace","Backspace","1613","292","g","Remove/Cut"
"2301","2301","2301",982644,982664,20,"Backspace","Backspace","1612","292","n","Remove/Cut"
"2302","2302","2302",982664,982695,31,"Backspace","Backspace","1611","292","i","Remove/Cut"
"2303","2303","2303",982695,982734,39,"Backspace","Backspace","1610","292","h","Remove/Cut"
"2304","2304","2304",982734,982770,36,"Backspace","Backspace","1609","291","t","Remove/Cut"
"2305","2305","2305",982770,982800,30,"Backspace","Backspace","1608","291"," ","Remove/Cut"
"2306","2306","2306",982800,982834,34,"Backspace","Backspace","1607","291","t","Remove/Cut"
"2307","2307","2307",982834,982868,34,"Backspace","Backspace","1606","291","x","Remove/Cut"
"2308","2308","2308",982868,982899,31,"Backspace","Backspace","1605","291","e","Remove/Cut"
"2309","2309","2309",982899,982934,35,"Backspace","Backspace","1604","290","n","Remove/Cut"
"2310","2310","2310",982934,982966,32,"Backspace","Backspace","1603","290"," ","Remove/Cut"
"2311","2311","2311",982966,982997,31,"Backspace","Backspace","1602","290","e","Remove/Cut"
"2312","2312","2312",982997,983034,37,"Backspace","Backspace","1601","290","h","Remove/Cut"
"2313","2313","2313",983034,983069,35,"Backspace","Backspace","1600","289","t","Remove/Cut"
"2314","2314","2314",983069,983101,32,"Backspace","Backspace","1599","289"," ","Remove/Cut"
"2315","2315","2315",983101,983134,33,"Backspace","Backspace","1598","289","e","Remove/Cut"
"2316","2316","2316",983134,983167,33,"Backspace","Backspace","1597","289","b","Remove/Cut"
"2317","2317","2317",983167,983199,32,"Backspace","Backspace","1596","289","y","Remove/Cut"
"2318","2318","2318",983199,983233,34,"Backspace","Backspace","1595","289","a","Remove/Cut"
"2319","2319","2319",983233,983264,31,"Backspace","Backspace","1594","288","m","Remove/Cut"
"2320","2320","2320",983264,983296,32,"Backspace","Backspace","1593","288"," ","Remove/Cut"
"2321","2321","2321",983296,983326,30,"Backspace","Backspace","1592","288",",","Remove/Cut"
"2322","2322","2322",983326,983357,31,"Backspace","Backspace","1591","288","d","Remove/Cut"
"2323","2323","2323",983357,983394,37,"Backspace","Backspace","1590","288","l","Remove/Cut"
"2324","2324","2324",983394,983430,36,"Backspace","Backspace","1589","288","o","Remove/Cut"
"2325","2325","2325",983430,983464,34,"Backspace","Backspace","1588","287","s","Remove/Cut"
"2326","2326","2326",983464,983496,32,"Backspace","Backspace","1587","287"," ","Remove/Cut"
"2327","2327","2327",983496,983527,31,"Backspace","Backspace","1586","287","g","Remove/Cut"
"2328","2328","2328",983527,983558,31,"Backspace","Backspace","1585","287","n","Remove/Cut"
"2329","2329","2329",983558,983589,31,"Backspace","Backspace","1584","287","i","Remove/Cut"
"2330","2330","2330",983589,983624,35,"Backspace","Backspace","1583","287","e","Remove/Cut"
"2331","2331","2331",983624,983655,31,"Backspace","Backspace","1582","286","b","Remove/Cut"
"2332","2332","2332",983655,983687,32,"Backspace","Backspace","1581","286"," ","Remove/Cut"
"2333","2333","2333",983687,983718,31,"Backspace","Backspace","1580","286","e","Remove/Cut"
"2334","2334","2334",983718,983764,46,"Backspace","Backspace","1579","286","r","Remove/Cut"
"2335","2335","2335",983764,983796,32,"Backspace","Backspace","1578","285","a","Remove/Cut"
"2336","2336","2336",983796,983827,31,"Backspace","Backspace","1577","285"," ","Remove/Cut"
"2337","2337","2337",983827,983864,37,"Backspace","Backspace","1576","285","u","Remove/Cut"
"2338","2338","2338",983864,983895,31,"Backspace","Backspace","1575","285","o","Remove/Cut"
"2339","2339","2339",983895,983927,32,"Backspace","Backspace","1574","284","y","Remove/Cut"
"2340","2340","2340",983927,983964,37,"Backspace","Backspace","1573","284"," ","Remove/Cut"
"2341","2341","2341",983964,983995,31,"Backspace","Backspace","1572","284","m","Remove/Cut"
"2342","2342","2342",983995,984026,31,"Backspace","Backspace","1571","284","a","Remove/Cut"
"2343","2343","2343",984026,984058,32,"Backspace","Backspace","1570","284","e","Remove/Cut"
"2344","2344","2344",984058,984094,36,"Backspace","Backspace","1569","284","r","Remove/Cut"
"2345","2345","2345",984094,984128,34,"Backspace","Backspace","1568","283","d","Remove/Cut"
"2346","2346","2346",984128,984164,36,"Backspace","Backspace","1567","283"," ","Remove/Cut"
"2347","2347","2347",984164,984196,32,"Backspace","Backspace","1566","283","e","Remove/Cut"
"2348","2348","2348",984196,984227,31,"Backspace","Backspace","1565","283","h","Remove/Cut"
"2349","2349","2349",984227,984261,34,"Backspace","Backspace","1564","282","t","Remove/Cut"
"2350","2350","2350",984261,984293,32,"Backspace","Backspace","1563","282"," ","Remove/Cut"
"2351","2351","2351",984293,984324,31,"Backspace","Backspace","1562","282","r","Remove/Cut"
"2352","2352","2352",984324,984360,36,"Backspace","Backspace","1561","282","o","Remove/Cut"
"2353","2353","2353",984360,984394,34,"Backspace","Backspace","1560","281","f","Remove/Cut"
"2354","2354","2354",984394,984414,20,"Backspace","Backspace","1559","281"," ","Remove/Cut"
"2355","2355","2355",984414,984445,31,"Backspace","Backspace","1558","281","g","Remove/Cut"
"2356","2356","2356",984445,984484,39,"Backspace","Backspace","1557","281","n","Remove/Cut"
"2357","2357","2357",984484,984518,34,"Backspace","Backspace","1556","281","i","Remove/Cut"
"2358","2358","2358",984518,984554,36,"Backspace","Backspace","1555","281","k","Remove/Cut"
"2359","2359","2359",984554,984585,31,"Backspace","Backspace","1554","281","r","Remove/Cut"
"2360","2360","2360",984585,984616,31,"Backspace","Backspace","1553","281","o","Remove/Cut"
"2361","2361","2361",984616,984650,34,"Backspace","Backspace","1552","280","w","Remove/Cut"
"2362","2362","2362",984650,984684,34,"Backspace","Backspace","1551","280"," ","Remove/Cut"
"2363","2363","2363",984684,984715,31,"Backspace","Backspace","1550","280","p","Remove/Cut"
"2364","2364","2364",984715,984747,32,"Backspace","Backspace","1549","280","e","Remove/Cut"
"2365","2365","2365",984747,984778,31,"Backspace","Backspace","1548","280","e","Remove/Cut"
"2366","2366","2366",984778,984808,30,"Backspace","Backspace","1547","279","k","Remove/Cut"
"2367","2367","2367",984808,984832,24,"Backspace","Backspace","1546","279"," ","Remove/Cut"
"2368","2368","2368",1012140,1012285,145,"Leftclick","Leftclick","317","279","NoChange","Nonproduction"
"2369","2369","2369",1013400,1013510,110,"ArrowRight","ArrowRight","318","279","NoChange","Nonproduction"
"2370","2370","2370",1014042,1014146,104,"i","i","319","279","i","Input"
"2371","2371","2371",1029832,1029962,130,"Leftclick","Leftclick","615","279","NoChange","Nonproduction"
"2372","2372","2372",1031075,1031227,152,"Backspace","Backspace","614","279","s","Remove/Cut"
"2373","2373","2373",1031301,1031410,109,"Backspace","Backspace","613","279","d","Remove/Cut"
"2374","2374","2374",1031492,1031570,78,"Backspace","Backspace","612","278","a","Remove/Cut"
"2375","2375","2375",1031656,1031733,77,"Backspace","Backspace","611","278"," ","Remove/Cut"
"2376","2376","2376",1031845,1031905,60,"Backspace","Backspace","610","278","v","Remove/Cut"
"2377","2377","2377",1032004,1032096,92,"Backspace","Backspace","609","277","t","Remove/Cut"
"2378","2378","2378",1032869,1033027,158,"t","t","610","278","t","Input"
"2379","2379","2379",1033061,1033170,109,"h","h","611","278","h","Input"
"2380","2380","2380",1033153,1033293,140,"e","e","612","278","e","Input"
"2381","2381","2381",1033299,1033437,138,"Space","Space","613","278"," ","Input"
"2382","2382","2382",1033669,1033797,128,"a","a","614","279","a","Input"
"2383","2383","2383",1033849,1034027,178,"d","d","615","279","d","Input"
"2384","2384","2384",1034064,1034250,186,"s","s","616","279","s","Input"
"2385","2385","2385",1034180,1034326,146,"Space","Space","617","279"," ","Input"
"2386","2386","2386",1034448,1034600,152,"y","y","618","280","y","Input"
"2387","2387","2387",1034613,1034782,169,"o","o","619","280","o","Input"
"2388","2388","2388",1034722,1034889,167,"u","u","620","280","u","Input"
"2389","2389","2389",1034858,1035020,162,"Space","Space","621","280"," ","Input"
"2390","2390","2390",1035831,1035944,113,"s","s","622","281","s","Input"
"2391","2391","2391",1036031,1036132,101,"e","e","623","281","e","Input"
"2392","2392","2392",1036214,1036339,125,"e","e","624","281","e","Input"
"2393","2393","2393",1036342,1036491,149,"Space","Space","625","281"," ","Input"
"2394","2394","2394",1036476,1036637,161,"o","o","626","282","o","Input"
"2395","2395","2395",1036622,1036753,131,"n","n","627","282","n","Input"
"2396","2396","2396",1036745,1036894,149,"Space","Space","628","282"," ","Input"
"2397","2397","2397",1037020,1037142,122,"y","y","629","283","y","Input"
"2398","2398","2398",1037169,1037347,178,"o","o","630","283","o","Input"
"2399","2399","2399",1037296,1037461,165,"u","u","631","283","u","Input"
"2400","2400","2400",1037419,1037572,153,"r","r","632","283","r","Input"
"2401","2401","2401",1037635,1037760,125,"Space","Space","633","283"," ","Input"
"2402","2402","2402",1038039,1038167,128,"t","t","634","284","t","Input"
"2403","2403","2403",1038224,1038377,153,"e","e","635","284","e","Input"
"2404","2404","2404",1038373,1038520,147,"l","l","636","284","l","Input"
"2405","2405","2405",1038791,1038917,126,"e","e","637","284","e","Input"
"2406","2406","2406",1039297,1039427,130,"v","v","638","284","v","Input"
"2407","2407","2407",1039533,1039663,130,"i","i","639","284","i","Input"
"2408","2408","2408",1039707,1039877,170,"s","s","640","284","s","Input"
"2409","2409","2409",1039813,1039974,161,"i","i","641","284","i","Input"
"2410","2410","2410",1039932,1040082,150,"o","o","642","284","o","Input"
"2411","2411","2411",1040082,1040217,135,"n","n","643","284","n","Input"
"2412","2412","2412",1059048,1059178,130,"Leftclick","Leftclick","751","284","NoChange","Nonproduction"
"2413","2413","2413",1060379,1060893,514,"Backspace","Backspace","750","284","n","Remove/Cut"
"2414","2414","2414",1060893,1060908,15,"Backspace","Backspace","749","284","o","Remove/Cut"
"2415","2415","2415",1060908,1060943,35,"Backspace","Backspace","748","284","i","Remove/Cut"
"2416","2416","2416",1060943,1060975,32,"Backspace","Backspace","747","284","s","Remove/Cut"
"2417","2417","2417",1060975,1060975,0,"Backspace","Backspace","746","284","i","Remove/Cut"
"2418","2418","2418",1061137,1061240,103,"Backspace","Backspace","745","284","v","Remove/Cut"
"2419","2419","2419",1061340,1061414,74,"Backspace","Backspace","744","284","e","Remove/Cut"
"2420","2420","2420",1061509,1061587,78,"Backspace","Backspace","743","284","l","Remove/Cut"
"2421","2421","2421",1061684,1061797,113,"Backspace","Backspace","742","284","e","Remove/Cut"
"2422","2422","2422",1062315,1062467,152,"Backspace","Backspace","741","283","t","Remove/Cut"
"2423","2423","2423",1064189,1064330,141,"v","v","742","284","v","Input"
"2424","2424","2424",1064462,1064568,106,"a","a","743","284","a","Input"
"2425","2425","2425",1064719,1064877,158,"c","c","744","284","c","Input"
"2426","2426","2426",1065061,1065127,66,"t","t","745","284","t","Input"
"2427","2427","2427",1065375,1065482,107,"Backspace","Backspace","744","284","t","Remove/Cut"
"2428","2428","2428",1065451,1065593,142,"a","a","745","284","a","Input"
"2429","2429","2429",1065656,1065821,165,"t","t","746","284","t","Input"
"2430","2430","2430",1065802,1065987,185,"i","i","747","284","i","Input"
"2431","2431","2431",1065949,1066107,158,"o","o","748","284","o","Input"
"2432","2432","2432",1066095,1066248,153,"n","n","749","284","n","Input"
"2433","2433","2433",1074719,1074836,117,"Leftclick","Leftclick","858","284","NoChange","Nonproduction"
"2434","2434","2434",1086138,1086281,143,",",",","859","284",",","Input"
"2435","2435","2435",1086308,1086481,173,"Space","Space","860","284"," ","Input"
"2436","2436","2436",1086812,1086946,134,"p","p","861","285","p","Input"
"2437","2437","2437",1086994,1087116,122,"a","a","862","285","a","Input"
"2438","2438","2438",1087124,1087264,140,"i","i","863","285","i","Input"
"2439","2439","2439",1087329,1087455,126,"n","n","864","285","n","Input"
"2440","2440","2440",1087508,1087654,146,"t","t","865","285","t","Input"
"2441","2441","2441",1087934,1088108,174,"Space","Space","866","285"," ","Input"
"2442","2442","2442",1089310,1089503,193,"a","a","867","286","a","Input"
"2443","2443","2443",1089491,1089656,165,"n","n","868","286","n","Input"
"2444","2444","2444",1090284,1090448,164,"d","d","869","286","d","Input"
"2445","2445","2445",1090432,1090593,161,"Space","Space","870","286"," ","Input"
"2446","2446","2446",1090704,1090863,159,"o","o","871","287","o","Input"
"2447","2447","2447",1090862,1090988,126,"t","t","872","287","t","Input"
"2448","2448","2448",1091018,1091152,134,"h","h","873","287","h","Input"
"2449","2449","2449",1091118,1091310,192,"e","e","874","287","e","Input"
"2450","2450","2450",1091241,1091436,195,"r","r","875","287","r","Input"
"2451","2451","2451",1091488,1091639,151,"Space","Space","876","287"," ","Input"
"2452","2452","2452",1092588,1092769,181,"c","c","877","288","c","Input"
"2453","2453","2453",1092714,1092956,242,"o","o","878","288","o","Input"
"2454","2454","2454",1092954,1093150,196,"m","m","879","288","m","Input"
"2455","2455","2455",1093148,1093266,118,"p","p","880","288","p","Input"
"2456","2456","2456",1093383,1093529,146,"l","l","881","288","l","Input"
"2457","2457","2457",1093510,1093658,148,"e","e","882","288","e","Input"
"2458","2458","2458",1093790,1093919,129,"t","t","883","288","t","Input"
"2459","2459","2459",1094011,1094159,148,"e","e","884","288","e","Input"
"2460","2460","2460",1094133,1094268,135,"l","l","885","288","l","Input"
"2461","2461","2461",1094432,1094593,161,"y","y","886","288","y","Input"
"2462","2462","2462",1094803,1094948,145,"Space","Space","887","288"," ","Input"
"2463","2463","2463",1095134,1095243,109,"i","i","888","289","i","Input"
"2464","2464","2464",1095345,1095472,127,"n","n","889","289","n","Input"
"2465","2465","2465",1095764,1095882,118,"e","e","890","289","e","Input"
"2466","2466","2466",1096017,1096156,139,"d","d","891","289","d","Input"
"2467","2467","2467",1096590,1096731,141,"i","i","892","289","i","Input"
"2468","2468","2468",1096721,1096889,168,"b","b","893","289","b","Input"
"2469","2469","2469",1096936,1097066,130,"l","l","894","289","l","Input"
"2470","2470","2470",1097150,1097299,149,"e","e","895","289","e","Input"
"2471","2471","2471",1100013,1100148,135,"Space","Space","896","289"," ","Input"
"2472","2472","2472",1100318,1100459,141,"m","m","897","290","m","Input"
"2473","2473","2473",1100435,1100568,133,"a","a","898","290","a","Input"
"2474","2474","2474",1100651,1100809,158,"t","t","899","290","t","Input"
"2475","2475","2475",1101018,1101188,170,"e","e","900","290","e","Input"
"2476","2476","2476",1101289,1101423,134,"r","r","901","290","r","Input"
"2477","2477","2477",1101546,1101716,170,"i","i","902","290","i","Input"
"2478","2478","2478",1101862,1102008,146,"a","a","903","290","a","Input"
"2479","2479","2479",1102001,1102116,115,"l","l","904","290","l","Input"
"2480","2480","2480",1102230,1102388,158,"s","s","905","290","s","Input"
"2481","2481","2481",1110478,1110612,134,"Leftclick","Leftclick","1087","290","NoChange","Nonproduction"
"2482","2482","2482",1112381,1112518,137,",",",","1088","290",",","Input"
"2483","2483","2483",1113129,1113294,165,"Space","Space","1089","290"," ","Input"
"2484","2484","2484",1115931,1116073,142,"a","a","1090","291","a","Input"
"2485","2485","2485",1116136,1116258,122,"n","n","1091","291","n","Input"
"2486","2486","2486",1116241,1116380,139,"d","d","1092","291","d","Input"
"2487","2487","2487",1116383,1116506,123,"Space","Space","1093","291"," ","Input"
"2488","2488","2488",1116583,1116719,136,"i","i","1094","292","i","Input"
"2489","2489","2489",1116712,1116841,129,"t","t","1095","292","t","Input"
"2490","2490","2490",1116870,1116988,118,"Space","Space","1096","292"," ","Input"
"2491","2491","2491",1117463,1117561,98,"s","s","1097","293","s","Input"
"2492","2492","2492",1117658,1117761,103,"e","e","1098","293","e","Input"
"2493","2493","2493",1117908,1118056,148,"t","t","1099","293","t","Input"
"2494","2494","2494",1118190,1118390,200,"s","s","1100","293","s","Input"
"2495","2495","2495",1118600,1118746,146,"Space","Space","1101","293"," ","Input"
"2496","2496","2496",1118934,1119059,125,"a","a","1102","294","a","Input"
"2497","2497","2497",1119078,1119199,121,"n","n","1103","294","n","Input"
"2498","2498","2498",1119222,1119352,130,"d","d","1104","294","d","Input"
"2499","2499","2499",1119290,1119441,151,"Space","Space","1105","294"," ","Input"
"2500","2500","2500",1119512,1119620,108,"u","u","1106","295","u","Input"
"2501","2501","2501",1119794,1119939,145,"n","n","1107","295","n","Input"
"2502","2502","2502",1119936,1120097,161,"t","t","1108","295","t","Input"
"2503","2503","2503",1120852,1120986,134,"Backspace","Backspace","1107","295","t","Remove/Cut"
"2504","2504","2504",1121001,1121217,216,"a","a","1108","295","a","Input"
"2505","2505","2505",1121384,1121501,117,"t","t","1109","295","t","Input"
"2506","2506","2506",1121588,1121706,118,"t","t","1110","295","t","Input"
"2507","2507","2507",1121790,1121930,140,"a","a","1111","295","a","Input"
"2508","2508","2508",1122294,1122436,142,"i","i","1112","295","i","Input"
"2509","2509","2509",1122470,1122552,82,"b","b","1113","295","b","Input"
"2510","2510","2510",1122890,1122972,82,"Backspace","Backspace","1112","295","b","Remove/Cut"
"2511","2511","2511",1123099,1123252,153,"n","n","1113","295","n","Input"
"2512","2512","2512",1123230,1123352,122,"a","a","1114","295","a","Input"
"2513","2513","2513",1123453,1123575,122,"b","b","1115","295","b","Input"
"2514","2514","2514",1123574,1123696,122,"l","l","1116","295","l","Input"
"2515","2515","2515",1123760,1123918,158,"e","e","1117","295","e","Input"
"2516","2516","2516",1123948,1124106,158,"Space","Space","1118","295"," ","Input"
"2517","2517","2517",1145215,1145358,143,"i","i","1119","296","i","Input"
"2518","2518","2518",1145514,1145651,137,"m","m","1120","296","m","Input"
"2519","2519","2519",1145638,1145757,119,"a","a","1121","296","a","Input"
"2520","2520","2520",1145784,1145925,141,"g","g","1122","296","g","Input"
"2521","2521","2521",1146031,1146185,154,"e","e","1123","296","e","Input"
"2522","2522","2522",1146200,1146345,145,"Space","Space","1124","296"," ","Input"
"2523","2523","2523",1146427,1146527,100,"f","f","1125","297","f","Input"
"2524","2524","2524",1146535,1146668,133,"o","o","1126","297","o","Input"
"2525","2525","2525",1146705,1146839,134,"r","r","1127","297","r","Input"
"2526","2526","2526",1146789,1146919,130,"Space","Space","1128","297"," ","Input"
"2527","2527","2527",1146989,1147137,148,"y","y","1129","298","y","Input"
"2528","2528","2528",1147153,1147330,177,"o","o","1130","298","o","Input"
"2529","2529","2529",1147273,1147430,157,"u","u","1131","298","u","Input"
"2530","2530","2530",1147379,1147544,165,"Space","Space","1132","298"," ","Input"
"2531","2531","2531",1147842,1147970,128,"t","t","1133","299","t","Input"
"2532","2532","2532",1147931,1148059,128,"o","o","1134","299","o","Input"
"2533","2533","2533",1148049,1148194,145,"Space","Space","1135","299"," ","Input"
"2534","2534","2534",1148217,1148361,144,"c","c","1136","300","c","Input"
"2535","2535","2535",1148353,1148494,141,"h","h","1137","300","h","Input"
"2536","2536","2536",1148494,1148631,137,"a","a","1138","300","a","Input"
"2537","2537","2537",1149109,1149227,118,"s","s","1139","300","s","Input"
"2538","2538","2538",1149358,1149485,127,"e","e","1140","300","e","Input"
"2539","2539","2539",1159149,1161143,1994,"Leftclick","Leftclick","1215","300","NoChange","Nonproduction"
"2540","2540","2540",1162208,1162350,142,"Backspace","Backspace","1188","295"," It's about selling an idea","Remove/Cut"
"2541","2541","2541",1162549,1162677,128,"Backspace","Backspace","1187","295",".","Remove/Cut"
"2542","2542","2542",1164557,1164674,117,",",",","1188","295",",","Input"
"2543","2543","2543",1164733,1164870,137,"Space","Space","1189","295"," ","Input"
"2544","2544","2544",1165129,1165266,137,"b","b","1190","296","b","Input"
"2545","2545","2545",1165253,1165365,112,"u","u","1191","296","u","Input"
"2546","2546","2546",1165447,1165594,147,"t","t","1192","296","t","Input"
"2547","2547","2547",1165527,1165659,132,"Space","Space","1193","296"," ","Input"
"2548","2548","2548",1165652,1165786,134,"i","i","1194","297","i","Input"
"2549","2549","2549",1165770,1165931,161,"t","t","1195","297","t","Input"
"2550","2550","2550",1165922,1166058,136,"Space","Space","1196","297"," ","Input"
"2551","2551","2551",1166177,1166319,142,"t","t","1197","298","t","Input"
"2552","2552","2552",1166535,1166634,99,"Backspace","Backspace","1196","297","t","Remove/Cut"
"2553","2553","2553",1166623,1166768,145,"d","d","1197","298","d","Input"
"2554","2554","2554",1166820,1167026,206,"o","o","1198","298","o","Input"
"2555","2555","2555",1166982,1167127,145,"e","e","1199","298","e","Input"
"2556","2556","2556",1167181,1167333,152,"s","s","1200","298","s","Input"
"2557","2557","2557",1167271,1167399,128,"n","n","1201","298","n","Input"
"2558","2558","2558",1167547,1167677,130,"'","'","1202","298","'","Input"
"2559","2559","2559",1167692,1167839,147,"t","t","1203","298","t","Input"
"2560","2560","2560",1167967,1168108,141,"Space","Space","1204","298"," ","Input"
"2561","2561","2561",1168233,1168380,147,"h","h","1205","299","h","Input"
"2562","2562","2562",1168301,1168446,145,"a","a","1206","299","a","Input"
"2563","2563","2563",1168520,1168686,166,"v","v","1207","299","v","Input"
"2564","2564","2564",1168837,1168986,149,"e","e","1208","299","e","Input"
"2565","2565","2565",1169197,1169324,127,"Space","Space","1209","299"," ","Input"
"2566","2566","2566",1169397,1169580,183,"t","t","1210","300","t","Input"
"2567","2567","2567",1169553,1169714,161,"o","o","1211","300","o","Input"
"2568","2568","2568",1172860,1173026,166,"Space","Space","1212","300"," ","Input"
"2569","2569","2569",1173104,1173230,126,"b","b","1213","301","b","Input"
"2570","2570","2570",1173458,1173598,140,"e","e","1214","301","e","Input"
"2571","2571","2571",1173781,1173902,121,"c","c","1215","301","c","Input"
"2572","2572","2572",1173993,1174146,153,"a","a","1216","301","a","Input"
"2573","2573","2573",1174185,1174314,129,"u","u","1217","301","u","Input"
"2574","2574","2574",1174295,1174434,139,"s","s","1218","301","s","Input"
"2575","2575","2575",1174517,1174677,160,"e","e","1219","301","e","Input"
"2576","2576","2576",1174667,1174819,152,"Space","Space","1220","301"," ","Input"
"2577","2577","2577",1178571,1178731,160,"t","t","1221","302","t","Input"
"2578","2578","2578",1178739,1178874,135,"h","h","1222","302","h","Input"
"2579","2579","2579",1178867,1179034,167,"e","e","1223","302","e","Input"
"2580","2580","2580",1179009,1179178,169,"Space","Space","1224","302"," ","Input"
"2581","2581","2581",1179471,1179614,143,"p","p","1225","303","p","Input"
"2582","2582","2582",1179717,1179906,189,"o","o","1226","303","o","Input"
"2583","2583","2583",1179932,1180066,134,"i","i","1227","303","i","Input"
"2584","2584","2584",1180157,1180287,130,"n","n","1228","303","n","Input"
"2585","2585","2585",1180258,1180424,166,"t","t","1229","303","t","Input"
"2586","2586","2586",1180421,1180565,144,"Space","Space","1230","303"," ","Input"
"2587","2587","2587",1181149,1181310,161,"i","i","1231","304","i","Input"
"2588","2588","2588",1181282,1181418,136,"s","s","1232","304","s","Input"
"2589","2589","2589",1181537,1181703,166,"Space","Space","1233","304"," ","Input"
"2590","2590","2590",1185096,1185248,152,"m","m","1234","305","m","Input"
"2591","2591","2591",1186178,1186338,160,"a","a","1235","305","a","Input"
"2592","2592","2592",1186397,1186546,149,"k","k","1236","305","k","Input"
"2593","2593","2593",1186510,1186677,167,"e","e","1237","305","e","Input"
"2594","2594","2594",1186680,1186836,156,"Space","Space","1238","305"," ","Input"
"2595","2595","2595",1187022,1187159,137,"m","m","1239","306","m","Input"
"2596","2596","2596",1187233,1187388,155,"o","o","1240","306","o","Input"
"2597","2597","2597",1187371,1187509,138,"n","n","1241","306","n","Input"
"2598","2598","2598",1187577,1187739,162,"e","e","1242","306","e","Input"
"2599","2599","2599",1187782,1187923,141,"y","y","1243","306","y","Input"
"2600","2600","2600",1230830,1233368,2538,"Leftclick","Leftclick","1699","306","NoChange","Nonproduction"
"2601","2601","2601",1234745,1234867,122,"Backspace","Backspace","1551","277",", but if you believe it can, maybe just maybe, those in power can keep you below them while they live lives of luxury without having to lift a finge","Remove/Cut"
"2602","2602","2602",1235345,1235467,122,"ArrowRight","ArrowRight","1552","277","NoChange","Nonproduction"
"2603","2603","2603",1236040,1236147,107,"Backspace","Backspace","1551","277","r","Remove/Cut"
"2604","2604","2604",1237103,1237198,95,"ArrowRight","ArrowRight","1552","277","NoChange","Nonproduction"
"2605","2605","2605",1237867,1238033,166,"Space","Space","1553","277"," ","Input"
"2606","2606","2606",1240812,1240812,0,"Shift","Shift","1553","277","NoChange","Nonproduction"
"2607","2607","2607",1240934,1241084,150,"I","i","1554","278","I","Input"
"2608","2608","2608",1241204,1241338,134,"t","t","1555","278","t","Input"
"2609","2609","2609",1241346,1241503,157,"Space","Space","1556","278"," ","Input"
"2610","2610","2610",1241726,1241852,126,"c","c","1557","279","c","Input"
"2611","2611","2611",1241973,1242147,174,"a","a","1558","279","a","Input"
"2612","2612","2612",1242160,1242305,145,"n","n","1559","279","n","Input"
"2613","2613","2613",1242340,1242475,135,"Space","Space","1560","279"," ","Input"
"2614","2614","2614",1242604,1242738,134,"h","h","1561","280","h","Input"
"2615","2615","2615",1242767,1242913,146,"e","e","1562","280","e","Input"
"2616","2616","2616",1242875,1243002,127,"l","l","1563","280","l","Input"
"2617","2617","2617",1243145,1243303,158,"p","p","1564","280","p","Input"
"2618","2618","2618",1243345,1243522,177,"s","s","1565","280","s","Input"
"2619","2619","2619",1243517,1243690,173,"Space","Space","1566","280"," ","Input"
"2620","2620","2620",1243819,1243990,171,"s","s","1567","281","s","Input"
"2621","2621","2621",1244040,1244212,172,"a","a","1568","281","a","Input"
"2622","2622","2622",1244277,1244416,139,"t","t","1569","281","t","Input"
"2623","2623","2623",1244469,1244613,144,"i","i","1570","281","i","Input"
"2624","2624","2624",1244979,1245110,131,"a","a","1571","281","a","Input"
"2625","2625","2625",1245195,1245366,171,"t","t","1572","281","t","Input"
"2626","2626","2626",1245432,1245571,139,"e","e","1573","281","e","Input"
"2627","2627","2627",1245566,1245728,162,"Space","Space","1574","281"," ","Input"
"2628","2628","2628",1245859,1246008,149,"n","n","1575","282","n","Input"
"2629","2629","2629",1245990,1246115,125,"e","e","1576","282","e","Input"
"2630","2630","2630",1246195,1246298,103,"e","e","1577","282","e","Input"
"2631","2631","2631",1246438,1246550,112,"d","d","1578","282","d","Input"
"2632","2632","2632",1246640,1246825,185,"s","s","1579","282","s","Input"
"2633","2633","2633",1247139,1247294,155,",",",","1580","282",",","Input"
"2634","2634","2634",1247486,1247655,169,"Space","Space","1581","282"," ","Input"
"2635","2635","2635",1249872,1250025,153,"b","b","1582","283","b","Input"
"2636","2636","2636",1250047,1250200,153,"u","u","1583","283","u","Input"
"2637","2637","2637",1250382,1250535,153,"t","t","1584","283","t","Input"
"2638","2638","2638",1250684,1250834,150,"Space","Space","1585","283"," ","Input"
"2639","2639","2639",1251752,1251900,148,"n","n","1586","284","n","Input"
"2640","2640","2640",1251886,1252030,144,"o","o","1587","284","o","Input"
"2641","2641","2641",1252029,1252195,166,"Space","Space","1588","284"," ","Input"
"2642","2642","2642",1252474,1252630,156,"a","a","1589","285","a","Input"
"2643","2643","2643",1252743,1252865,122,"m","m","1590","285","m","Input"
"2644","2644","2644",1252912,1253124,212,"o","o","1591","285","o","Input"
"2645","2645","2645",1253142,1253269,127,"u","u","1592","285","u","Input"
"2646","2646","2646",1253425,1253554,129,"n","n","1593","285","n","Input"
"2647","2647","2647",1253543,1253710,167,"t","t","1594","285","t","Input"
"2648","2648","2648",1253667,1253808,141,"Space","Space","1595","285"," ","Input"
"2649","2649","2649",1253844,1254001,157,"o","o","1596","286","o","Input"
"2650","2650","2650",1254031,1254189,158,"f","f","1597","286","f","Input"
"2651","2651","2651",1254089,1254223,134,"Space","Space","1598","286"," ","Input"
"2652","2652","2652",1254362,1254491,129,"m","m","1599","287","m","Input"
"2653","2653","2653",1254537,1254669,132,"o","o","1600","287","o","Input"
"2654","2654","2654",1254644,1254780,136,"n","n","1601","287","n","Input"
"2655","2655","2655",1254811,1254964,153,"e","e","1602","287","e","Input"
"2656","2656","2656",1255011,1255137,126,"y","y","1603","287","y","Input"
"2657","2657","2657",1255222,1255362,140,"Space","Space","1604","287"," ","Input"
"2658","2658","2658",1255361,1255507,146,"w","w","1605","288","w","Input"
"2659","2659","2659",1255503,1255625,122,"i","i","1606","288","i","Input"
"2660","2660","2660",1255738,1255832,94,"l","l","1607","288","l","Input"
"2661","2661","2661",1255914,1256047,133,"l","l","1608","288","l","Input"
"2662","2662","2662",1256183,1256320,137,"Space","Space","1609","288"," ","Input"
"2663","2663","2663",1261774,1262271,497,"Backspace","Backspace","1608","288"," ","Remove/Cut"
"2664","2664","2664",1262271,1262308,37,"Backspace","Backspace","1607","288","l","Remove/Cut"
"2665","2665","2665",1262308,1262340,32,"Backspace","Backspace","1606","288","l","Remove/Cut"
"2666","2666","2666",1262340,1262371,31,"Backspace","Backspace","1605","288","i","Remove/Cut"
"2667","2667","2667",1262371,1262403,32,"Backspace","Backspace","1604","287","w","Remove/Cut"
"2668","2668","2668",1262403,1262438,35,"Backspace","Backspace","1603","287"," ","Remove/Cut"
"2669","2669","2669",1262438,1262471,33,"Backspace","Backspace","1602","287","y","Remove/Cut"
"2670","2670","2670",1262471,1262502,31,"Backspace","Backspace","1601","287","e","Remove/Cut"
"2671","2671","2671",1262502,1262538,36,"Backspace","Backspace","1600","287","n","Remove/Cut"
"2672","2672","2672",1262538,1262569,31,"Backspace","Backspace","1599","287","o","Remove/Cut"
"2673","2673","2673",1262569,1262600,31,"Backspace","Backspace","1598","286","m","Remove/Cut"
"2674","2674","2674",1262600,1262640,40,"Backspace","Backspace","1597","286"," ","Remove/Cut"
"2675","2675","2675",1262640,1262671,31,"Backspace","Backspace","1596","286","f","Remove/Cut"
"2676","2676","2676",1262671,1262702,31,"Backspace","Backspace","1595","285","o","Remove/Cut"
"2677","2677","2677",1262702,1262733,31,"Backspace","Backspace","1594","285"," ","Remove/Cut"
"2678","2678","2678",1262733,1262778,45,"Backspace","Backspace","1593","285","t","Remove/Cut"
"2679","2679","2679",1262778,1262818,40,"Backspace","Backspace","1592","285","n","Remove/Cut"
"2680","2680","2680",1262818,1262834,16,"Backspace","Backspace","1591","285","u","Remove/Cut"
"2681","2681","2681",1262834,1262865,31,"Backspace","Backspace","1590","285","o","Remove/Cut"
"2682","2682","2682",1262865,1262898,33,"Backspace","Backspace","1589","285","m","Remove/Cut"
"2683","2683","2683",1262898,1262933,35,"Backspace","Backspace","1588","284","a","Remove/Cut"
"2684","2684","2684",1262933,1262968,35,"Backspace","Backspace","1587","284"," ","Remove/Cut"
"2685","2685","2685",1262968,1262990,22,"Backspace","Backspace","1586","284","o","Remove/Cut"
"2686","2686","2686",1264111,1264618,507,"Backspace","Backspace","1585","283","n","Remove/Cut"
"2687","2687","2687",1264618,1264649,31,"Backspace","Backspace","1584","283"," ","Remove/Cut"
"2688","2688","2688",1264649,1264663,14,"Backspace","Backspace","1583","283","t","Remove/Cut"
"2689","2689","2689",1264883,1264981,98,"Backspace","Backspace","1582","283","u","Remove/Cut"
"2690","2690","2690",1280014,1280181,167,"u","u","1583","283","u","Input"
"2691","2691","2691",1280261,1280428,167,"t","t","1584","283","t","Input"
"2692","2692","2692",1280354,1280498,144,"Space","Space","1585","283"," ","Input"
"2693","2693","2693",1280525,1280699,174,"i","i","1586","284","i","Input"
"2694","2694","2694",1280727,1280888,161,"t","t","1587","284","t","Input"
"2695","2695","2695",1280854,1280988,134,"Space","Space","1588","284"," ","Input"
"2696","2696","2696",1281165,1281318,153,"w","w","1589","285","w","Input"
"2697","2697","2697",1281418,1281520,102,"i","i","1590","285","i","Input"
"2698","2698","2698",1281610,1281704,94,"l","l","1591","285","l","Input"
"2699","2699","2699",1281805,1281903,98,"l","l","1592","285","l","Input"
"2700","2700","2700",1281941,1282097,156,"Space","Space","1593","285"," ","Input"
"2701","2701","2701",1282116,1282280,164,"n","n","1594","286","n","Input"
"2702","2702","2702",1282254,1282370,116,"e","e","1595","286","e","Input"
"2703","2703","2703",1282503,1282651,148,"v","v","1596","286","v","Input"
"2704","2704","2704",1282754,1282939,185,"e","e","1597","286","e","Input"
"2705","2705","2705",1282865,1283058,193,"r","r","1598","286","r","Input"
"2706","2706","2706",1283044,1283200,156,"Space","Space","1599","286"," ","Input"
"2707","2707","2707",1283711,1283829,118,"b","b","1600","287","b","Input"
"2708","2708","2708",1283977,1284129,152,"e","e","1601","287","e","Input"
"2709","2709","2709",1284101,1284238,137,"Space","Space","1602","287"," ","Input"
"2710","2710","2710",1284499,1284628,129,"e","e","1603","288","e","Input"
"2711","2711","2711",1284636,1284764,128,"n","n","1604","288","n","Input"
"2712","2712","2712",1284874,1285025,151,"o","o","1605","288","o","Input"
"2713","2713","2713",1285015,1285153,138,"u","u","1606","288","u","Input"
"2714","2714","2714",1285177,1285308,131,"g","g","1607","288","g","Input"
"2715","2715","2715",1285303,1285428,125,"h","h","1608","288","h","Input"
"2716","2716","2716",1285471,1285629,158,"t","t","1609","288","t","Input"
"2717","2717","2717",1285644,1285779,135,"Space","Space","1610","288"," ","Input"
"2718","2718","2718",1286090,1286199,109,"Backspace","Backspace","1609","288"," ","Remove/Cut"
"2719","2719","2719",1286297,1286379,82,"Backspace","Backspace","1608","288","t","Remove/Cut"
"2720","2720","2720",1286561,1286710,149,"Space","Space","1609","288"," ","Input"
"2721","2721","2721",1286701,1286849,148,"t","t","1610","289","t","Input"
"2722","2722","2722",1286802,1286926,124,"o","o","1611","289","o","Input"
"2723","2723","2723",1286913,1287031,118,"Space","Space","1612","289"," ","Input"
"2724","2724","2724",1287194,1287321,127,"p","p","1613","290","p","Input"
"2725","2725","2725",1287402,1287531,129,"e","e","1614","290","e","Input"
"2726","2726","2726",1287548,1287691,143,"n","n","1615","290","n","Input"
"2727","2727","2727",1287707,1287849,142,"e","e","1616","290","e","Input"
"2728","2728","2728",1288292,1288419,127,"t","t","1617","290","t","Input"
"2729","2729","2729",1288543,1288700,157,"r","r","1618","290","r","Input"
"2730","2730","2730",1288794,1288948,154,"a","a","1619","290","a","Input"
"2731","2731","2731",1288916,1289064,148,"t","t","1620","290","t","Input"
"2732","2732","2732",1289133,1289285,152,"e","e","1621","290","e","Input"
"2733","2733","2733",1289292,1289432,140,"Space","Space","1622","290"," ","Input"
"2734","2734","2734",1290023,1290180,157,"t","t","1623","291","t","Input"
"2735","2735","2735",1290202,1290340,138,"h","h","1624","291","h","Input"
"2736","2736","2736",1290951,1291127,176,"a","a","1625","291","a","Input"
"2737","2737","2737",1291116,1291285,169,"t","t","1626","291","t","Input"
"2738","2738","2738",1291334,1291484,150,"Space","Space","1627","291"," ","Input"
"2739","2739","2739",1291720,1291899,179,"w","w","1628","292","w","Input"
"2740","2740","2740",1292095,1292252,157,"a","a","1629","292","a","Input"
"2741","2741","2741",1292257,1292342,85,"l","l","1630","292","l","Input"
"2742","2742","2742",1292416,1292529,113,"l","l","1631","292","l","Input"
"2743","2743","2743",1292682,1292800,118,"Space","Space","1632","292"," ","Input"
"2744","2744","2744",1292843,1292989,146,"o","o","1633","293","o","Input"
"2745","2745","2745",1293001,1293148,147,"f","f","1634","293","f","Input"
"2746","2746","2746",1293160,1293289,129,"Space","Space","1635","293"," ","Input"
"2747","2747","2747",1293381,1293525,144,"f","f","1636","294","f","Input"
"2748","2748","2748",1293654,1293814,160,"a","a","1637","294","a","Input"
"2749","2749","2749",1293828,1293965,137,"n","n","1638","294","n","Input"
"2750","2750","2750",1294063,1294216,153,"t","t","1639","294","t","Input"
"2751","2751","2751",1294301,1294488,187,"a","a","1640","294","a","Input"
"2752","2752","2752",1294567,1294764,197,"s","s","1641","294","s","Input"
"2753","2753","2753",1294861,1295022,161,"y","y","1642","294","y","Input"
"2754","2754","2754",1295427,1295575,148,"Space","Space","1643","294"," ","Input"
"2755","2755","2755",1295644,1295769,125,"s","s","1644","295","s","Input"
"2756","2756","2756",1295726,1295820,94,"o","o","1645","295","o","Input"
"2757","2757","2757",1295983,1296104,121,"l","l","1646","295","l","Input"
"2758","2758","2758",1296211,1296335,124,"d","d","1647","295","d","Input"
"2759","2759","2759",1296316,1296428,112,"Space","Space","1648","295"," ","Input"
"2760","2760","2760",1296543,1296694,151,"a","a","1649","296","a","Input"
"2761","2761","2761",1296698,1296910,212,"s","s","1650","296","s","Input"
"2762","2762","2762",1296831,1296974,143,"Space","Space","1651","296"," ","Input"
"2763","2763","2763",1297071,1297218,147,"r","r","1652","297","r","Input"
"2764","2764","2764",1297233,1297390,157,"e","e","1653","297","e","Input"
"2765","2765","2765",1297414,1297582,168,"a","a","1654","297","a","Input"
"2766","2766","2766",1297581,1297709,128,"l","l","1655","297","l","Input"
"2767","2767","2767",1298011,1298153,142,"i","i","1656","297","i","Input"
"2768","2768","2768",1298197,1298344,147,"t","t","1657","297","t","Input"
"2769","2769","2769",1298343,1298498,155,"y","y","1658","297","y","Input"
"2770","2770","2770",1298513,1298662,149,"Space","Space","1659","297"," ","Input"
"2771","2771","2771",1299114,1299280,166,"k","k","1660","298","k","Input"
"2772","2772","2772",1299306,1299443,137,"n","n","1661","298","n","Input"
"2773","2773","2773",1299428,1299571,143,"o","o","1662","298","o","Input"
"2774","2774","2774",1299554,1299721,167,"w","w","1663","298","w","Input"
"2775","2775","2775",1299680,1299818,138,"Space","Space","1664","298"," ","Input"
"2776","2776","2776",1299978,1300131,153,"a","a","1665","299","a","Input"
"2777","2777","2777",1300223,1300380,157,"d","d","1666","299","d","Input"
"2778","2778","2778",1300591,1300709,118,"Backspace","Backspace","1665","299","d","Remove/Cut"
"2779","2779","2779",1300689,1300841,152,"s","s","1666","299","s","Input"
"2780","2780","2780",1301113,1301253,140,"Space","Space","1667","299"," ","Input"
"2781","2781","2781",1301338,1301469,131,"a","a","1668","300","a","Input"
"2782","2782","2782",1301551,1301692,141,"d","d","1669","300","d","Input"
"2783","2783","2783",1301831,1301944,113,"v","v","1670","300","v","Input"
"2784","2784","2784",1302136,1302298,162,"e","e","1671","300","e","Input"
"2785","2785","2785",1302473,1302608,135,"r","r","1672","300","r","Input"
"2786","2786","2786",1302748,1302880,132,"t","t","1673","300","t","Input"
"2787","2787","2787",1302941,1303080,139,"i","i","1674","300","i","Input"
"2788","2788","2788",1303360,1303489,129,"s","s","1675","300","s","Input"
"2789","2789","2789",1303450,1303567,117,"i","i","1676","300","i","Input"
"2790","2790","2790",1303685,1303788,103,"n","n","1677","300","n","Input"
"2791","2791","2791",1303812,1303978,166,"g","g","1678","300","g","Input"
"2792","2792","2792",1304200,1304317,117,".",".","1679","300",".","Input"
"2793","2793","2793",1449667,1449862,195,"Leftclick","Leftclick","1658","300","NoChange","Nonproduction"
"2794","2794","2794",1452540,1452685,145,"Leftclick","Leftclick","1642","300","NoChange","Nonproduction"
"2795","2795","2795",1455353,1455857,504,"ArrowRight","ArrowRight","1643","300","NoChange","Nonproduction"
"2796","2796","2796",1455857,1455897,40,"ArrowRight","ArrowRight","1644","300","NoChange","Nonproduction"
"2797","2797","2797",1455897,1455917,20,"ArrowRight","ArrowRight","1645","300","NoChange","Nonproduction"
"2798","2798","2798",1455917,1455957,40,"ArrowRight","ArrowRight","1646","300","NoChange","Nonproduction"
"2799","2799","2799",1455957,1455989,32,"ArrowRight","ArrowRight","1647","300","NoChange","Nonproduction"
"2800","2800","2800",1455989,1456020,31,"ArrowRight","ArrowRight","1648","300","NoChange","Nonproduction"
"2801","2801","2801",1456020,1456051,31,"ArrowRight","ArrowRight","1649","300","NoChange","Nonproduction"
"2802","2802","2802",1456051,1456087,36,"ArrowRight","ArrowRight","1650","300","NoChange","Nonproduction"
"2803","2803","2803",1456087,1456119,32,"ArrowRight","ArrowRight","1651","300","NoChange","Nonproduction"
"2804","2804","2804",1456119,1456150,31,"ArrowRight","ArrowRight","1652","300","NoChange","Nonproduction"
"2805","2805","2805",1456150,1456187,37,"ArrowRight","ArrowRight","1653","300","NoChange","Nonproduction"
"2806","2806","2806",1456187,1456220,33,"ArrowRight","ArrowRight","1654","300","NoChange","Nonproduction"
"2807","2807","2807",1456220,1456251,31,"ArrowRight","ArrowRight","1655","300","NoChange","Nonproduction"
"2808","2808","2808",1456251,1456282,31,"ArrowRight","ArrowRight","1656","300","NoChange","Nonproduction"
"2809","2809","2809",1456282,1456317,35,"ArrowRight","ArrowRight","1657","300","NoChange","Nonproduction"
"2810","2810","2810",1456317,1456352,35,"ArrowRight","ArrowRight","1658","300","NoChange","Nonproduction"
"2811","2811","2811",1456352,1456387,35,"ArrowRight","ArrowRight","1659","300","NoChange","Nonproduction"
"2812","2812","2812",1456387,1456427,40,"ArrowRight","ArrowRight","1660","300","NoChange","Nonproduction"
"2813","2813","2813",1456427,1456443,16,"ArrowRight","ArrowRight","1661","300","NoChange","Nonproduction"
"2814","2814","2814",1456443,1456487,44,"ArrowRight","ArrowRight","1662","300","NoChange","Nonproduction"
"2815","2815","2815",1456487,1456488,1,"ArrowRight","ArrowRight","1663","300","NoChange","Nonproduction"
"2816","2816","2816",1456719,1456869,150,"ArrowRight","ArrowRight","1664","300","NoChange","Nonproduction"
"2817","2817","2817",1457023,1457170,147,"ArrowRight","ArrowRight","1665","300","NoChange","Nonproduction"
"2818","2818","2818",1457381,1457578,197,"ArrowRight","ArrowRight","1666","300","NoChange","Nonproduction"
"2819","2819","2819",1457809,1458317,508,"Backspace","Backspace","1665","300","s","Remove/Cut"
"2820","2820","2820",1458317,1458348,31,"Backspace","Backspace","1664","299","a","Remove/Cut"
"2821","2821","2821",1458348,1458379,31,"Backspace","Backspace","1663","299"," ","Remove/Cut"
"2822","2822","2822",1458379,1458410,31,"Backspace","Backspace","1662","299","w","Remove/Cut"
"2823","2823","2823",1458410,1458442,32,"Backspace","Backspace","1661","299","o","Remove/Cut"
"2824","2824","2824",1458442,1458473,31,"Backspace","Backspace","1660","299","n","Remove/Cut"
"2825","2825","2825",1458473,1458507,34,"Backspace","Backspace","1659","298","k","Remove/Cut"
"2826","2826","2826",1458507,1458541,34,"Backspace","Backspace","1658","298"," ","Remove/Cut"
"2827","2827","2827",1458541,1458572,31,"Backspace","Backspace","1657","298","y","Remove/Cut"
"2828","2828","2828",1458572,1458606,34,"Backspace","Backspace","1656","298","t","Remove/Cut"
"2829","2829","2829",1458606,1458647,41,"Backspace","Backspace","1655","298","i","Remove/Cut"
"2830","2830","2830",1458647,1458682,35,"Backspace","Backspace","1654","298","l","Remove/Cut"
"2831","2831","2831",1458682,1458718,36,"Backspace","Backspace","1653","298","a","Remove/Cut"
"2832","2832","2832",1458718,1458757,39,"Backspace","Backspace","1652","298","e","Remove/Cut"
"2833","2833","2833",1458757,1458774,17,"Backspace","Backspace","1651","297","r","Remove/Cut"
"2834","2834","2834",1458774,1458807,33,"Backspace","Backspace","1650","297"," ","Remove/Cut"
"2835","2835","2835",1458807,1458843,36,"Backspace","Backspace","1649","297","s","Remove/Cut"
"2836","2836","2836",1458843,1458877,34,"Backspace","Backspace","1648","296","a","Remove/Cut"
"2837","2837","2837",1458877,1458903,26,"Backspace","Backspace","1647","296"," ","Remove/Cut"
"2838","2838","2838",1458903,1458947,44,"Backspace","Backspace","1646","296","d","Remove/Cut"
"2839","2839","2839",1458947,1458979,32,"Backspace","Backspace","1645","296","l","Remove/Cut"
"2840","2840","2840",1458979,1459017,38,"Backspace","Backspace","1644","296","o","Remove/Cut"
"2841","2841","2841",1459017,1459049,32,"Backspace","Backspace","1643","295","s","Remove/Cut"
"2842","2842","2842",1459049,1459081,32,"Backspace","Backspace","1642","295"," ","Remove/Cut"
"2843","2843","2843",1459081,1459113,32,"Backspace","Backspace","1641","295","y","Remove/Cut"
"2844","2844","2844",1459113,1459125,12,"Backspace","Backspace","1640","295","s","Remove/Cut"
"2845","2845","2845",1459341,1459456,115,"Backspace","Backspace","1639","295","a","Remove/Cut"
"2846","2846","2846",1459549,1459660,111,"Backspace","Backspace","1638","295","t","Remove/Cut"
"2847","2847","2847",1459722,1459856,134,"Backspace","Backspace","1637","295","n","Remove/Cut"
"2848","2848","2848",1459946,1460094,148,"Backspace","Backspace","1636","295","a","Remove/Cut"
"2849","2849","2849",1460301,1460481,180,"Backspace","Backspace","1635","294","f","Remove/Cut"
"2850","2850","2850",1460643,1460788,145,"Backspace","Backspace","1634","294"," ","Remove/Cut"
"2851","2851","2851",1471914,1472060,146,"Space","Space","1635","294"," ","Input"
"2852","2852","2852",1472154,1472301,147,"f","f","1636","295","f","Input"
"2853","2853","2853",1472985,1473106,121,"i","i","1637","295","i","Input"
"2854","2854","2854",1473821,1473938,117,"c","c","1638","295","c","Input"
"2855","2855","2855",1474278,1474389,111,"t","t","1639","295","t","Input"
"2856","2856","2856",1474889,1475046,157,"i","i","1640","295","i","Input"
"2857","2857","2857",1475129,1475333,204,"o","o","1641","295","o","Input"
"2858","2858","2858",1475523,1475656,133,"n","n","1642","295","n","Input"
"2859","2859","2859",1476533,1476706,173,"Space","Space","1643","295"," ","Input"
"2860","2860","2860",1477289,1477405,116,"c","c","1644","296","c","Input"
"2861","2861","2861",1477829,1478043,214,"r","r","1645","296","r","Input"
"2862","2862","2862",1478214,1478326,112,"e","e","1646","296","e","Input"
"2863","2863","2863",1478541,1478621,80,"a","a","1647","296","a","Input"
"2864","2864","2864",1479109,1479212,103,"t","t","1648","296","t","Input"
"2865","2865","2865",1479486,1479589,103,"e","e","1649","296","e","Input"
"2866","2866","2866",1479725,1479826,101,"d","d","1650","296","d","Input"
"2867","2867","2867",1480301,1480444,143,"Space","Space","1651","296"," ","Input"
"2868","2868","2868",1481609,1481711,102,"i","i","1652","297","i","Input"
"2869","2869","2869",1481861,1481981,120,"n","n","1653","297","n","Input"
"2870","2870","2870",1622416,1622498,82,"Leftclick","Leftclick","1649","297","NoChange","Nonproduction"
"2871","2871","2871",1622670,1622670,0,"Leftclick","Leftclick","1649","297","NoChange","Nonproduction"
"2872","2872","2872",1623382,1623509,127,"Leftclick","Leftclick","1666","297","NoChange","Nonproduction"
"2873","2873","2873",1651626,1652481,855,"Leftclick","Leftclick","1666","297","NoChange","Nonproduction"
"2874","2874","2874",1652706,1652817,111,"Leftclick","Leftclick","1666","297","NoChange","Nonproduction"
