"","DownEventID","UpEventID","DownTime","UpTime","ActionTime","DownEvent","UpEvent","Cursorposition","WordCount","TextChange","Activity"
"1","1","1",34850,34941,91,"Leftclick","Leftclick","0","0","NoChange","Nonproduction"
"2","2","2",40826,42423,1597,"Tab","Tab","0","0","NoChange","Nonproduction"
"3","3","3",42757,42858,101,"Leftclick","Leftclick","0","0","NoChange","Nonproduction"
"4","4","4",43334,43736,402,"Space","Space","1","0"," ","Input"
"5","5","5",44237,45298,1061,"Tab","Tab","1","0","NoChange","Nonproduction"
"6","6","6",45630,45714,84,"Leftclick","Leftclick","1","0","NoChange","Nonproduction"
"7","7","7",60994,61067,73,"Backspace","Backspace","0","0"," ","Remove/Cut"
"8","8","8",62340,62340,0,"Shift","Shift","0","0","NoChange","Nonproduction"
"9","9","9",62346,62420,74,"M","M","1","1","M","Input"
"10","10","10",62538,62640,102,"a","a","2","1","a","Input"
"11","11","11",62722,62800,78,"t","t","3","1","t","Input"
"12","12","12",62850,62976,126,"e","e","4","1","e","Input"
"13","13","13",62929,63021,92,"r","r","5","1","r","Input"
"14","14","14",63027,63104,77,"l","l","6","1","l","Input"
"15","15","15",63235,63303,68,"i","i","7","1","i","Input"
"16","16","16",63580,63647,67,"Backspace","Backspace","6","1","i","Remove/Cut"
"17","17","17",64364,64412,48,"Backspace","Backspace","5","1","l","Remove/Cut"
"18","18","18",64596,64653,57,"i","i","6","1","i","Input"
"19","19","19",64709,64811,102,"a","a","7","1","a","Input"
"20","20","20",64849,64896,47,"l","l","8","1","l","Input"
"21","21","21",65148,65232,84,"s","s","9","1","s","Input"
"22","22","22",65284,65339,55,"i","i","10","1","i","Input"
"23","23","23",65458,65550,92,"m","m","11","1","m","Input"
"24","24","24",66140,66196,56,"Backspace","Backspace","10","1","m","Remove/Cut"
"25","25","25",66269,66337,68,"Backspace","Backspace","9","1","i","Remove/Cut"
"26","26","26",66530,66577,47,"i","i","10","1","i","Input"
"27","27","27",66795,66855,60,"Backspace","Backspace","9","1","i","Remove/Cut"
"28","28","28",66923,66991,68,"Backspace","Backspace","8","1","s","Remove/Cut"
"29","29","29",67131,67199,68,"i","i","9","1","i","Input"
"30","30","30",67249,67288,39,"s","s","10","1","s","Input"
"31","31","31",67332,67376,44,"m","m","11","1","m","Input"
"32","32","32",67455,67531,76,"Space","Space","12","1"," ","Input"
"33","33","33",67583,67644,61,"i","i","13","2","i","Input"
"34","34","34",67684,67749,65,"s","s","14","2","s","Input"
"35","35","35",67756,67853,97,"Space","Space","16","2",". ","Paste"
"36","36","36",67997,68099,102,"Space","Space","16","2","NoChange","Nonproduction"
"37","37","37",68500,68584,84,"Backspace","Backspace","15","2"," ","Remove/Cut"
"38","38","38",68662,68738,76,"Backspace","Backspace","14","2",".","Remove/Cut"
"39","39","39",69330,69426,96,"a","a","15","2","a","Input"
"40","40","40",69465,69510,45,"Space","Space","16","2"," ","Input"
"41","41","41",70424,70531,107,"c","c","17","3","c","Input"
"42","42","42",70495,70605,110,"o","o","18","3","o","Input"
"43","43","43",70585,70666,81,"n","n","19","3","n","Input"
"44","44","44",70716,70771,55,"t","t","20","3","t","Input"
"45","45","45",70877,70958,81,"r","r","21","3","r","Input"
"46","46","46",70999,71055,56,"o","o","22","3","o","Input"
"47","47","47",71104,71193,89,"v","v","23","3","v","Input"
"48","48","48",71246,71366,120,"e","e","24","3","e","Input"
"49","49","49",71326,71417,91,"r","r","25","3","r","Input"
"50","50","50",71466,71549,83,"s","s","26","3","s","Input"
"51","51","51",71598,71639,41,"i","i","27","3","i","Input"
"52","52","52",71689,71791,102,"a","a","28","3","a","Input"
"53","53","53",71833,71896,63,"l","l","29","3","l","Input"
"54","54","54",71984,72077,93,"Space","Space","30","3"," ","Input"
"55","55","55",72175,72253,78,"s","s","31","4","s","Input"
"56","56","56",73022,73086,64,"u","u","32","4","u","Input"
"57","57","57",73185,73257,72,"b","b","33","4","b","Input"
"58","58","58",73332,73424,92,"j","j","34","4","j","Input"
"59","59","59",73428,73571,143,"e","e","35","4","e","Input"
"60","60","60",73540,73632,92,"c","c","36","4","c","Input"
"61","61","61",73744,73823,79,"t","t","37","4","t","Input"
"62","62","62",73982,74050,68,"Space","Space","38","4"," ","Input"
"63","63","63",74122,74234,112,"i","i","39","5","i","Input"
"64","64","64",74206,74283,77,"n","n","40","5","n","Input"
"65","65","65",74347,74433,86,"Space","Space","41","5"," ","Input"
"66","66","66",74429,74511,82,"t","t","42","6","t","Input"
"67","67","67",74509,74581,72,"o","o","43","6","o","Input"
"68","68","68",74640,74766,126,"d","d","44","6","d","Input"
"69","69","69",75075,75243,168,"a","a","45","6","a","Input"
"70","70","70",75485,75549,64,"y","y","46","6","y","Input"
"71","71","71",75766,75810,44,"'","'","47","6","'","Input"
"72","72","72",75845,75900,55,"s","s","48","6","s","Input"
"73","73","73",75955,76032,77,"Space","Space","49","6"," ","Input"
"74","74","74",76045,76147,102,"s","s","50","7","s","Input"
"75","75","75",76127,76200,73,"o","o","51","7","o","Input"
"76","76","76",76248,76348,100,"c","c","52","7","c","Input"
"77","77","77",76399,76441,42,"i","i","53","7","i","Input"
"78","78","78",76484,76619,135,"e","e","54","7","e","Input"
"79","79","79",76571,76671,100,"t","t","55","7","t","Input"
"80","80","80",76772,76860,88,"y","y","56","7","y","Input"
"81","81","81",78610,78730,120,"Leftclick","Leftclick","14","7","NoChange","Nonproduction"
"82","82","82",79425,79520,95,"Space","Space","15","8"," ","Input"
"83","83","83",81164,81265,101,"Leftclick","Leftclick","18","8","NoChange","Nonproduction"
"84","84","84",82059,82105,46,"ArrowLeft","ArrowLeft","17","8","NoChange","Nonproduction"
"85","85","85",82489,82604,115,"c","c","18","8","c","Input"
"86","86","86",82650,82724,74,"o","o","19","8","o","Input"
"87","87","87",82701,82925,224,"m","m","20","8","m","Input"
"88","88","88",83068,83192,124,"m","m","21","8","m","Input"
"89","89","89",83233,83387,154,"o","o","22","8","o","Input"
"90","90","90",83346,83458,112,"n","n","23","8","n","Input"
"91","91","91",83728,83815,87,"Space","Space","24","9"," ","Input"
"92","92","92",84909,84952,43,"Backspace","Backspace","23","8"," ","Remove/Cut"
"93","93","93",85174,85294,120,",",",","24","8",",","Input"
"94","94","94",85249,85332,83,"Space","Space","25","9"," ","Input"
"95","95","95",86015,86091,76,"t","t","26","9","t","Input"
"96","96","96",86067,86132,65,"h","h","27","9","h","Input"
"97","97","97",86182,86281,99,"o","o","28","9","o","Input"
"98","98","98",86246,86334,88,"u","u","29","9","u","Input"
"99","99","99",86332,86382,50,"g","g","30","9","g","Input"
"100","100","100",86392,86458,66,"h","h","31","9","h","Input"
"101","101","101",86547,86639,92,"t","t","32","9","t","Input"
"102","102","102",87066,87119,53,"Backspace","Backspace","31","9","t","Remove/Cut"
"103","103","103",87698,87820,122,"Space","Space","32","10"," ","Input"
"104","104","104",88459,88544,85,"Leftclick","Leftclick","46","10","NoChange","Nonproduction"
"105","105","105",89083,89114,31,"Backspace","Backspace","45","9"," ","Remove/Cut"
"106","106","106",89320,89368,48,",",",","46","9",",","Input"
"107","107","107",89901,89986,85,"Space","Space","47","10"," ","Input"
"108","108","108",90303,90424,121,"Leftclick","Leftclick","73","10","NoChange","Nonproduction"
"109","109","109",90947,91023,76,".",".","74","10",".","Input"
"110","110","110",91143,91201,58,"Space","Space","75","10"," ","Input"
"111","111","111",91270,91336,66,"Space","Space","76","10"," ","Input"
"112","112","112",91423,91423,0,"Shift","Shift","76","10","NoChange","Nonproduction"
"113","113","113",91479,91566,87,"M","m","77","11","M","Input"
"114","114","114",91616,91703,87,"a","a","78","11","a","Input"
"115","115","115",91753,91845,92,"t","t","79","11","t","Input"
"116","116","116",92123,92171,48,"Backspace","Backspace","78","11","t","Remove/Cut"
"117","117","117",92256,92320,64,"Backspace","Backspace","77","11","a","Remove/Cut"
"118","118","118",92397,92465,68,"Backspace","Backspace","76","10","M","Remove/Cut"
"119","119","119",93874,93874,0,"Shift","Shift","76","10","NoChange","Nonproduction"
"120","120","120",93974,94077,103,"W","w","77","11","W","Input"
"121","121","121",94116,94161,45,"i","i","78","11","i","Input"
"122","122","122",94199,94283,84,"t","t","79","11","t","Input"
"123","123","123",94265,94332,67,"h","h","80","11","h","Input"
"124","124","124",94439,94521,82,"Space","Space","81","11"," ","Input"
"125","125","125",94519,94593,74,"t","t","82","12","t","Input"
"126","126","126",94573,94663,90,"h","h","83","12","h","Input"
"127","127","127",94716,94784,68,"e","e","84","12","e","Input"
"128","128","128",94788,94881,93,"Space","Space","85","12"," ","Input"
"129","129","129",96401,96465,64,"n","n","86","13","n","Input"
"130","130","130",96517,96552,35,"e","e","87","13","e","Input"
"131","131","131",96617,96783,166,"e","e","88","13","e","Input"
"132","132","132",96707,96858,151,"d","d","89","13","d","Input"
"133","133","133",97220,97292,72,"Space","Space","90","13"," ","Input"
"134","134","134",97332,97451,119,"a","a","91","14","a","Input"
"135","135","135",97408,97499,91,"n","n","92","14","n","Input"
"136","136","136",97499,97578,79,"d","d","93","14","d","Input"
"137","137","137",97562,97645,83,"Space","Space","94","14"," ","Input"
"138","138","138",97640,97771,131,"w","w","95","15","w","Input"
"139","139","139",97720,97822,102,"a","a","96","15","a","Input"
"140","140","140",97815,97874,59,"n","n","97","15","n","Input"
"141","141","141",97917,97960,43,"t","t","98","15","t","Input"
"142","142","142",97999,98072,73,"Space","Space","99","15"," ","Input"
"143","143","143",98116,98203,87,"f","f","100","16","f","Input"
"144","144","144",98171,98249,78,"o","o","101","16","o","Input"
"145","145","145",98256,98352,96,"r","r","102","16","r","Input"
"146","146","146",98331,98406,75,"Space","Space","103","16"," ","Input"
"147","147","147",98496,98599,103,"m","m","104","17","m","Input"
"148","148","148",98548,98650,102,"o","o","105","17","o","Input"
"149","149","149",98700,98764,64,"r","r","106","17","r","Input"
"150","150","150",98718,98819,101,"e","e","107","17","e","Input"
"151","151","151",98816,98927,111,",",",","108","17",",","Input"
"152","152","152",98882,98982,100,"Space","Space","109","17"," ","Input"
"153","153","153",99047,99186,139,"m","m","110","18","m","Input"
"154","154","154",99125,99230,105,"o","o","111","18","o","Input"
"155","155","155",99181,99294,113,"r","r","112","18","r","Input"
"156","156","156",99282,99335,53,"e","e","113","18","e","Input"
"157","157","157",99343,99497,154,",",",","114","18",",","Input"
"158","158","158",99441,99551,110,"Space","Space","115","18"," ","Input"
"159","159","159",99671,99770,99,"n","n","116","19","n","Input"
"160","160","160",99871,99987,116,"r","r","117","19","r","Input"
"161","161","161",100175,100239,64,"Backspace","Backspace","116","19","r","Remove/Cut"
"162","162","162",100297,100390,93,"Backspace","Backspace","115","18","n","Remove/Cut"
"163","163","163",100686,100774,88,"o","o","116","19","o","Input"
"164","164","164",101049,101093,44,"Backspace","Backspace","115","18","o","Remove/Cut"
"165","165","165",101232,101343,111,"m","m","116","19","m","Input"
"166","166","166",101304,101394,90,"o","o","117","19","o","Input"
"167","167","167",101445,101542,97,"r","r","118","19","r","Input"
"168","168","168",101503,101602,99,"e","e","119","19","e","Input"
"169","169","169",101585,101714,129,",",",","120","19",",","Input"
"170","170","170",101670,101766,96,"Space","Space","121","19"," ","Input"
"171","171","171",104611,104711,100,"p","p","122","20","p","Input"
"172","172","172",104769,104851,82,"e","e","123","20","e","Input"
"173","173","173",104846,104939,93,"o","o","124","20","o","Input"
"174","174","174",104912,105084,172,"p","p","125","20","p","Input"
"175","175","175",105054,105132,78,"l","l","126","20","l","Input"
"176","176","176",105382,105447,65,"Backspace","Backspace","125","20","l","Remove/Cut"
"177","177","177",105530,105587,57,"Backspace","Backspace","124","20","p","Remove/Cut"
"178","178","178",105669,105728,59,"Backspace","Backspace","123","20","o","Remove/Cut"
"179","179","179",105805,105872,67,"Backspace","Backspace","122","20","e","Remove/Cut"
"180","180","180",105942,106019,77,"Backspace","Backspace","121","19","p","Remove/Cut"
"181","181","181",106196,106320,124,"m","m","122","20","m","Input"
"182","182","182",106280,106383,103,"o","o","123","20","o","Input"
"183","183","183",106433,106522,89,"d","d","124","20","d","Input"
"184","184","184",106497,106632,135,"e","e","125","20","e","Input"
"185","185","185",106629,106765,136,"r","r","126","20","r","Input"
"186","186","186",106816,106852,36,"n","n","127","20","n","Input"
"187","187","187",106930,107015,85,"Space","Space","128","20"," ","Input"
"188","188","188",107066,107122,56,"s","s","129","21","s","Input"
"189","189","189",107109,107188,79,"o","o","130","21","o","Input"
"190","190","190",107232,107350,118,"c","c","131","21","c","Input"
"191","191","191",107341,107425,84,"i","i","132","21","i","Input"
"192","192","192",107506,107666,160,"e","e","133","21","e","Input"
"193","193","193",107599,107739,140,"t","t","134","21","t","Input"
"194","194","194",108129,108213,84,"y","y","135","21","y","Input"
"195","195","195",108551,108631,80,"Space","Space","136","21"," ","Input"
"196","196","196",109067,109142,75,"i","i","137","22","i","Input"
"197","197","197",109183,109267,84,"s","s","138","22","s","Input"
"198","198","198",109315,109375,60,"Space","Space","139","22"," ","Input"
"199","199","199",114696,114781,85,"e","e","140","23","e","Input"
"200","200","200",114917,114997,80,"n","n","141","23","n","Input"
"201","201","201",115116,115180,64,"v","v","142","23","v","Input"
"202","202","202",115233,115296,63,"e","e","143","23","e","Input"
"203","203","203",115411,115506,95,"l","l","144","23","l","Input"
"204","204","204",115686,115802,116,"o","o","145","23","o","Input"
"205","205","205",115754,115860,106,"p","p","146","23","p","Input"
"206","206","206",115849,115978,129,"e","e","147","23","e","Input"
"207","207","207",115926,116052,126,"d","d","148","23","d","Input"
"208","208","208",116016,116100,84,"Space","Space","149","23"," ","Input"
"209","209","209",116149,116259,110,"w","w","150","24","w","Input"
"210","210","210",116499,116602,103,"i","i","151","24","i","Input"
"211","211","211",116649,116708,59,"t","t","152","24","t","Input"
"212","212","212",116705,116793,88,"h","h","153","24","h","Input"
"213","213","213",116975,117074,99,"Space","Space","154","24"," ","Input"
"214","214","214",117261,117357,96,"m","m","155","25","m","Input"
"215","215","215",118439,118527,88,"a","a","156","25","a","Input"
"216","216","216",118626,118689,63,"t","t","157","25","t","Input"
"217","217","217",118733,118869,136,"e","e","158","25","e","Input"
"218","218","218",118820,118936,116,"r","r","159","25","r","Input"
"219","219","219",118927,118996,69,"i","i","160","25","i","Input"
"220","220","220",119097,119166,69,"a","a","161","25","a","Input"
"221","221","221",119162,119246,84,"l","l","162","25","l","Input"
"222","222","222",119300,119391,91,"Space","Space","163","25"," ","Input"
"223","223","223",119514,119604,90,"t","t","164","26","t","Input"
"224","224","224",119578,119679,101,"h","h","165","26","h","Input"
"225","225","225",119649,119788,139,"i","i","166","26","i","Input"
"226","226","226",119766,119876,110,"n","n","167","26","n","Input"
"227","227","227",119862,120009,147,"g","g","168","26","g","Input"
"228","228","228",119966,120069,103,"s","s","169","26","s","Input"
"229","229","229",120056,120150,94,".",".","170","26",".","Input"
"230","230","230",120253,120329,76,"Space","Space","171","26"," ","Input"
"231","231","231",120513,120604,91,"Space","Space","172","26"," ","Input"
"232","232","232",140204,140204,0,"Shift","Shift","172","26","NoChange","Nonproduction"
"233","233","233",140225,140308,83,"P","P","173","27","P","Input"
"234","234","234",140464,140568,104,"e","e","174","27","e","Input"
"235","235","235",140515,140568,53,"o","o","175","27","o","Input"
"236","236","236",140556,140727,171,"p","p","176","27","p","Input"
"237","237","237",140697,140776,79,"l","l","177","27","l","Input"
"238","238","238",140814,140933,119,"e","e","178","27","e","Input"
"239","239","239",140934,141013,79,"Space","Space","179","27"," ","Input"
"240","240","240",147522,147617,95,"s","s","180","28","s","Input"
"241","241","241",147614,147668,54,"p","p","181","28","p","Input"
"242","242","242",147714,147793,79,"e","e","182","28","e","Input"
"243","243","243",147832,147868,36,"n","n","183","28","n","Input"
"244","244","244",147916,148009,93,"d","d","184","28","d","Input"
"245","245","245",147987,148051,64,"Space","Space","185","28"," ","Input"
"246","246","246",148130,148274,144,"m","m","186","29","m","Input"
"247","247","247",148234,148316,82,"o","o","187","29","o","Input"
"248","248","248",148316,148431,115,"r","r","188","29","r","Input"
"249","249","249",148398,148485,87,"e","e","189","29","e","Input"
"250","250","250",148482,148536,54,"Space","Space","190","29"," ","Input"
"251","251","251",148583,148666,83,"a","a","191","30","a","Input"
"252","252","252",148612,148673,61,"n","n","192","30","n","Input"
"253","253","253",148715,148801,86,"d","d","193","30","d","Input"
"254","254","254",148778,148849,71,"Space","Space","194","30"," ","Input"
"255","255","255",148933,149059,126,"m","m","195","31","m","Input"
"256","256","256",149029,149112,83,"o","o","196","31","o","Input"
"257","257","257",149166,149261,95,"r","r","197","31","r","Input"
"258","258","258",149199,149325,126,"e","e","198","31","e","Input"
"259","259","259",149597,149649,52,"Backspace","Backspace","197","31","e","Remove/Cut"
"260","260","260",149727,149795,68,"Backspace","Backspace","196","31","r","Remove/Cut"
"261","261","261",149870,149935,65,"Backspace","Backspace","195","31","o","Remove/Cut"
"262","262","262",150017,150077,60,"Backspace","Backspace","194","30","m","Remove/Cut"
"263","263","263",150159,150220,61,"Backspace","Backspace","193","30"," ","Remove/Cut"
"264","264","264",150316,150368,52,"Backspace","Backspace","192","30","d","Remove/Cut"
"265","265","265",150463,150511,48,"Backspace","Backspace","191","30","n","Remove/Cut"
"266","266","266",150603,150667,64,"Backspace","Backspace","190","29","a","Remove/Cut"
"267","267","267",151263,151394,131,"o","o","191","30","o","Input"
"268","268","268",151364,151432,68,"n","n","192","30","n","Input"
"269","269","269",151539,151586,47,"Space","Space","193","30"," ","Input"
"270","270","270",151681,151755,74,"m","m","194","31","m","Input"
"271","271","271",151733,151845,112,"a","a","195","31","a","Input"
"272","272","272",151899,151982,83,"t","t","196","31","t","Input"
"273","273","273",152032,152186,154,"e","e","197","31","e","Input"
"274","274","274",152399,152499,100,"r","r","198","31","r","Input"
"275","275","275",153164,153256,92,"i","i","199","31","i","Input"
"276","276","276",153311,153406,95,"a","a","200","31","a","Input"
"277","277","277",153397,153489,92,"l","l","201","31","l","Input"
"278","278","278",153540,153646,106,"Space","Space","202","31"," ","Input"
"279","279","279",154218,154288,70,"t","t","203","32","t","Input"
"280","280","280",154270,154340,70,"h","h","204","32","h","Input"
"281","281","281",154331,154460,129,"i","i","205","32","i","Input"
"282","282","282",154438,154524,86,"n","n","206","32","n","Input"
"283","283","283",154517,154630,113,"g","g","207","32","g","Input"
"284","284","284",154590,154692,102,"s","s","208","32","s","Input"
"285","285","285",154683,154750,67,"Space","Space","209","32"," ","Input"
"286","286","286",155259,155343,84,"t","t","210","33","t","Input"
"287","287","287",155302,155393,91,"h","h","211","33","h","Input"
"288","288","288",155463,155583,120,"a","a","212","33","a","Input"
"289","289","289",155559,155632,73,"n","n","213","33","n","Input"
"290","290","290",155707,155783,76,"Space","Space","214","33"," ","Input"
"291","291","291",155832,155894,62,"e","e","215","34","e","Input"
"292","292","292",155933,155957,24,"v","v","216","34","v","Input"
"293","293","293",155997,156101,104,"e","e","217","34","e","Input"
"294","294","294",156067,156174,107,"r","r","218","34","r","Input"
"295","295","295",156341,156433,92,"Space","Space","219","34"," ","Input"
"296","296","296",156525,156601,76,"b","b","220","35","b","Input"
"297","297","297",156579,156659,80,"e","e","221","35","e","Input"
"298","298","298",156700,156816,116,"f","f","222","35","f","Input"
"299","299","299",156865,156902,37,"o","o","223","35","o","Input"
"300","300","300",156906,157047,141,"r","r","224","35","r","Input"
"301","301","301",157007,157111,104,"e","e","225","35","e","Input"
"302","302","302",157377,157492,115,",",",","226","35",",","Input"
"303","303","303",157456,157559,103,"Space","Space","227","35"," ","Input"
"304","304","304",157532,157652,120,"a","a","228","36","a","Input"
"305","305","305",157649,157722,73,"n","n","229","36","n","Input"
"306","306","306",157711,157835,124,"d","d","230","36","d","Input"
"307","307","307",157829,157913,84,"Space","Space","231","36"," ","Input"
"308","308","308",157976,158046,70,"i","i","232","37","i","Input"
"309","309","309",158140,158216,76,"t","t","233","37","t","Input"
"310","310","310",158331,158407,76,"'","'","234","37","'","Input"
"311","311","311",158449,158538,89,"s","s","235","37","s","Input"
"312","312","312",158582,158638,56,"Space","Space","236","37"," ","Input"
"313","313","313",158684,158733,49,"c","c","237","38","c","Input"
"314","314","314",158851,159007,156,"r","r","238","38","r","Input"
"315","315","315",158950,159073,123,"e","e","239","38","e","Input"
"316","316","316",159049,159136,87,"a","a","240","38","a","Input"
"317","317","317",159114,159202,88,"t","t","241","38","t","Input"
"318","318","318",159182,159277,95,"i","i","242","38","i","Input"
"319","319","319",159253,159342,89,"n","n","243","38","n","Input"
"320","320","320",159382,159447,65,"g","g","244","38","g","Input"
"321","321","321",159450,159534,84,"Space","Space","245","38"," ","Input"
"322","322","322",160877,160981,104,"m","m","246","39","m","Input"
"323","323","323",161237,161316,79,"a","a","247","39","a","Input"
"324","324","324",161273,161393,120,"n","n","248","39","n","Input"
"325","325","325",161432,161494,62,"y","y","249","39","y","Input"
"326","326","326",161578,161666,88,"Space","Space","250","39"," ","Input"
"327","327","327",161716,161775,59,"i","i","251","40","i","Input"
"328","328","328",161815,161841,26,"s","s","252","40","s","Input"
"329","329","329",161928,161999,71,"s","s","253","40","s","Input"
"330","330","330",161996,162067,71,"u","u","254","40","u","Input"
"331","331","331",162116,162207,91,"e","e","255","40","e","Input"
"332","332","332",162190,162290,100,"s","s","256","40","s","Input"
"333","333","333",162260,162341,81,"Space","Space","257","40"," ","Input"
"334","334","334",163120,163234,114,"i","i","258","41","i","Input"
"335","335","335",163216,163281,65,"n","n","259","41","n","Input"
"336","336","336",163334,163415,81,"Space","Space","260","41"," ","Input"
"337","337","337",163489,163637,148,"o","o","261","42","o","Input"
"338","338","338",163598,163682,84,"u","u","262","42","u","Input"
"339","339","339",163683,163749,66,"r","r","263","42","r","Input"
"340","340","340",163799,163858,59,"Space","Space","264","42"," ","Input"
"341","341","341",163832,163943,111,"w","w","265","43","w","Input"
"342","342","342",163910,163998,88,"o","o","266","43","o","Input"
"343","343","343",164012,164096,84,"r","r","267","43","r","Input"
"344","344","344",164148,164213,65,"l","l","268","43","l","Input"
"345","345","345",164267,164349,82,"d","d","269","43","d","Input"
"346","346","346",164414,164506,92,".",".","270","43",".","Input"
"347","347","347",164829,164877,48,"Enter","Enter","271","43","\n","Input"
"348","348","348",166484,166548,64,"Enter","Enter","272","43","\n","Input"
"349","349","349",188668,188668,0,"Shift","Shift","272","43","NoChange","Nonproduction"
"350","350","350",188830,188986,156,"W","w","273","43","W","Input"
"351","351","351",189043,189129,86,"h","h","274","43","h","Input"
"352","352","352",189082,189182,100,"i","i","275","43","i","Input"
"353","353","353",189297,189377,80,"l","l","276","43","l","Input"
"354","354","354",189415,189465,50,"e","e","277","43","e","Input"
"355","355","355",189466,189549,83,"Space","Space","278","43"," ","Input"
"356","356","356",191385,191449,64,"Backspace","Backspace","277","43"," ","Remove/Cut"
"357","357","357",191547,191598,51,"Backspace","Backspace","276","43","e","Remove/Cut"
"358","358","358",191680,191740,60,"Backspace","Backspace","275","43","l","Remove/Cut"
"359","359","359",191818,191878,60,"Backspace","Backspace","274","43","i","Remove/Cut"
"360","360","360",191957,192009,52,"Backspace","Backspace","273","43","h","Remove/Cut"
"361","361","361",192088,192156,68,"Backspace","Backspace","272","43","W","Remove/Cut"
"362","362","362",192308,192308,0,"Shift","Shift","272","43","NoChange","Nonproduction"
"363","363","363",192355,192515,160,"A","a","273","43","A","Input"
"364","364","364",192575,192674,99,"s","s","274","43","s","Input"
"365","365","365",192671,192738,67,"Space","Space","275","43"," ","Input"
"366","366","366",197091,197143,52,"Backspace","Backspace","274","43"," ","Remove/Cut"
"367","367","367",197240,197312,72,"Backspace","Backspace","273","43","s","Remove/Cut"
"368","368","368",197963,198077,114,"s","s","274","43","s","Input"
"369","369","369",198055,198138,83,"Space","Space","275","43"," ","Input"
"370","370","370",198189,198283,94,"t","t","276","44","t","Input"
"371","371","371",198250,198364,114,"i","i","277","44","i","Input"
"372","372","372",198332,198419,87,"m","m","278","44","m","Input"
"373","373","373",198416,198486,70,"e","e","279","44","e","Input"
"374","374","374",198533,198582,49,"Space","Space","280","44"," ","Input"
"375","375","375",198578,198666,88,"g","g","281","45","g","Input"
"376","376","376",198663,198724,61,"o","o","282","45","o","Input"
"377","377","377",198765,198869,104,"e","e","283","45","e","Input"
"378","378","378",198809,198928,119,"s","s","284","45","s","Input"
"379","379","379",199100,199188,88,"Space","Space","285","45"," ","Input"
"380","380","380",199266,199376,110,"o","o","286","46","o","Input"
"381","381","381",199354,199424,70,"n","n","287","46","n","Input"
"382","382","382",199535,199675,140,",",",","288","46",",","Input"
"383","383","383",199595,199721,126,"Space","Space","289","46"," ","Input"
"384","384","384",199842,199926,84,"p","p","290","47","p","Input"
"385","385","385",199984,200049,65,"e","e","291","47","e","Input"
"386","386","386",200196,200305,109,"o","o","292","47","o","Input"
"387","387","387",200257,200453,196,"p","p","293","47","p","Input"
"388","388","388",200409,200515,106,"l","l","294","47","l","Input"
"389","389","389",200520,200613,93,"e","e","295","47","e","Input"
"390","390","390",200617,200709,92,"Space","Space","296","47"," ","Input"
"391","391","391",200758,200843,85,"o","o","297","48","o","Input"
"392","392","392",202494,202562,68,"Backspace","Backspace","296","47","o","Remove/Cut"
"393","393","393",203422,203598,176,"a","a","297","48","a","Input"
"394","394","394",203510,203653,143,"r","r","298","48","r","Input"
"395","395","395",203649,203697,48,"Space","Space","299","48"," ","Input"
"396","396","396",203652,203708,56,"e","e","300","49","e","Input"
"397","397","397",203771,203892,121,"m","m","301","49","m","Input"
"398","398","398",203848,203951,103,"o","o","302","49","o","Input"
"399","399","399",204348,204391,43,"Backspace","Backspace","301","49","o","Remove/Cut"
"400","400","400",204472,204533,61,"Backspace","Backspace","300","49","m","Remove/Cut"
"401","401","401",204611,204667,56,"Backspace","Backspace","299","48","e","Remove/Cut"
"402","402","402",204740,204807,67,"Backspace","Backspace","298","48"," ","Remove/Cut"
"403","403","403",204857,204931,74,"e","e","299","48","e","Input"
"404","404","404",204983,205066,83,"Space","Space","300","48"," ","Input"
"405","405","405",205156,205275,119,"m","m","301","49","m","Input"
"406","406","406",205232,205326,94,"o","o","302","49","o","Input"
"407","407","407",205364,205456,92,"r","r","303","49","r","Input"
"408","408","408",205424,205502,78,"e","e","304","49","e","Input"
"409","409","409",205549,205589,40,"Space","Space","305","49"," ","Input"
"410","410","410",205674,205773,99,"o","o","306","50","o","Input"
"411","411","411",205816,205882,66,"f","f","307","50","f","Input"
"412","412","412",205971,206081,110,"t","t","308","50","t","Input"
"413","413","413",206055,206199,144,"e","e","309","50","e","Input"
"414","414","414",206200,206287,87,"n","n","310","50","n","Input"
"415","415","415",206390,206478,88,"Space","Space","311","50"," ","Input"
"416","416","416",207006,207149,143,"e","e","312","51","e","Input"
"417","417","417",207110,207209,99,"q","q","313","51","q","Input"
"418","418","418",207286,207354,68,"u","u","314","51","u","Input"
"419","419","419",207558,207714,156,"e","e","315","51","e","Input"
"420","420","420",207691,207826,135,"s","s","316","51","s","Input"
"421","421","421",207787,207877,90,"t","t","317","51","t","Input"
"422","422","422",207914,208010,96,"i","i","318","51","i","Input"
"423","423","423",207973,208061,88,"n","n","319","51","n","Input"
"424","424","424",208252,208299,47,"Backspace","Backspace","318","51","n","Remove/Cut"
"425","425","425",208377,208441,64,"Backspace","Backspace","317","51","i","Remove/Cut"
"426","426","426",208521,208577,56,"Backspace","Backspace","316","51","t","Remove/Cut"
"427","427","427",208649,208729,80,"Backspace","Backspace","315","51","s","Remove/Cut"
"428","428","428",208886,208962,76,"Backspace","Backspace","314","51","e","Remove/Cut"
"429","429","429",209119,209191,72,"a","a","315","51","a","Input"
"430","430","430",209287,209368,81,"t","t","316","51","t","Input"
"431","431","431",209350,209457,107,"i","i","317","51","i","Input"
"432","432","432",209421,209509,88,"n","n","318","51","n","Input"
"433","433","433",209550,209627,77,"g","g","319","51","g","Input"
"434","434","434",209624,209715,91,"Space","Space","320","51"," ","Input"
"435","435","435",209917,210016,99,"m","m","321","52","m","Input"
"436","436","436",209993,210092,99,"a","a","322","52","a","Input"
"437","437","437",210137,210214,77,"t","t","323","52","t","Input"
"438","438","438",210266,210372,106,"e","e","324","52","e","Input"
"439","439","439",210333,210437,104,"r","r","325","52","r","Input"
"440","440","440",210427,210508,81,"i","i","326","52","i","Input"
"441","441","441",210549,210610,61,"a","a","327","52","a","Input"
"442","442","442",210648,210738,90,"l","l","328","52","l","Input"
"443","443","443",210720,210824,104,"Space","Space","329","52"," ","Input"
"444","444","444",210910,210963,53,"p","p","330","53","p","Input"
"445","445","445",211060,211132,72,"o","o","331","53","o","Input"
"446","446","446",211144,211228,84,"s","s","332","53","s","Input"
"447","447","447",211628,211712,84,"e","e","333","53","e","Input"
"448","448","448",211800,211919,119,"e","e","334","53","e","Input"
"449","449","449",211884,212015,131,"s","s","335","53","s","Input"
"450","450","450",212083,212180,97,"s","s","336","53","s","Input"
"451","451","451",212193,212282,89,"i","i","337","53","i","Input"
"452","452","452",212255,212365,110,"o","o","338","53","o","Input"
"453","453","453",212427,212509,82,"n","n","339","53","n","Input"
"454","454","454",212547,212617,70,"s","s","340","53","s","Input"
"455","455","455",212624,212700,76,"Space","Space","341","53"," ","Input"
"456","456","456",212807,212905,98,"w","w","342","54","w","Input"
"457","457","457",212875,212972,97,"i","i","343","54","i","Input"
"458","458","458",213017,213100,83,"t","t","344","54","t","Input"
"459","459","459",213039,213150,111,"h","h","345","54","h","Input"
"460","460","460",213227,213317,90,"Space","Space","346","54"," ","Input"
"461","461","461",213321,213397,76,"h","h","347","55","h","Input"
"462","462","462",213394,213510,116,"a","a","348","55","a","Input"
"463","463","463",213549,213574,25,"p","p","349","55","p","Input"
"464","464","464",213628,213693,65,"p","p","350","55","p","Input"
"465","465","465",213792,213938,146,"i","i","351","55","i","Input"
"466","466","466",213892,214000,108,"n","n","352","55","n","Input"
"467","467","467",213928,214066,138,"e","e","353","55","e","Input"
"468","468","468",214001,214117,116,"s","s","354","55","s","Input"
"469","469","469",214190,214290,100,"s","s","355","55","s","Input"
"470","470","470",214338,214420,82,".",".","356","55",".","Input"
"471","471","471",214611,214666,55,"Space","Space","357","55"," ","Input"
"472","472","472",214735,214807,72,"Space","Space","358","55"," ","Input"
"473","473","473",216325,216393,68,"Leftclick","Leftclick","335","55","NoChange","Nonproduction"
"474","474","474",216711,216770,59,"Backspace","Backspace","334","55","s","Remove/Cut"
"475","475","475",217156,217220,64,"Backspace","Backspace","333","55","e","Remove/Cut"
"476","476","476",217629,217721,92,"ArrowRight","ArrowRight","334","55","NoChange","Nonproduction"
"477","477","477",217980,218072,92,"s","s","335","55","s","Input"
"478","478","478",234515,234621,106,"Leftclick","Leftclick","357","55","NoChange","Nonproduction"
"479","479","479",235030,235030,0,"Shift","Shift","357","55","NoChange","Nonproduction"
"480","480","480",235134,235267,133,"S","s","358","56","S","Input"
"481","481","481",235268,235318,50,"o","o","359","56","o","Input"
"482","482","482",235365,235436,71,"c","c","360","56","c","Input"
"483","483","483",235431,235500,69,"i","i","361","56","i","Input"
"484","484","484",235549,235623,74,"a","a","362","56","a","Input"
"485","485","485",235624,235737,113,"l","l","363","56","l","Input"
"486","486","486",235720,235820,100,"Space","Space","364","56"," ","Input"
"487","487","487",235870,235975,105,"m","m","365","57","m","Input"
"488","488","488",235925,236015,90,"e","e","366","57","e","Input"
"489","489","489",236156,236265,109,"d","d","367","57","d","Input"
"490","490","490",236317,236398,81,"i","i","368","57","i","Input"
"491","491","491",236480,236576,96,"a","a","369","57","a","Input"
"492","492","492",236615,236684,69,"Space","Space","370","57"," ","Input"
"493","493","493",237827,237891,64,"h","h","371","58","h","Input"
"494","494","494",237933,238041,108,"a","a","372","58","a","Input"
"495","495","495",238003,238089,86,"s","s","373","58","s","Input"
"496","496","496",238038,238149,111,"Space","Space","374","58"," ","Input"
"497","497","497",239296,239352,56,"Backspace","Backspace","373","58"," ","Remove/Cut"
"498","498","498",239441,239485,44,"Backspace","Backspace","372","58","s","Remove/Cut"
"499","499","499",239585,239628,43,"Backspace","Backspace","371","58","a","Remove/Cut"
"500","500","500",239715,239762,47,"Backspace","Backspace","370","57","h","Remove/Cut"
"501","501","501",240007,240057,50,"o","o","371","58","o","Input"
"502","502","502",240112,240216,104,"s","s","372","58","s","Input"
"503","503","503",240266,240324,58,"Space","Space","373","58"," ","Input"
"504","504","504",240563,240614,51,"Backspace","Backspace","372","58"," ","Remove/Cut"
"505","505","505",240700,240751,51,"Backspace","Backspace","371","58","s","Remove/Cut"
"506","506","506",240819,240892,73,"Backspace","Backspace","370","57","o","Remove/Cut"
"507","507","507",241160,241212,52,"i","i","371","58","i","Input"
"508","508","508",241387,241474,87,"s","s","372","58","s","Input"
"509","509","509",241443,241534,91,"Space","Space","373","58"," ","Input"
"510","510","510",243525,243576,51,"p","p","374","59","p","Input"
"511","511","511",243626,243782,156,"a","a","375","59","a","Input"
"512","512","512",243721,243832,111,"r","r","376","59","r","Input"
"513","513","513",243945,243980,35,"t","t","377","59","t","Input"
"514","514","514",244120,244188,68,"y","y","378","59","y","Input"
"515","515","515",244232,244292,60,"Space","Space","379","59"," ","Input"
"516","516","516",244785,244841,56,"Backspace","Backspace","378","59"," ","Remove/Cut"
"517","517","517",244909,244973,64,"Backspace","Backspace","377","59","y","Remove/Cut"
"518","518","518",245123,245214,91,"l","l","378","59","l","Input"
"519","519","519",245305,245373,68,"t","t","379","59","t","Input"
"520","520","520",245415,245439,24,"Space","Space","380","59"," ","Input"
"521","521","521",245637,245701,64,"t","t","381","60","t","Input"
"522","522","522",245750,245788,38,"o","o","382","60","o","Input"
"523","523","523",245884,245977,93,"Space","Space","383","60"," ","Input"
"524","524","524",246327,246370,43,"Backspace","Backspace","382","60"," ","Remove/Cut"
"525","525","525",246452,246508,56,"Backspace","Backspace","381","60","o","Remove/Cut"
"526","526","526",246597,246649,52,"Backspace","Backspace","380","59","t","Remove/Cut"
"527","527","527",246721,246781,60,"Backspace","Backspace","379","59"," ","Remove/Cut"
"528","528","528",246855,246935,80,"Backspace","Backspace","378","59","t","Remove/Cut"
"529","529","529",247709,247759,50,"y","y","379","59","y","Input"
"530","530","530",247745,247820,75,"Space","Space","380","59"," ","Input"
"531","531","531",247867,247942,75,"t","t","381","60","t","Input"
"532","532","532",247889,247982,93,"o","o","382","60","o","Input"
"533","533","533",248033,248093,60,"Space","Space","383","60"," ","Input"
"534","534","534",248172,248228,56,"b","b","384","61","b","Input"
"535","535","535",248341,248417,76,"l","l","385","61","l","Input"
"536","536","536",248466,248533,67,"a","a","386","61","a","Input"
"537","537","537",248530,248605,75,"m","m","387","61","m","Input"
"538","538","538",248650,248696,46,"e","e","388","61","e","Input"
"539","539","539",248697,248771,74,"Space","Space","389","61"," ","Input"
"540","540","540",248815,248887,72,"f","f","390","62","f","Input"
"541","541","541",248842,248933,91,"o","o","391","62","o","Input"
"542","542","542",248933,249023,90,"r","r","392","62","r","Input"
"543","543","543",248998,249073,75,"Space","Space","393","62"," ","Input"
"544","544","544",249068,249170,102,"t","t","394","63","t","Input"
"545","545","545",249216,249284,68,"h","h","395","63","h","Input"
"546","546","546",249332,249422,90,"s","s","396","63","s","Input"
"547","547","547",249641,249697,56,"=","=","397","63","=","Input"
"548","548","548",250060,250096,36,"i","i","398","63","i","Input"
"549","549","549",250361,250407,46,"Backspace","Backspace","397","63","i","Remove/Cut"
"550","550","550",250500,250552,52,"Backspace","Backspace","396","63","=","Remove/Cut"
"551","551","551",250639,250701,62,"Backspace","Backspace","395","63","s","Remove/Cut"
"552","552","552",251136,251191,55,"i","i","396","63","i","Input"
"553","553","553",251234,251316,82,"s","s","397","63","s","Input"
"554","554","554",251784,251868,84,".",".","398","63",".","Input"
"555","555","555",252003,252067,64,"Space","Space","399","63"," ","Input"
"556","556","556",252138,252222,84,"Space","Space","400","63"," ","Input"
"557","557","557",252457,252457,0,"Shift","Shift","400","63","NoChange","Nonproduction"
"558","558","558",252558,252664,106,"G","g","401","64","G","Input"
"559","559","559",252716,252793,77,"o","o","402","64","o","Input"
"560","560","560",252776,252856,80,"n","n","403","64","n","Input"
"561","561","561",252833,252919,86,"e","e","404","64","e","Input"
"562","562","562",252966,253028,62,"Space","Space","405","64"," ","Input"
"563","563","563",253315,253383,68,"Backspace","Backspace","404","64"," ","Remove/Cut"
"564","564","564",253463,253535,72,"Backspace","Backspace","403","64","e","Remove/Cut"
"565","565","565",253618,253689,71,"Backspace","Backspace","402","64","n","Remove/Cut"
"566","566","566",253778,253854,76,"Backspace","Backspace","401","64","o","Remove/Cut"
"567","567","567",257033,257170,137,"o","o","402","64","o","Input"
"568","568","568",257136,257218,82,"n","n","403","64","n","Input"
"569","569","569",257227,257306,79,"e","e","404","64","e","Input"
"570","570","570",257311,257391,80,"Space","Space","405","64"," ","Input"
"571","571","571",257377,257592,215,"a","a","406","65","a","Input"
"572","572","572",257469,257654,185,"r","r","407","65","r","Input"
"573","573","573",257631,257756,125,"e","e","408","65","e","Input"
"574","574","574",257799,257868,69,"Space","Space","409","65"," ","Input"
"575","575","575",257822,257926,104,"t","t","410","66","t","Input"
"576","576","576",257966,257994,28,"h","h","411","66","h","Input"
"577","577","577",257971,258055,84,"e","e","412","66","e","Input"
"578","578","578",258097,258188,91,"Space","Space","413","66"," ","Input"
"579","579","579",258234,258370,136,"d","d","414","67","d","Input"
"580","580","580",258303,258425,122,"a","a","415","67","a","Input"
"581","581","581",258472,258534,62,"y","y","416","67","y","Input"
"582","582","582",258582,258666,84,"s","s","417","67","s","Input"
"583","583","583",258775,258858,83,"Space","Space","418","67"," ","Input"
"584","584","584",258940,259008,68,"o","o","419","68","o","Input"
"585","585","585",259050,259139,89,"f","f","420","68","f","Input"
"586","586","586",259135,259228,93,"Space","Space","421","68"," ","Input"
"587","587","587",259655,259763,108,"c","c","422","69","c","Input"
"588","588","588",259848,260038,190,"a","a","423","69","a","Input"
"589","589","589",259985,260083,98,"r","r","424","69","r","Input"
"590","590","590",260502,260579,77,"r","r","425","69","r","Input"
"591","591","591",260633,260668,35,"e","e","426","69","e","Input"
"592","592","592",260861,260916,55,"Backspace","Backspace","425","69","e","Remove/Cut"
"593","593","593",260985,261053,68,"Backspace","Backspace","424","69","r","Remove/Cut"
"594","594","594",261039,261122,83,"e","e","425","69","e","Input"
"595","595","595",261166,261238,72,"f","f","426","69","f","Input"
"596","596","596",261322,261421,99,"r","r","427","69","r","Input"
"597","597","597",261387,261503,116,"e","e","428","69","e","Input"
"598","598","598",261568,261652,84,"e","e","429","69","e","Input"
"599","599","599",261700,261742,42,"Space","Space","430","69"," ","Input"
"600","600","600",262610,262733,123,"o","o","431","70","o","Input"
"601","601","601",262678,262784,106,"u","u","432","70","u","Input"
"602","602","602",262782,262831,49,"t","t","433","70","t","Input"
"603","603","603",262885,262969,84,"s","s","434","70","s","Input"
"604","604","604",262955,263024,69,"i","i","435","70","i","Input"
"605","605","605",263063,263149,86,"d","d","436","70","d","Input"
"606","606","606",263102,263199,97,"e","e","437","70","e","Input"
"607","607","607",263197,263249,52,"Space","Space","438","70"," ","Input"
"608","608","608",263414,263491,77,"t","t","439","71","t","Input"
"609","609","609",263469,263559,90,"i","i","440","71","i","Input"
"610","610","610",263536,263607,71,"m","m","441","71","m","Input"
"611","611","611",263599,263693,94,"e","e","442","71","e","Input"
"612","612","612",263694,263768,74,"Space","Space","443","71"," ","Input"
"613","613","613",263820,263916,96,"f","f","444","72","f","Input"
"614","614","614",263890,263980,90,"o","o","445","72","o","Input"
"615","615","615",264033,264091,58,"r","r","446","72","r","Input"
"616","616","616",264129,264183,54,"Space","Space","447","72"," ","Input"
"617","617","617",264355,264446,91,"k","k","448","73","k","Input"
"618","618","618",264510,264591,81,"i","i","449","73","i","Input"
"619","619","619",264638,264799,161,"d","d","450","73","d","Input"
"620","620","620",264739,264846,107,"s","s","451","73","s","Input"
"621","621","621",266354,266426,72,".",".","452","73",".","Input"
"622","622","622",266686,266762,76,"Space","Space","453","73"," ","Input"
"623","623","623",266830,266917,87,"Space","Space","454","73"," ","Input"
"624","624","624",266962,266962,0,"Shift","Shift","454","73","NoChange","Nonproduction"
"625","625","625",267034,267161,127,"E","e","455","74","E","Input"
"626","626","626",267212,267283,71,"t","t","456","74","t","Input"
"627","627","627",267327,267389,62,"n","n","457","74","n","Input"
"628","628","628",267811,267870,59,"Backspace","Backspace","456","74","n","Remove/Cut"
"629","629","629",267946,268022,76,"Backspace","Backspace","455","74","t","Remove/Cut"
"630","630","630",268620,268687,67,"n","n","456","74","n","Input"
"631","631","631",268728,268820,92,"t","t","457","74","t","Input"
"632","632","632",268818,268948,130,"e","e","458","74","e","Input"
"633","633","633",268917,269016,99,"r","r","459","74","r","Input"
"634","634","634",268993,269060,67,"Space","Space","460","74"," ","Input"
"635","635","635",274709,274745,36,"i","i","461","75","i","Input"
"636","636","636",274831,274908,77,"p","p","462","75","p","Input"
"637","637","637",274959,275040,81,"a","a","463","75","a","Input"
"638","638","638",275006,275213,207,"d","d","464","75","d","Input"
"639","639","639",275202,275285,83,"s","s","465","75","s","Input"
"640","640","640",275789,275940,151,",",",","466","75",",","Input"
"641","641","641",275896,275992,96,"Space","Space","467","75"," ","Input"
"642","642","642",278510,278612,102,"Leftclick","Leftclick","451","75","NoChange","Nonproduction"
"643","643","643",279150,279293,143,",",",","452","75",",","Input"
"644","644","644",279258,279352,94,"Space","Space","453","75"," ","Input"
"645","645","645",279416,279539,123,"a","a","454","76","a","Input"
"646","646","646",279517,279611,94,"n","n","455","76","n","Input"
"647","647","647",279591,279729,138,"d","d","456","76","d","Input"
"648","648","648",279730,279816,86,"Space","Space","457","76"," ","Input"
"649","649","649",284335,284393,58,"Backspace","Backspace","456","76"," ","Remove/Cut"
"650","650","650",284462,284547,85,"Backspace","Backspace","455","76","d","Remove/Cut"
"651","651","651",285160,285276,116,"d","d","456","76","d","Input"
"652","652","652",285263,285344,81,"Space","Space","457","76"," ","Input"
"653","653","653",285674,285775,101,"o","o","458","77","o","Input"
"654","654","654",285723,285816,93,"p","p","459","77","p","Input"
"655","655","655",285863,285909,46,"e","e","460","77","e","Input"
"656","656","656",285953,285989,36,"n","n","461","77","n","Input"
"657","657","657",286088,286168,80,"Space","Space","462","77"," ","Input"
"658","658","658",287204,287274,70,"t","t","463","78","t","Input"
"659","659","659",287264,287393,129,"i","i","464","78","i","Input"
"660","660","660",287372,287471,99,"m","m","465","78","m","Input"
"661","661","661",287757,287848,91,"e","e","466","78","e","Input"
"662","662","662",288074,288166,92,"Space","Space","467","78"," ","Input"
"663","663","663",288222,288320,98,"f","f","468","79","f","Input"
"664","664","664",288286,288371,85,"o","o","469","79","o","Input"
"665","665","665",288380,288475,95,"r","r","470","79","r","Input"
"666","666","666",288456,288560,104,"Space","Space","471","79"," ","Input"
"667","667","667",288604,288737,133,"a","a","472","80","a","Input"
"668","668","668",288682,288810,128,"d","d","473","80","d","Input"
"669","669","669",288796,288861,65,"u","u","474","80","u","Input"
"670","670","670",288985,289069,84,"l","l","475","80","l","Input"
"671","671","671",289121,289209,88,"t","t","476","80","t","Input"
"672","672","672",289174,289266,92,"s","s","477","80","s","Input"
"673","673","673",290419,290492,73,"Leftclick","Leftclick","493","80","NoChange","Nonproduction"
"674","674","674",292331,292394,63,"l","l","494","81","l","Input"
"675","675","675",293709,293769,60,"Backspace","Backspace","493","80","l","Remove/Cut"
"676","676","676",293870,293938,68,"t","t","494","81","t","Input"
"677","677","677",293995,294110,115,"a","a","495","81","a","Input"
"678","678","678",294084,294154,70,"b","b","496","81","b","Input"
"679","679","679",294258,294338,80,"l","l","497","81","l","Input"
"680","680","680",294451,294547,96,"e","e","498","81","e","Input"
"681","681","681",294692,294796,104,"t","t","499","81","t","Input"
"682","682","682",294900,295003,103,"s","s","500","81","s","Input"
"683","683","683",295053,295319,266,",",",","501","81",",","Input"
"684","684","684",295155,295256,101,"Space","Space","502","81"," ","Input"
"685","685","685",295857,295917,60,"f","f","503","82","f","Input"
"686","686","686",295970,296062,92,"a","a","504","82","a","Input"
"687","687","687",296172,296258,86,"c","c","505","82","c","Input"
"688","688","688",296240,296306,66,"e","e","506","82","e","Input"
"689","689","689",296353,296395,42,"b","b","507","82","b","Input"
"690","690","690",296495,296547,52,"o","o","508","82","o","Input"
"691","691","691",296613,296744,131,"o","o","509","82","o","Input"
"692","692","692",296689,296787,98,"k","k","510","82","k","Input"
"693","693","693",296920,297076,156,",",",","511","82",",","Input"
"694","694","694",297025,297120,95,"Space","Space","512","82"," ","Input"
"695","695","695",297443,297546,103,"t","t","513","83","t","Input"
"696","696","696",299710,299785,75,"Backspace","Backspace","512","82","t","Remove/Cut"
"697","697","697",300223,300223,0,"Shift","Shift","512","82","NoChange","Nonproduction"
"698","698","698",300324,300439,115,"T","T","513","83","T","Input"
"699","699","699",301401,301508,107,"w","w","514","83","w","Input"
"700","700","700",301608,301662,54,"i","i","515","83","i","Input"
"701","701","701",301659,301713,54,"t","t","516","83","t","Input"
"702","702","702",301792,301877,85,"t","t","517","83","t","Input"
"703","703","703",301860,302015,155,"e","e","518","83","e","Input"
"704","704","704",302070,302212,142,",",",","519","83",",","Input"
"705","705","705",302153,302270,117,"Space","Space","520","83"," ","Input"
"706","706","706",302509,302561,52,"Backspace","Backspace","519","83"," ","Remove/Cut"
"707","707","707",302625,302697,72,"Backspace","Backspace","518","83",",","Remove/Cut"
"708","708","708",302736,302829,93,"r","r","519","83","r","Input"
"709","709","709",302879,303036,157,",",",","520","83",",","Input"
"710","710","710",302961,303086,125,"Space","Space","521","83"," ","Input"
"711","711","711",303135,303135,0,"Shift","Shift","521","83","NoChange","Nonproduction"
"712","712","712",303184,303287,103,"I","i","522","84","I","Input"
"713","713","713",303335,303407,72,"n","n","523","84","n","Input"
"714","714","714",303389,303485,96,"s","s","524","84","s","Input"
"715","715","715",303571,303635,64,"t","t","525","84","t","Input"
"716","716","716",303686,303782,96,"a","a","526","84","a","Input"
"717","717","717",303796,303951,155,"g","g","527","84","g","Input"
"718","718","718",303905,304024,119,"r","r","528","84","r","Input"
"719","719","719",304096,304210,114,"a","a","529","84","a","Input"
"720","720","720",304171,304252,81,"m","m","530","84","m","Input"
"721","721","721",306124,306212,88,"Leftclick","Leftclick","503","84","NoChange","Nonproduction"
"722","722","722",306624,306692,68,"=","=","504","84","=","Input"
"723","723","723",306750,306750,0,"Shift","Shift","504","84","NoChange","Nonproduction"
"724","724","724",306843,306966,123,"F","F","505","84","F","Input"
"725","725","725",307296,307348,52,"Backspace","Backspace","504","84","F","Remove/Cut"
"726","726","726",307421,307515,94,"Backspace","Backspace","503","84","=","Remove/Cut"
"727","727","727",307570,307651,81,"Backspace","Backspace","502","84","f","Remove/Cut"
"728","728","728",307750,307750,0,"Shift","Shift","502","84","NoChange","Nonproduction"
"729","729","729",307813,307941,128,"F","F","503","84","F","Input"
"730","730","730",308765,308853,88,"Leftclick","Leftclick","530","84","NoChange","Nonproduction"
"731","731","731",309239,309374,135,",",",","531","84",",","Input"
"732","732","732",309327,309420,93,"Space","Space","532","84"," ","Input"
"733","733","733",309421,309563,142,"e","e","533","85","e","Input"
"734","734","734",309515,309601,86,"t","t","534","85","t","Input"
"735","735","735",309767,309847,80,"c","c","535","85","c","Input"
"736","736","736",309892,309993,101,".",".","536","85",".","Input"
"737","737","737",310168,310239,71,"Space","Space","537","85"," ","Input"
"738","738","738",310550,310636,86,"Space","Space","538","85"," ","Input"
"739","739","739",311230,311230,0,"Shift","Shift","538","85","NoChange","Nonproduction"
"740","740","740",311275,311357,82,"P","p","539","86","P","Input"
"741","741","741",311439,311518,79,"e","e","540","86","e","Input"
"742","742","742",311492,311574,82,"o","o","541","86","o","Input"
"743","743","743",311569,311693,124,"p","p","542","86","p","Input"
"744","744","744",311676,311738,62,"l","l","543","86","l","Input"
"745","745","745",311786,311853,67,"e","e","544","86","e","Input"
"746","746","746",311857,311937,80,"Space","Space","545","86"," ","Input"
"747","747","747",312009,312136,127,"f","f","546","87","f","Input"
"748","748","748",312093,312200,107,"e","e","547","87","e","Input"
"749","749","749",312276,312376,100,"e","e","548","87","e","Input"
"750","750","750",312291,312418,127,"l","l","549","87","l","Input"
"751","751","751",312469,312551,82,"Space","Space","550","87"," ","Input"
"752","752","752",312530,312633,103,"t","t","551","88","t","Input"
"753","753","753",312608,312687,79,"h","h","552","88","h","Input"
"754","754","754",312696,312801,105,"e","e","553","88","e","Input"
"755","755","755",312740,312850,110,"Space","Space","554","88"," ","Input"
"756","756","756",312903,312956,53,"n","n","555","89","n","Input"
"757","757","757",312952,313036,84,"e","e","556","89","e","Input"
"758","758","758",313090,313239,149,"e","e","557","89","e","Input"
"759","759","759",313243,313315,72,"Space","Space","558","89"," ","Input"
"760","760","760",313624,313679,55,"Backspace","Backspace","557","89"," ","Remove/Cut"
"761","761","761",313718,313800,82,"d","d","558","89","d","Input"
"762","762","762",313853,313913,60,"Space","Space","559","89"," ","Input"
"763","763","763",313951,314023,72,"t","t","560","90","t","Input"
"764","764","764",314011,314077,66,"o","o","561","90","o","Input"
"765","765","765",314193,314307,114,"Space","Space","562","90"," ","Input"
"766","766","766",314422,314533,111,"a","a","563","91","a","Input"
"767","767","767",315293,315385,92,"c","c","564","91","c","Input"
"768","768","768",315603,315700,97,"q","q","565","91","q","Input"
"769","769","769",315764,315898,134,"u","u","566","91","u","Input"
"770","770","770",315859,315955,96,"i","i","567","91","i","Input"
"771","771","771",315953,316096,143,"r","r","568","91","r","Input"
"772","772","772",316039,316179,140,"e","e","569","91","e","Input"
"773","773","773",316217,316291,74,"Space","Space","570","91"," ","Input"
"774","774","774",316337,316428,91,"t","t","571","92","t","Input"
"775","775","775",316422,316496,74,"h","h","572","92","h","Input"
"776","776","776",316468,316608,140,"i","i","573","92","i","Input"
"777","777","777",316603,316707,104,"n","n","574","92","n","Input"
"778","778","778",316694,316833,139,"g","g","575","92","g","Input"
"779","779","779",316790,316892,102,"s","s","576","92","s","Input"
"780","780","780",318034,318121,87,"Space","Space","577","92"," ","Input"
"781","781","781",318199,318355,156,"a","a","578","93","a","Input"
"782","782","782",318311,318403,92,"n","n","579","93","n","Input"
"783","783","783",318454,318536,82,"d","d","580","93","d","Input"
"784","784","784",318585,318628,43,"Space","Space","581","93"," ","Input"
"785","785","785",319550,319614,64,"p","p","582","94","p","Input"
"786","786","786",319712,319780,68,"o","o","583","94","o","Input"
"787","787","787",319872,320019,147,"s","s","584","94","s","Input"
"788","788","788",319984,320072,88,"t","t","585","94","t","Input"
"789","789","789",320070,320118,48,"Space","Space","586","94"," ","Input"
"790","790","790",320169,320230,61,"t","t","587","95","t","Input"
"791","791","791",320202,320276,74,"h","h","588","95","h","Input"
"792","792","792",320317,320390,73,"e","e","589","95","e","Input"
"793","793","793",320436,320488,52,"m","m","590","95","m","Input"
"794","794","794",320592,320673,81,"Space","Space","591","95"," ","Input"
"795","795","795",321226,321336,110,"o","o","592","96","o","Input"
"796","796","796",321298,321386,88,"n","n","593","96","n","Input"
"797","797","797",321443,321524,81,"Space","Space","594","96"," ","Input"
"798","798","798",321512,321604,92,"s","s","595","97","s","Input"
"799","799","799",321653,321694,41,"o","o","596","97","o","Input"
"800","800","800",321734,321821,87,"c","c","597","97","c","Input"
"801","801","801",321825,321894,69,"i","i","598","97","i","Input"
"802","802","802",321938,322057,119,"a","a","599","97","a","Input"
"803","803","803",322040,322128,88,"l","l","600","97","l","Input"
"804","804","804",322168,322226,58,"Space","Space","601","97"," ","Input"
"805","805","805",322284,322360,76,"m","m","602","98","m","Input"
"806","806","806",322317,322457,140,"e","e","603","98","e","Input"
"807","807","807",322408,322550,142,"d","d","604","98","d","Input"
"808","808","808",322601,322655,54,"i","i","605","98","i","Input"
"809","809","809",322702,322784,82,"a","a","606","98","a","Input"
"810","810","810",322898,322974,76,".",".","607","98",".","Input"
"811","811","811",323141,323209,68,"Space","Space","608","98"," ","Input"
"812","812","812",323356,323415,59,"Space","Space","609","98"," ","Input"
"813","813","813",323825,323825,0,"Shift","Shift","609","98","NoChange","Nonproduction"
"814","814","814",323918,324087,169,"T","t","610","99","T","Input"
"815","815","815",324084,324136,52,"h","h","611","99","h","Input"
"816","816","816",324090,324200,110,"i","i","612","99","i","Input"
"817","817","817",324252,324324,72,"s","s","613","99","s","Input"
"818","818","818",324368,324436,68,"Space","Space","614","99"," ","Input"
"819","819","819",325000,325059,59,"Backspace","Backspace","613","99"," ","Remove/Cut"
"820","820","820",325136,325200,64,"Backspace","Backspace","612","99","s","Remove/Cut"
"821","821","821",325289,325344,55,"Backspace","Backspace","611","99","i","Remove/Cut"
"822","822","822",325427,325491,64,"Backspace","Backspace","610","99","h","Remove/Cut"
"823","823","823",325556,325637,81,"Backspace","Backspace","609","98","T","Remove/Cut"
"824","824","824",326086,326086,0,"Shift","Shift","609","98","NoChange","Nonproduction"
"825","825","825",326136,326204,68,"P","P","610","99","P","Input"
"826","826","826",326310,326429,119,"e","e","611","99","e","Input"
"827","827","827",326431,326512,81,"o","o","612","99","o","Input"
"828","828","828",326484,326598,114,"p","p","613","99","p","Input"
"829","829","829",326653,326720,67,"l","l","614","99","l","Input"
"830","830","830",326770,326830,60,"e","e","615","99","e","Input"
"831","831","831",326845,326947,102,"Space","Space","616","99"," ","Input"
"832","832","832",326917,327037,120,"c","c","617","100","c","Input"
"833","833","833",327121,327204,83,"r","r","618","100","r","Input"
"834","834","834",327460,327555,95,"a","a","619","100","a","Input"
"835","835","835",327686,327812,126,"v","v","620","100","v","Input"
"836","836","836",327795,327874,79,"e","e","621","100","e","Input"
"837","837","837",327919,327981,62,"Space","Space","622","100"," ","Input"
"838","838","838",327987,328068,81,"t","t","623","101","t","Input"
"839","839","839",328065,328127,62,"h","h","624","101","h","Input"
"840","840","840",328125,328210,85,"e","e","625","101","e","Input"
"841","841","841",328193,328313,120,"Space","Space","626","101"," ","Input"
"842","842","842",328351,328446,95,"a","a","627","102","a","Input"
"843","843","843",328646,328726,80,"t","t","628","102","t","Input"
"844","844","844",328801,328885,84,"t","t","629","102","t","Input"
"845","845","845",328936,329026,90,"e","e","630","102","e","Input"
"846","846","846",329028,329102,74,"n","n","631","102","n","Input"
"847","847","847",329104,329214,110,"t","t","632","102","t","Input"
"848","848","848",329227,329358,131,"i","i","633","102","i","Input"
"849","849","849",329331,329418,87,"o","o","634","102","o","Input"
"850","850","850",329855,329923,68,"n","n","635","102","n","Input"
"851","851","851",330093,330168,75,"Space","Space","636","102"," ","Input"
"852","852","852",332897,332977,80,"t","t","637","103","t","Input"
"853","853","853",333019,333080,61,"h","h","638","103","h","Input"
"854","854","854",333074,333210,136,"a","a","639","103","a","Input"
"855","855","855",333138,333249,111,"t","t","640","103","t","Input"
"856","856","856",333212,333304,92,"Space","Space","641","103"," ","Input"
"857","857","857",333355,333465,110,"c","c","642","104","c","Input"
"858","858","858",333397,333523,126,"o","o","643","104","o","Input"
"859","859","859",333518,333570,52,"m","m","644","104","m","Input"
"860","860","860",333568,333697,129,"e","e","645","104","e","Input"
"861","861","861",333628,333763,135,"s","s","646","104","s","Input"
"862","862","862",333753,333812,59,"Space","Space","647","104"," ","Input"
"863","863","863",333801,333949,148,"f","f","648","105","f","Input"
"864","864","864",333894,334027,133,"r","r","649","105","r","Input"
"865","865","865",334001,334070,69,"o","o","650","105","o","Input"
"866","866","866",334067,334119,52,"m","m","651","105","m","Input"
"867","867","867",334191,334275,84,"Space","Space","652","105"," ","Input"
"868","868","868",334357,334453,96,"h","h","653","106","h","Input"
"869","869","869",334648,334727,79,"a","a","654","106","a","Input"
"870","870","870",334690,334775,85,"v","v","655","106","v","Input"
"871","871","871",335290,335405,115,"i","i","656","106","i","Input"
"872","872","872",335374,335463,89,"n","n","657","106","n","Input"
"873","873","873",335519,335572,53,"g","g","658","106","g","Input"
"874","874","874",335918,336009,91,"Space","Space","659","106"," ","Input"
"875","875","875",337746,337837,91,"m","m","660","107","m","Input"
"876","876","876",337834,337933,99,"o","o","661","107","o","Input"
"877","877","877",337984,338103,119,"r","r","662","107","r","Input"
"878","878","878",338056,338153,97,"e","e","663","107","e","Input"
"879","879","879",338200,338251,51,"Space","Space","664","107"," ","Input"
"880","880","880",338658,338837,179,"s","s","665","108","s","Input"
"881","881","881",338789,338885,96,"t","t","666","108","t","Input"
"882","882","882",339382,339441,59,"Backspace","Backspace","665","108","t","Remove/Cut"
"883","883","883",339528,339583,55,"Backspace","Backspace","664","107","s","Remove/Cut"
"884","884","884",339675,339735,60,"Backspace","Backspace","663","107"," ","Remove/Cut"
"885","885","885",340029,340093,64,"Backspace","Backspace","662","107","e","Remove/Cut"
"886","886","886",340181,340236,55,"Backspace","Backspace","661","107","r","Remove/Cut"
"887","887","887",340330,340380,50,"Backspace","Backspace","660","107","o","Remove/Cut"
"888","888","888",340480,340535,55,"Backspace","Backspace","659","106","m","Remove/Cut"
"889","889","889",340634,340697,63,"Backspace","Backspace","658","106"," ","Remove/Cut"
"890","890","890",341029,341116,87,"Space","Space","659","106"," ","Input"
"891","891","891",341188,341367,179,"s","s","660","107","s","Input"
"892","892","892",341330,341418,88,"t","t","661","107","t","Input"
"893","893","893",341424,341498,74,"u","u","662","107","u","Input"
"894","894","894",341551,341613,62,"f","f","663","107","f","Input"
"895","895","895",341664,341778,114,"f","f","664","107","f","Input"
"896","896","896",342838,342944,106,",",",","665","107",",","Input"
"897","897","897",342915,343021,106,"Space","Space","666","107"," ","Input"
"898","898","898",343200,343352,152,"a","a","667","108","a","Input"
"899","899","899",343304,343401,97,"n","n","668","108","n","Input"
"900","900","900",343527,343625,98,"d","d","669","108","d","Input"
"901","901","901",343620,343703,83,"Space","Space","670","108"," ","Input"
"902","902","902",344304,344391,87,"s","s","671","109","s","Input"
"903","903","903",344436,344470,34,"o","o","672","109","o","Input"
"904","904","904",344518,344607,89,"c","c","673","109","c","Input"
"905","905","905",344593,344659,66,"i","i","674","109","i","Input"
"906","906","906",344702,344796,94,"a","a","675","109","a","Input"
"907","907","907",344803,344910,107,"l","l","676","109","l","Input"
"908","908","908",344892,344992,100,"Space","Space","677","109"," ","Input"
"909","909","909",345053,345132,79,"m","m","678","110","m","Input"
"910","910","910",345106,345208,102,"e","e","679","110","e","Input"
"911","911","911",345186,345292,106,"d","d","680","110","d","Input"
"912","912","912",345274,345361,87,"i","i","681","110","i","Input"
"913","913","913",345357,345457,100,"a","a","682","110","a","Input"
"914","914","914",345758,345842,84,"Space","Space","683","110"," ","Input"
"915","915","915",345837,345968,131,"a","a","684","111","a","Input"
"916","916","916",345969,346026,57,"l","l","685","111","l","Input"
"917","917","917",346080,346170,90,"l","l","686","111","l","Input"
"918","918","918",346229,346306,77,"o","o","687","111","o","Input"
"919","919","919",346293,346357,64,"w","w","688","111","w","Input"
"920","920","920",346464,346541,77,"s","s","689","111","s","Input"
"921","921","921",346528,346616,88,"Space","Space","690","111"," ","Input"
"922","922","922",346623,346694,71,"t","t","691","112","t","Input"
"923","923","923",346682,346760,78,"h","h","692","112","h","Input"
"924","924","924",346757,346883,126,"a","a","693","112","a","Input"
"925","925","925",346823,346938,115,"t","t","694","112","t","Input"
"926","926","926",346984,347052,68,".",".","695","112",".","Input"
"927","927","927",347177,347233,56,"Space","Space","696","112"," ","Input"
"928","928","928",347297,347366,69,"Space","Space","697","112"," ","Input"
"929","929","929",353137,353194,57,"k","k","698","113","k","Input"
"930","930","930",353274,353334,60,"i","i","699","113","i","Input"
"931","931","931",353806,353871,65,"Backspace","Backspace","698","113","i","Remove/Cut"
"932","932","932",353941,354002,61,"Backspace","Backspace","697","112","k","Remove/Cut"
"933","933","933",354061,354061,0,"Shift","Shift","697","112","NoChange","Nonproduction"
"934","934","934",354184,354240,56,"K","k","698","113","K","Input"
"935","935","935",354327,354386,59,"i","i","699","113","i","Input"
"936","936","936",354464,354592,128,"d","d","700","113","d","Input"
"937","937","937",354536,354645,109,"s","s","701","113","s","Input"
"938","938","938",354638,354724,86,"Space","Space","702","113"," ","Input"
"939","939","939",355215,355283,68,"Backspace","Backspace","701","113"," ","Remove/Cut"
"940","940","940",367591,367616,25,"Backspace","Backspace","700","113","s","Remove/Cut"
"941","941","941",367699,367753,54,"Backspace","Backspace","699","113","d","Remove/Cut"
"942","942","942",367833,367900,67,"Backspace","Backspace","698","113","i","Remove/Cut"
"943","943","943",368063,368139,76,"Backspace","Backspace","697","112","K","Remove/Cut"
"944","944","944",376138,376138,0,"Shift","Shift","697","112","NoChange","Nonproduction"
"945","945","945",376171,376222,51,"K","K","698","113","K","Input"
"946","946","946",376336,376380,44,"i","i","699","113","i","Input"
"947","947","947",376754,376810,56,"Backspace","Backspace","698","113","i","Remove/Cut"
"948","948","948",376879,376942,63,"Backspace","Backspace","697","112","K","Remove/Cut"
"949","949","949",377196,377196,0,"Shift","Shift","697","112","NoChange","Nonproduction"
"950","950","950",377894,377894,0,"Shift","Shift","697","112","NoChange","Nonproduction"
"951","951","951",377943,378002,59,"P","P","698","113","P","Input"
"952","952","952",378579,378686,107,"Backspace","Backspace","697","112","P","Remove/Cut"
"953","953","953",379255,379327,72,"Enter","Enter","698","112","\n","Input"
"954","954","954",379804,379887,83,"Enter","Enter","699","112","\n","Input"
"955","955","955",380241,380241,0,"Shift","Shift","699","112","NoChange","Nonproduction"
"956","956","956",380274,380353,79,"P","P","700","113","P","Input"
"957","957","957",380497,380586,89,"e","e","701","113","e","Input"
"958","958","958",380549,380632,83,"o","o","702","113","o","Input"
"959","959","959",380592,380742,150,"p","p","703","113","p","Input"
"960","960","960",380724,380813,89,"l","l","704","113","l","Input"
"961","961","961",380869,380947,78,"e","e","705","113","e","Input"
"962","962","962",381001,381073,72,"Space","Space","706","113"," ","Input"
"963","963","963",381621,381680,59,"Backspace","Backspace","705","113"," ","Remove/Cut"
"964","964","964",381773,381824,51,"Backspace","Backspace","704","113","e","Remove/Cut"
"965","965","965",381922,381974,52,"Backspace","Backspace","703","113","l","Remove/Cut"
"966","966","966",382063,382126,63,"Backspace","Backspace","702","113","p","Remove/Cut"
"967","967","967",382201,382281,80,"Backspace","Backspace","701","113","o","Remove/Cut"
"968","968","968",382356,382435,79,"Backspace","Backspace","700","113","e","Remove/Cut"
"969","969","969",383225,383336,111,"e","e","701","113","e","Input"
"970","970","970",383383,383441,58,"o","o","702","113","o","Input"
"971","971","971",383414,383543,129,"p","p","703","113","p","Input"
"972","972","972",383586,383649,63,"l","l","704","113","l","Input"
"973","973","973",383662,383748,86,"e","e","705","113","e","Input"
"974","974","974",383801,383896,95,"Space","Space","706","113"," ","Input"
"975","975","975",385003,385070,67,"Backspace","Backspace","705","113"," ","Remove/Cut"
"976","976","976",385141,385201,60,"Backspace","Backspace","704","113","e","Remove/Cut"
"977","977","977",385290,385345,55,"Backspace","Backspace","703","113","l","Remove/Cut"
"978","978","978",385437,385493,56,"Backspace","Backspace","702","113","p","Remove/Cut"
"979","979","979",385583,385638,55,"Backspace","Backspace","701","113","o","Remove/Cut"
"980","980","980",385722,385793,71,"Backspace","Backspace","700","113","e","Remove/Cut"
"981","981","981",385935,386005,70,"Backspace","Backspace","699","112","P","Remove/Cut"
"982","982","982",386218,386218,0,"Shift","Shift","699","112","NoChange","Nonproduction"
"983","983","983",386399,386518,119,"S","s","700","113","S","Input"
"984","984","984",386587,386698,111,"a","a","701","113","a","Input"
"985","985","985",386669,386751,82,"l","l","702","113","l","Input"
"986","986","986",386885,387004,119,"s","s","703","113","s","Input"
"987","987","987",387332,387395,63,"Backspace","Backspace","702","113","s","Remove/Cut"
"988","988","988",387407,387571,164,"e","e","703","113","e","Input"
"989","989","989",387516,387619,103,"s","s","704","113","s","Input"
"990","990","990",388251,388320,69,"Space","Space","705","113"," ","Input"
"991","991","991",388315,388446,131,"a","a","706","114","a","Input"
"992","992","992",388424,388500,76,"n","n","707","114","n","Input"
"993","993","993",388457,388626,169,"d","d","708","114","d","Input"
"994","994","994",388628,388706,78,"Space","Space","709","114"," ","Input"
"995","995","995",391152,391240,88,"p","p","710","115","p","Input"
"996","996","996",391284,391358,74,"r","r","711","115","r","Input"
"997","997","997",391402,391427,25,"o","o","712","115","o","Input"
"998","998","998",391471,391556,85,"d","d","713","115","d","Input"
"999","999","999",391602,391638,36,"u","u","714","115","u","Input"
"1000","1000","1000",392054,392185,131,"c","c","715","115","c","Input"
"1001","1001","1001",392318,392398,80,"t","t","716","115","t","Input"
"1002","1002","1002",392451,392525,74,"i","i","717","115","i","Input"
"1003","1003","1003",392498,392581,83,"o","o","718","115","o","Input"
"1004","1004","1004",392711,392786,75,"n","n","719","115","n","Input"
"1005","1005","1005",393610,393693,83,"Space","Space","720","115"," ","Input"
"1006","1006","1006",393871,393934,63,"o","o","721","116","o","Input"
"1007","1007","1007",393999,394087,88,"f","f","722","116","f","Input"
"1008","1008","1008",394135,394205,70,"Space","Space","723","116"," ","Input"
"1009","1009","1009",395913,395989,76,"m","m","724","117","m","Input"
"1010","1010","1010",396054,396157,103,"a","a","725","117","a","Input"
"1011","1011","1011",396137,396222,85,"n","n","726","117","n","Input"
"1012","1012","1012",396295,396354,59,"y","y","727","117","y","Input"
"1013","1013","1013",396453,396537,84,"Space","Space","728","117"," ","Input"
"1014","1014","1014",396893,396963,70,"i","i","729","118","i","Input"
"1015","1015","1015",397015,397091,76,"t","t","730","118","t","Input"
"1016","1016","1016",397069,397159,90,"e","e","731","118","e","Input"
"1017","1017","1017",397133,397218,85,"m","m","732","118","m","Input"
"1018","1018","1018",397269,397370,101,"s","s","733","118","s","Input"
"1019","1019","1019",397341,397418,77,"Space","Space","734","118"," ","Input"
"1020","1020","1020",397481,397565,84,"h","h","735","119","h","Input"
"1021","1021","1021",397543,397661,118,"a","a","736","119","a","Input"
"1022","1022","1022",397639,397706,67,"v","v","737","119","v","Input"
"1023","1023","1023",397751,397820,69,"e","e","738","119","e","Input"
"1024","1024","1024",397868,397923,55,"Space","Space","739","119"," ","Input"
"1025","1025","1025",397968,398023,55,"s","s","740","120","s","Input"
"1026","1026","1026",398027,398120,93,"k","k","741","120","k","Input"
"1027","1027","1027",398497,398552,55,"y","y","742","120","y","Input"
"1028","1028","1028",398708,398787,79,"r","r","743","120","r","Input"
"1029","1029","1029",398835,398902,67,"o","o","744","120","o","Input"
"1030","1030","1030",398957,399058,101,"c","c","745","120","c","Input"
"1031","1031","1031",399042,399112,70,"k","k","746","120","k","Input"
"1032","1032","1032",399168,399321,153,"e","e","747","120","e","Input"
"1033","1033","1033",399250,399438,188,"t","t","748","120","t","Input"
"1034","1034","1034",399483,399525,42,"e","e","749","120","e","Input"
"1035","1035","1035",399702,399802,100,"d","d","750","120","d","Input"
"1036","1036","1036",399799,399869,70,"Space","Space","751","120"," ","Input"
"1037","1037","1037",399941,400010,69,"o","o","752","121","o","Input"
"1038","1038","1038",400593,400693,100,"v","v","753","121","v","Input"
"1039","1039","1039",400813,400936,123,"e","e","754","121","e","Input"
"1040","1040","1040",400876,400985,109,"r","r","755","121","r","Input"
"1041","1041","1041",400988,401092,104,"Space","Space","756","121"," ","Input"
"1042","1042","1042",401066,401175,109,"t","t","757","122","t","Input"
"1043","1043","1043",401149,401227,78,"h","h","758","122","h","Input"
"1044","1044","1044",401222,401326,104,"e","e","759","122","e","Input"
"1045","1045","1045",401327,401418,91,"Space","Space","760","122"," ","Input"
"1046","1046","1046",401781,401869,88,"p","p","761","123","p","Input"
"1047","1047","1047",401937,402094,157,"a","a","762","123","a","Input"
"1048","1048","1048",402034,402144,110,"s","s","763","123","s","Input"
"1049","1049","1049",402213,402292,79,"t","t","764","123","t","Input"
"1050","1050","1050",402294,402369,75,"Space","Space","765","123"," ","Input"
"1051","1051","1051",403355,403426,71,"f","f","766","124","f","Input"
"1052","1052","1052",403642,403758,116,"e","e","767","124","e","Input"
"1053","1053","1053",403730,403821,91,"w","w","768","124","w","Input"
"1054","1054","1054",403816,403909,93,"Space","Space","769","124"," ","Input"
"1055","1055","1055",403906,403990,84,"d","d","770","125","d","Input"
"1056","1056","1056",404184,404260,76,"e","e","771","125","e","Input"
"1057","1057","1057",404353,404474,121,"c","c","772","125","c","Input"
"1058","1058","1058",404460,404649,189,"a","a","773","125","a","Input"
"1059","1059","1059",404745,404976,231,"d","d","774","125","d","Input"
"1060","1060","1060",404882,405028,146,"e","e","775","125","e","Input"
"1061","1061","1061",404977,405084,107,"s","s","776","125","s","Input"
"1062","1062","1062",405635,405685,50,".",".","777","125",".","Input"
"1063","1063","1063",405831,405887,56,"Space","Space","778","125"," ","Input"
"1064","1064","1064",405968,406043,75,"Space","Space","779","125"," ","Input"
"1065","1065","1065",406043,406043,0,"Shift","Shift","779","125","NoChange","Nonproduction"
"1066","1066","1066",406164,406263,99,"T","T","780","126","T","Input"
"1067","1067","1067",406275,406339,64,"h","h","781","126","h","Input"
"1068","1068","1068",406336,406448,112,"e","e","782","126","e","Input"
"1069","1069","1069",406424,406499,75,"Space","Space","783","126"," ","Input"
"1070","1070","1070",406600,406719,119,"m","m","784","127","m","Input"
"1071","1071","1071",406663,406769,106,"o","o","785","127","o","Input"
"1072","1072","1072",406769,406914,145,"s","s","786","127","s","Input"
"1073","1073","1073",406871,406967,96,"t","t","787","127","t","Input"
"1074","1074","1074",407129,407175,46,"Backspace","Backspace","786","127","t","Remove/Cut"
"1075","1075","1075",407259,407327,68,"Backspace","Backspace","785","127","s","Remove/Cut"
"1076","1076","1076",407408,407481,73,"Backspace","Backspace","784","127","o","Remove/Cut"
"1077","1077","1077",408207,408280,73,"o","o","785","127","o","Input"
"1078","1078","1078",408291,408419,128,"r","r","786","127","r","Input"
"1079","1079","1079",408375,408515,140,"e","e","787","127","e","Input"
"1080","1080","1080",408469,408567,98,"Space","Space","788","127"," ","Input"
"1081","1081","1081",409483,409559,76,"m","m","789","128","m","Input"
"1082","1082","1082",409530,409662,132,"a","a","790","128","a","Input"
"1083","1083","1083",409718,409779,61,"t","t","791","128","t","Input"
"1084","1084","1084",409834,409954,120,"e","e","792","128","e","Input"
"1085","1085","1085",409925,410025,100,"r","r","793","128","r","Input"
"1086","1086","1086",410002,410066,64,"i","i","794","128","i","Input"
"1087","1087","1087",410116,410224,108,"a","a","795","128","a","Input"
"1088","1088","1088",410209,410308,99,"l","l","796","128","l","Input"
"1089","1089","1089",410288,410396,108,"Space","Space","797","128"," ","Input"
"1090","1090","1090",410453,410508,55,"t","t","798","129","t","Input"
"1091","1091","1091",410488,410559,71,"h","h","799","129","h","Input"
"1092","1092","1092",410549,410701,152,"i","i","800","129","i","Input"
"1093","1093","1093",410654,410752,98,"n","n","801","129","n","Input"
"1094","1094","1094",410756,410853,97,"g","g","802","129","g","Input"
"1095","1095","1095",411000,411096,96,"s","s","803","129","s","Input"
"1096","1096","1096",411103,411181,78,"Space","Space","804","129"," ","Input"
"1097","1097","1097",411235,411313,78,"y","y","805","130","y","Input"
"1098","1098","1098",411272,411368,96,"o","o","806","130","o","Input"
"1099","1099","1099",411419,411444,25,"u","u","807","130","u","Input"
"1100","1100","1100",411486,411528,42,"Space","Space","808","130"," ","Input"
"1101","1101","1101",411615,411683,68,"h","h","809","131","h","Input"
"1102","1102","1102",411736,411827,91,"a","a","810","131","a","Input"
"1103","1103","1103",411770,411867,97,"v","v","811","131","v","Input"
"1104","1104","1104",411918,411987,69,"e","e","812","131","e","Input"
"1105","1105","1105",412064,412195,131,",",",","813","131",",","Input"
"1106","1106","1106",412156,412251,95,"Space","Space","814","131"," ","Input"
"1107","1107","1107",412753,412824,71,"t","t","815","132","t","Input"
"1108","1108","1108",412828,412909,81,"h","h","816","132","h","Input"
"1109","1109","1109",412880,412992,112,"e","e","817","132","e","Input"
"1110","1110","1110",412971,413052,81,"Space","Space","818","132"," ","Input"
"1111","1111","1111",413150,413261,111,"m","m","819","133","m","Input"
"1112","1112","1112",413202,413312,110,"o","o","820","133","o","Input"
"1113","1113","1113",413368,413469,101,"r","r","821","133","r","Input"
"1114","1114","1114",413436,413534,98,"e","e","822","133","e","Input"
"1115","1115","1115",413535,413636,101,"Space","Space","823","133"," ","Input"
"1116","1116","1116",413720,413793,73,"s","s","824","134","s","Input"
"1117","1117","1117",413842,413907,65,"u","u","825","134","u","Input"
"1118","1118","1118",413966,414048,82,"z","z","826","134","z","Input"
"1119","1119","1119",414470,414537,67,"Backspace","Backspace","825","134","z","Remove/Cut"
"1120","1120","1120",414585,414613,28,"c","c","826","134","c","Input"
"1121","1121","1121",414712,414819,107,"c","c","827","134","c","Input"
"1122","1122","1122",415277,415405,128,"e","e","828","134","e","Input"
"1123","1123","1123",415350,415451,101,"s","s","829","134","s","Input"
"1124","1124","1124",415519,415636,117,"s","s","830","134","s","Input"
"1125","1125","1125",415792,415911,119,"f","f","831","134","f","Input"
"1126","1126","1126",415952,415988,36,"i","i","832","134","i","Input"
"1127","1127","1127",416144,416216,72,"l","l","833","134","l","Input"
"1128","1128","1128",416269,416347,78,"Space","Space","834","134"," ","Input"
"1129","1129","1129",416407,416542,135,"i","i","835","135","i","Input"
"1130","1130","1130",416516,416599,83,"n","n","836","135","n","Input"
"1131","1131","1131",416949,417004,55,"Backspace","Backspace","835","135","n","Remove/Cut"
"1132","1132","1132",417076,417141,65,"Backspace","Backspace","834","134","i","Remove/Cut"
"1133","1133","1133",417220,417274,54,"Backspace","Backspace","833","134"," ","Remove/Cut"
"1134","1134","1134",417358,417409,51,"Backspace","Backspace","832","134","l","Remove/Cut"
"1135","1135","1135",417490,417550,60,"Backspace","Backspace","831","134","i","Remove/Cut"
"1136","1136","1136",418076,418189,113,"u","u","832","134","u","Input"
"1137","1137","1137",418180,418291,111,"n","n","833","134","n","Input"
"1138","1138","1138",418484,418548,64,"Backspace","Backspace","832","134","n","Remove/Cut"
"1139","1139","1139",418707,418774,67,"l","l","833","134","l","Input"
"1140","1140","1140",418846,418930,84,"Space","Space","834","134"," ","Input"
"1141","1141","1141",419113,419230,117,"i","i","835","135","i","Input"
"1142","1142","1142",419197,419293,96,"n","n","836","135","n","Input"
"1143","1143","1143",419368,419447,79,"Space","Space","837","135"," ","Input"
"1144","1144","1144",419502,419566,64,"l","l","838","136","l","Input"
"1145","1145","1145",419643,419708,65,"i","i","839","136","i","Input"
"1146","1146","1146",420113,420213,100,"f","f","840","136","f","Input"
"1147","1147","1147",420165,420268,103,"e","e","841","136","e","Input"
"1148","1148","1148",420419,420514,95,"Space","Space","842","136"," ","Input"
"1149","1149","1149",422519,422588,69,"y","y","843","137","y","Input"
"1150","1150","1150",422583,422649,66,"o","o","844","137","o","Input"
"1151","1151","1151",422701,422759,58,"u","u","845","137","u","Input"
"1152","1152","1152",422801,422872,71,"Space","Space","846","137"," ","Input"
"1153","1153","1153",422937,423090,153,"a","a","847","138","a","Input"
"1154","1154","1154",423039,423144,105,"r","r","848","138","r","Input"
"1155","1155","1155",423134,423209,75,"e","e","849","138","e","Input"
"1156","1156","1156",423194,423274,80,"Space","Space","850","138"," ","Input"
"1157","1157","1157",423432,423547,115,"d","d","851","139","d","Input"
"1158","1158","1158",423500,423603,103,"e","e","852","139","e","Input"
"1159","1159","1159",423661,423734,73,"e","e","853","139","e","Input"
"1160","1160","1160",423786,423821,35,"m","m","854","139","m","Input"
"1161","1161","1161",423869,423987,118,"e","e","855","139","e","Input"
"1162","1162","1162",423913,424058,145,"d","d","856","139","d","Input"
"1163","1163","1163",424034,424099,65,".",".","857","139",".","Input"
"1164","1164","1164",424188,424252,64,"Space","Space","858","139"," ","Input"
"1165","1165","1165",424314,424395,81,"Space","Space","859","139"," ","Input"
"1166","1166","1166",424451,424451,0,"Shift","Shift","859","139","NoChange","Nonproduction"
"1167","1167","1167",424504,424618,114,"B","b","860","140","B","Input"
"1168","1168","1168",424656,424685,29,"u","u","861","140","u","Input"
"1169","1169","1169",424758,424866,108,"t","t","862","140","t","Input"
"1170","1170","1170",424868,424962,94,"Space","Space","863","140"," ","Input"
"1171","1171","1171",425138,425244,106,"t","t","864","141","t","Input"
"1172","1172","1172",425283,425363,80,"h","h","865","141","h","Input"
"1173","1173","1173",425320,425429,109,"i","i","866","141","i","Input"
"1174","1174","1174",425504,425608,104,"s","s","867","141","s","Input"
"1175","1175","1175",425593,425658,65,"Space","Space","868","141"," ","Input"
"1176","1176","1176",425739,425818,79,"i","i","869","142","i","Input"
"1177","1177","1177",426212,426262,50,"Backspace","Backspace","868","141","i","Remove/Cut"
"1178","1178","1178",426449,426495,46,"j","j","869","142","j","Input"
"1179","1179","1179",426561,426637,76,"u","u","870","142","u","Input"
"1180","1180","1180",426635,426765,130,"s","s","871","142","s","Input"
"1181","1181","1181",426711,426818,107,"t","t","872","142","t","Input"
"1182","1182","1182",426818,426885,67,"Space","Space","873","142"," ","Input"
"1183","1183","1183",426935,427000,65,"i","i","874","143","i","Input"
"1184","1184","1184",427053,427128,75,"s","s","875","143","s","Input"
"1185","1185","1185",427088,427166,78,"n","n","876","143","n","Input"
"1186","1186","1186",427273,427344,71,"'","'","877","143","'","Input"
"1187","1187","1187",427386,427460,74,"t","t","878","143","t","Input"
"1188","1188","1188",427501,427590,89,"Space","Space","879","143"," ","Input"
"1189","1189","1189",427950,428092,142,"t","t","880","144","t","Input"
"1190","1190","1190",428070,428148,78,"r","r","881","144","r","Input"
"1191","1191","1191",428361,428445,84,"i","i","882","144","i","Input"
"1192","1192","1192",428461,428557,96,"e","e","883","144","e","Input"
"1193","1193","1193",428654,428759,105,",",",","884","144",",","Input"
"1194","1194","1194",428742,428833,91,"Space","Space","885","144"," ","Input"
"1195","1195","1195",429046,429093,47,"Backspace","Backspace","884","144"," ","Remove/Cut"
"1196","1196","1196",429174,429241,67,"Backspace","Backspace","883","144",",","Remove/Cut"
"1197","1197","1197",429320,429375,55,"Backspace","Backspace","882","144","e","Remove/Cut"
"1198","1198","1198",429452,429535,83,"Backspace","Backspace","881","144","i","Remove/Cut"
"1199","1199","1199",429935,429990,55,"u","u","882","144","u","Input"
"1200","1200","1200",430052,430144,92,"e","e","883","144","e","Input"
"1201","1201","1201",430218,430337,119,",",",","884","144",",","Input"
"1202","1202","1202",430286,430392,106,"Space","Space","885","144"," ","Input"
"1203","1203","1203",430385,430478,93,"a","a","886","145","a","Input"
"1204","1204","1204",430534,430570,36,"n","n","887","145","n","Input"
"1205","1205","1205",430566,430642,76,"d","d","888","145","d","Input"
"1206","1206","1206",430701,430777,76,"Space","Space","889","145"," ","Input"
"1207","1207","1207",436044,436125,81,"m","m","890","146","m","Input"
"1208","1208","1208",436108,436204,96,"a","a","891","146","a","Input"
"1209","1209","1209",436252,436317,65,"n","n","892","146","n","Input"
"1210","1210","1210",436395,436451,56,"y","y","893","146","y","Input"
"1211","1211","1211",436530,436613,83,"Space","Space","894","146"," ","Input"
"1212","1212","1212",436710,436786,76,"p","p","895","147","p","Input"
"1213","1213","1213",436835,436880,45,"e","e","896","147","e","Input"
"1214","1214","1214",436862,436939,77,"o","o","897","147","o","Input"
"1215","1215","1215",436936,437061,125,"p","p","898","147","p","Input"
"1216","1216","1216",437027,437104,77,"l","l","899","147","l","Input"
"1217","1217","1217",437151,437225,74,"e","e","900","147","e","Input"
"1218","1218","1218",437207,437287,80,"Space","Space","901","147"," ","Input"
"1219","1219","1219",437335,437399,64,"l","l","902","148","l","Input"
"1220","1220","1220",437452,437563,111,"o","o","903","148","o","Input"
"1221","1221","1221",437533,437642,109,"n","n","904","148","n","Input"
"1222","1222","1222",437624,437695,71,"g","g","905","148","g","Input"
"1223","1223","1223",437752,437807,55,"Space","Space","906","148"," ","Input"
"1224","1224","1224",437851,437926,75,"f","f","907","149","f","Input"
"1225","1225","1225",437883,437968,85,"o","o","908","149","o","Input"
"1226","1226","1226",438019,438094,75,"r","r","909","149","r","Input"
"1227","1227","1227",438133,438186,53,"Space","Space","910","149"," ","Input"
"1228","1228","1228",438908,438991,83,"p","p","911","150","p","Input"
"1229","1229","1229",438972,439103,131,"a","a","912","150","a","Input"
"1230","1230","1230",439034,439155,121,"s","s","913","150","s","Input"
"1231","1231","1231",439234,439305,71,"t","t","914","150","t","Input"
"1232","1232","1232",439353,439426,73,"Space","Space","915","150"," ","Input"
"1233","1233","1233",439407,439486,79,"t","t","916","151","t","Input"
"1234","1234","1234",439493,439627,134,"i","i","917","151","i","Input"
"1235","1235","1235",439595,439693,98,"m","m","918","151","m","Input"
"1236","1236","1236",439668,439841,173,"e","e","919","151","e","Input"
"1237","1237","1237",439779,439911,132,"s","s","920","151","s","Input"
"1238","1238","1238",440195,440275,80,"Space","Space","921","151"," ","Input"
"1239","1239","1239",440365,440468,103,"w","w","922","152","w","Input"
"1240","1240","1240",440413,440519,106,"i","i","923","152","i","Input"
"1241","1241","1241",440568,440630,62,"t","t","924","152","t","Input"
"1242","1242","1242",440593,440684,91,"h","h","925","152","h","Input"
"1243","1243","1243",440759,440824,65,"Space","Space","926","152"," ","Input"
"1244","1244","1244",440920,441024,104,"m","m","927","153","m","Input"
"1245","1245","1245",441069,441172,103,"r","r","928","153","r","Input"
"1246","1246","1246",441113,441227,114,"e","e","929","153","e","Input"
"1247","1247","1247",441220,441317,97,"Space","Space","930","153"," ","Input"
"1248","1248","1248",441445,441543,98,"s","s","931","154","s","Input"
"1249","1249","1249",441540,441677,137,"i","i","932","154","i","Input"
"1250","1250","1250",441652,441748,96,"m","m","933","154","m","Input"
"1251","1251","1251",442033,442083,50,"Backspace","Backspace","932","154","m","Remove/Cut"
"1252","1252","1252",442165,442220,55,"Backspace","Backspace","931","154","i","Remove/Cut"
"1253","1253","1253",442314,442366,52,"Backspace","Backspace","930","153","s","Remove/Cut"
"1254","1254","1254",442447,442507,60,"Backspace","Backspace","929","153"," ","Remove/Cut"
"1255","1255","1255",442601,442671,70,"Backspace","Backspace","928","153","e","Remove/Cut"
"1256","1256","1256",442833,442884,51,"Backspace","Backspace","927","153","r","Remove/Cut"
"1257","1257","1257",443153,443213,60,"o","o","928","153","o","Input"
"1258","1258","1258",443280,443396,116,"r","r","929","153","r","Input"
"1259","1259","1259",443362,443476,114,"e","e","930","153","e","Input"
"1260","1260","1260",443452,443517,65,"Space","Space","931","153"," ","Input"
"1261","1261","1261",443651,443744,93,"s","s","932","154","s","Input"
"1262","1262","1262",443711,443825,114,"i","i","933","154","i","Input"
"1263","1263","1263",443793,443903,110,"m","m","934","154","m","Input"
"1264","1264","1264",443962,444089,127,"p","p","935","154","p","Input"
"1265","1265","1265",444044,444138,94,"l","l","936","154","l","Input"
"1266","1266","1266",444263,444323,60,"i","i","937","154","i","Input"
"1267","1267","1267",444404,444493,89,"c","c","938","154","c","Input"
"1268","1268","1268",444484,444564,80,"i","i","939","154","i","Input"
"1269","1269","1269",444679,444835,156,"t","t","940","154","t","Input"
"1270","1270","1270",444767,444889,122,"y","y","941","154","y","Input"
"1271","1271","1271",444886,444983,97,".",".","942","154",".","Input"
"1272","1272","1272",445221,445277,56,"Space","Space","943","154"," ","Input"
"1273","1273","1273",445355,445442,87,"Space","Space","944","154"," ","Input"
"1274","1274","1274",458922,458922,0,"Shift","Shift","944","154","NoChange","Nonproduction"
"1275","1275","1275",459351,459418,67,"I","I","945","155","I","Input"
"1276","1276","1276",459521,459585,64,"n","n","946","155","n","Input"
"1277","1277","1277",459672,459748,76,"Space","Space","947","155"," ","Input"
"1278","1278","1278",459761,459844,83,"t","t","948","156","t","Input"
"1279","1279","1279",459840,459920,80,"o","o","949","156","o","Input"
"1280","1280","1280",459970,460070,100,"d","d","950","156","d","Input"
"1281","1281","1281",460019,460155,136,"a","a","951","156","a","Input"
"1282","1282","1282",460157,460201,44,"y","y","952","156","y","Input"
"1283","1283","1283",460405,460477,72,"'","'","953","156","'","Input"
"1284","1284","1284",460518,460576,58,"s","s","954","156","s","Input"
"1285","1285","1285",460619,460661,42,"Space","Space","955","156"," ","Input"
"1286","1286","1286",460676,460780,104,"w","w","956","157","w","Input"
"1287","1287","1287",460853,460938,85,"r","r","957","157","r","Input"
"1288","1288","1288",461189,461245,56,"Backspace","Backspace","956","157","r","Remove/Cut"
"1289","1289","1289",461428,461482,54,"o","o","957","157","o","Input"
"1290","1290","1290",461537,461587,50,"r","r","958","157","r","Input"
"1291","1291","1291",461635,461676,41,"l","l","959","157","l","Input"
"1292","1292","1292",461725,461826,101,"d","d","960","157","d","Input"
"1293","1293","1293",461805,461939,134,",",",","961","157",",","Input"
"1294","1294","1294",461888,461984,96,"Space","Space","962","157"," ","Input"
"1295","1295","1295",463121,463188,67,"e","e","963","158","e","Input"
"1296","1296","1296",463236,463292,56,"v","v","964","158","v","Input"
"1297","1297","1297",463273,463396,123,"e","e","965","158","e","Input"
"1298","1298","1298",463363,463457,94,"r","r","966","158","r","Input"
"1299","1299","1299",463369,463451,82,"y","y","967","158","y","Input"
"1300","1300","1300",463587,463665,78,"o","o","968","158","o","Input"
"1301","1301","1301",463632,463722,90,"n","n","969","158","n","Input"
"1302","1302","1302",463719,463766,47,"e","e","970","158","e","Input"
"1303","1303","1303",463820,463882,62,"Space","Space","971","158"," ","Input"
"1304","1304","1304",463855,463960,105,"f","f","972","159","f","Input"
"1305","1305","1305",463934,463999,65,"e","e","973","159","e","Input"
"1306","1306","1306",464052,464136,84,"e","e","974","159","e","Input"
"1307","1307","1307",464102,464196,94,"l","l","975","159","l","Input"
"1308","1308","1308",464320,464342,22,"Space","Space","976","159"," ","Input"
"1309","1309","1309",464430,464562,132,"s","s","977","160","s","Input"
"1310","1310","1310",464795,464841,46,"Backspace","Backspace","976","159","s","Remove/Cut"
"1311","1311","1311",464919,464982,63,"Backspace","Backspace","975","159"," ","Remove/Cut"
"1312","1312","1312",464986,465118,132,"s","s","976","159","s","Input"
"1313","1313","1313",465169,465238,69,"Space","Space","977","159"," ","Input"
"1314","1314","1314",465284,465328,44,"t","t","978","160","t","Input"
"1315","1315","1315",465647,465721,74,"h","h","979","160","h","Input"
"1316","1316","1316",465764,465847,83,"e","e","980","160","e","Input"
"1317","1317","1317",465849,465938,89,"Space","Space","981","160"," ","Input"
"1318","1318","1318",466042,466117,75,"n","n","982","161","n","Input"
"1319","1319","1319",466120,466172,52,"e","e","983","161","e","Input"
"1320","1320","1320",466239,466395,156,"e","e","984","161","e","Input"
"1321","1321","1321",466323,466454,131,"d","d","985","161","d","Input"
"1322","1322","1322",466450,466519,69,"Space","Space","986","161"," ","Input"
"1323","1323","1323",466568,466661,93,"f","f","987","162","f","Input"
"1324","1324","1324",466595,466672,77,"o","o","988","162","o","Input"
"1325","1325","1325",466719,466793,74,"r","r","989","162","r","Input"
"1326","1326","1326",466791,466857,66,"Space","Space","990","162"," ","Input"
"1327","1327","1327",466854,466935,81,"t","t","991","163","t","Input"
"1328","1328","1328",466909,466988,79,"h","h","992","163","h","Input"
"1329","1329","1329",466994,467110,116,"e","e","993","163","e","Input"
"1330","1330","1330",467078,467154,76,"Space","Space","994","163"," ","Input"
"1331","1331","1331",467239,467276,37,"b","b","995","164","b","Input"
"1332","1332","1332",467272,467433,161,"e","e","996","164","e","Input"
"1333","1333","1333",467395,467539,144,"s","s","997","164","s","Input"
"1334","1334","1334",467485,467534,49,"t","t","998","164","t","Input"
"1335","1335","1335",467531,467619,88,"Space","Space","999","164"," ","Input"
"1336","1336","1336",469034,469097,63,"Backspace","Backspace","998","164"," ","Remove/Cut"
"1337","1337","1337",469174,469234,60,"Backspace","Backspace","997","164","t","Remove/Cut"
"1338","1338","1338",469312,469364,52,"Backspace","Backspace","996","164","s","Remove/Cut"
"1339","1339","1339",469448,469494,46,"Backspace","Backspace","995","164","e","Remove/Cut"
"1340","1340","1340",469562,469622,60,"Backspace","Backspace","994","163","b","Remove/Cut"
"1341","1341","1341",470217,470316,99,"m","m","995","164","m","Input"
"1342","1342","1342",470254,470374,120,"o","o","996","164","o","Input"
"1343","1343","1343",470537,470685,148,"s","s","997","164","s","Input"
"1344","1344","1344",470637,470733,96,"t","t","998","164","t","Input"
"1345","1345","1345",470689,470785,96,"Space","Space","999","164"," ","Input"
"1346","1346","1346",470833,470888,55,"e","e","1000","165","e","Input"
"1347","1347","1347",471113,471197,84,"p","p","1001","165","p","Input"
"1348","1348","1348",471453,471508,55,"Backspace","Backspace","1000","165","p","Remove/Cut"
"1349","1349","1349",472352,472428,76,"p","p","1001","165","p","Input"
"1350","1350","1350",472821,472889,68,"Backspace","Backspace","1000","165","p","Remove/Cut"
"1351","1351","1351",473249,473318,69,"x","x","1001","165","x","Input"
"1352","1352","1352",473368,473427,59,"p","p","1002","165","p","Input"
"1353","1353","1353",473575,473638,63,"e","e","1003","165","e","Input"
"1354","1354","1354",473684,473728,44,"n","n","1004","165","n","Input"
"1355","1355","1355",473812,473895,83,"s","s","1005","165","s","Input"
"1356","1356","1356",473912,473980,68,"i","i","1006","165","i","Input"
"1357","1357","1357",474034,474144,110,"v","v","1007","165","v","Input"
"1358","1358","1358",474102,474201,99,"e","e","1008","165","e","Input"
"1359","1359","1359",474197,474278,81,"Space","Space","1009","165"," ","Input"
"1360","1360","1360",474517,474692,175,"c","c","1010","166","c","Input"
"1361","1361","1361",474669,474849,180,"a","a","1011","166","a","Input"
"1362","1362","1362",474789,474902,113,"r","r","1012","166","r","Input"
"1363","1363","1363",475001,475091,90,",",",","1013","166",",","Input"
"1364","1364","1364",475056,475156,100,"Space","Space","1014","166"," ","Input"
"1365","1365","1365",475564,475650,86,"t","t","1015","167","t","Input"
"1366","1366","1366",475615,475703,88,"h","h","1016","167","h","Input"
"1367","1367","1367",475748,475809,61,"e","e","1017","167","e","Input"
"1368","1368","1368",475778,475858,80,"Space","Space","1018","167"," ","Input"
"1369","1369","1369",475937,476023,86,"b","b","1019","168","b","Input"
"1370","1370","1370",475985,476106,121,"i","i","1020","168","i","Input"
"1371","1371","1371",476097,476150,53,"g","g","1021","168","g","Input"
"1372","1372","1372",476210,476330,120,"g","g","1022","168","g","Input"
"1373","1373","1373",476343,476477,134,"e","e","1023","168","e","Input"
"1374","1374","1374",476439,476609,170,"s","s","1024","168","s","Input"
"1375","1375","1375",476534,476650,116,"t","t","1025","168","t","Input"
"1376","1376","1376",476591,476698,107,"Space","Space","1026","168"," ","Input"
"1377","1377","1377",476778,476862,84,"h","h","1027","169","h","Input"
"1378","1378","1378",476962,477083,121,"o","o","1028","169","o","Input"
"1379","1379","1379",477001,477134,133,"u","u","1029","169","u","Input"
"1380","1380","1380",477281,477405,124,"r","r","1030","169","r","Input"
"1381","1381","1381",477682,477750,68,"Backspace","Backspace","1029","169","r","Remove/Cut"
"1382","1382","1382",477895,478039,144,"s","s","1030","169","s","Input"
"1383","1383","1383",478140,478231,91,"e","e","1031","169","e","Input"
"1384","1384","1384",478302,478449,147,",",",","1032","169",",","Input"
"1385","1385","1385",478395,478505,110,"Space","Space","1033","169"," ","Input"
"1386","1386","1386",478551,478593,42,"a","a","1034","170","a","Input"
"1387","1387","1387",478773,478833,60,"t","t","1035","170","t","Input"
"1388","1388","1388",479115,479170,55,"Backspace","Backspace","1034","170","t","Remove/Cut"
"1389","1389","1389",479225,479277,52,"Backspace","Backspace","1033","169","a","Remove/Cut"
"1390","1390","1390",479348,479424,76,"t","t","1034","170","t","Input"
"1391","1391","1391",479468,479542,74,"h","h","1035","170","h","Input"
"1392","1392","1392",479520,479603,83,"e","e","1036","170","e","Input"
"1393","1393","1393",479595,479688,93,"Space","Space","1037","170"," ","Input"
"1394","1394","1394",479766,479885,119,"n","n","1038","171","n","Input"
"1395","1395","1395",479822,479937,115,"i","i","1039","171","i","Input"
"1396","1396","1396",479935,480093,158,"c","c","1040","171","c","Input"
"1397","1397","1397",480010,480199,189,"e","e","1041","171","e","Input"
"1398","1398","1398",480162,480302,140,"s","s","1042","171","s","Input"
"1399","1399","1399",480574,480674,100,"t","t","1043","171","t","Input"
"1400","1400","1400",480871,480967,96,"Space","Space","1044","171"," ","Input"
"1401","1401","1401",481121,481210,89,"c","c","1045","172","c","Input"
"1402","1402","1402",481252,481279,27,"l","l","1046","172","l","Input"
"1403","1403","1403",481524,481602,78,"o","o","1047","172","o","Input"
"1404","1404","1404",481739,481819,80,"t","t","1048","172","t","Input"
"1405","1405","1405",481868,481927,59,"h","h","1049","172","h","Input"
"1406","1406","1406",481898,482036,138,"i","i","1050","172","i","Input"
"1407","1407","1407",482092,482202,110,"n","n","1051","172","n","Input"
"1408","1408","1408",482251,482310,59,"g","g","1052","172","g","Input"
"1409","1409","1409",485383,485511,128,",",",","1053","172",",","Input"
"1410","1410","1410",485483,485599,116,"Space","Space","1054","172"," ","Input"
"1411","1411","1411",485652,485768,116,"a","a","1055","173","a","Input"
"1412","1412","1412",485819,485869,50,"n","n","1056","173","n","Input"
"1413","1413","1413",486004,486108,104,"d","d","1057","173","d","Input"
"1414","1414","1414",486151,486234,83,"Space","Space","1058","173"," ","Input"
"1415","1415","1415",486357,486456,99,"t","t","1059","174","t","Input"
"1416","1416","1416",486502,486593,91,"h","h","1060","174","h","Input"
"1417","1417","1417",486571,486695,124,"e","e","1061","174","e","Input"
"1418","1418","1418",486663,486770,107,"Space","Space","1062","174"," ","Input"
"1419","1419","1419",488784,488871,87,"Backspace","Backspace","1061","174"," ","Remove/Cut"
"1420","1420","1420",489307,489368,61,"Backspace","Backspace","1060","174","e","Remove/Cut"
"1421","1421","1421",489441,489501,60,"Backspace","Backspace","1059","174","h","Remove/Cut"
"1422","1422","1422",489602,489662,60,"Backspace","Backspace","1058","173","t","Remove/Cut"
"1423","1423","1423",489740,489817,77,"Backspace","Backspace","1057","173"," ","Remove/Cut"
"1424","1424","1424",490102,490185,83,"Space","Space","1058","173"," ","Input"
"1425","1425","1425",490452,490582,130,"m","m","1059","174","m","Input"
"1426","1426","1426",490544,490642,98,"o","o","1060","174","o","Input"
"1427","1427","1427",490748,490865,117,"r","r","1061","174","r","Input"
"1428","1428","1428",490832,490929,97,"e","e","1062","174","e","Input"
"1429","1429","1429",492683,492782,99,"Space","Space","1063","174"," ","Input"
"1430","1430","1430",492962,493092,130,"a","a","1064","175","a","Input"
"1431","1431","1431",493050,493132,82,"n","n","1065","175","n","Input"
"1432","1432","1432",493202,493294,92,"d","d","1066","175","d","Input"
"1433","1433","1433",493593,493661,68,"Space","Space","1067","175"," ","Input"
"1434","1434","1434",493766,493876,110,"m","m","1068","176","m","Input"
"1435","1435","1435",493842,493961,119,"o","o","1069","176","o","Input"
"1436","1436","1436",494041,494183,142,"r","r","1070","176","r","Input"
"1437","1437","1437",494149,494257,108,"e","e","1071","176","e","Input"
"1438","1438","1438",494515,494558,43,".",".","1072","176",".","Input"
"1439","1439","1439",494640,494687,47,".",".","1073","176",".","Input"
"1440","1440","1440",494770,494824,54,".",".","1074","176",".","Input"
"1441","1441","1441",494869,495044,175,"s","s","1075","176","s","Input"
"1442","1442","1442",494975,495047,72,"t","t","1076","176","t","Input"
"1443","1443","1443",495124,495196,72,"u","u","1077","176","u","Input"
"1444","1444","1444",495849,495901,52,"f","f","1078","176","f","Input"
"1445","1445","1445",495963,496042,79,"f","f","1079","176","f","Input"
"1446","1446","1446",496033,496095,62,".",".","1080","176",".","Input"
"1447","1447","1447",496219,496279,60,"Space","Space","1081","176"," ","Input"
"1448","1448","1448",496348,496416,68,"Space","Space","1082","176"," ","Input"
"1449","1449","1449",523524,523644,120,"Leftclick","Leftclick","697","176","NoChange","Nonproduction"
"1450","1450","1450",524327,524327,0,"Shift","Shift","697","176","NoChange","Nonproduction"
"1451","1451","1451",524391,524536,145,"T","t","698","176","T","Input"
"1452","1452","1452",524537,524608,71,"h","h","699","176","h","Input"
"1453","1453","1453",524596,524658,62,"i","i","700","176","i","Input"
"1454","1454","1454",524654,524775,121,"s","s","701","176","s","Input"
"1455","1455","1455",524818,524880,62,"Space","Space","702","177"," ","Input"
"1456","1456","1456",525069,525165,96,"c","c","703","177","c","Input"
"1457","1457","1457",525297,525433,136,"r","r","704","177","r","Input"
"1458","1458","1458",525381,525530,149,"e","e","705","177","e","Input"
"1459","1459","1459",525494,525609,115,"a","a","706","177","a","Input"
"1460","1460","1460",525582,525729,147,"t","t","707","177","t","Input"
"1461","1461","1461",525682,525837,155,"e","e","708","177","e","Input"
"1462","1462","1462",525778,525926,148,"s","s","709","177","s","Input"
"1463","1463","1463",525908,526000,92,"Space","Space","710","178"," ","Input"
"1464","1464","1464",526048,526107,59,"a","a","711","178","a","Input"
"1465","1465","1465",526105,526197,92,"Space","Space","712","179"," ","Input"
"1466","1466","1466",526211,526318,107,"s","s","713","179","s","Input"
"1467","1467","1467",526326,526406,80,"p","p","714","179","p","Input"
"1468","1468","1468",526482,526591,109,"r","r","715","179","r","Input"
"1469","1469","1469",526574,526644,70,"i","i","716","179","i","Input"
"1470","1470","1470",526683,526789,106,"a","a","717","179","a","Input"
"1471","1471","1471",526834,526916,82,"l","l","718","179","l","Input"
"1472","1472","1472",526890,527010,120,"Space","Space","719","180"," ","Input"
"1473","1473","1473",526985,527079,94,"e","e","720","180","e","Input"
"1474","1474","1474",527053,527136,83,"f","f","721","180","f","Input"
"1475","1475","1475",527190,527317,127,"f","f","722","180","f","Input"
"1476","1476","1476",527314,527453,139,"e","e","723","180","e","Input"
"1477","1477","1477",527405,527500,95,"c","c","724","180","c","Input"
"1478","1478","1478",527606,527689,83,"t","t","725","180","t","Input"
"1479","1479","1479",529811,529896,85,"Leftclick","Leftclick","715","180","NoChange","Nonproduction"
"1480","1480","1480",530173,530220,47,"Backspace","Backspace","714","180","r","Remove/Cut"
"1481","1481","1481",530512,530599,87,"ArrowRight","ArrowRight","715","180","NoChange","Nonproduction"
"1482","1482","1482",530903,531003,100,"r","r","716","180","r","Input"
"1483","1483","1483",531604,531693,89,"Leftclick","Leftclick","725","180","NoChange","Nonproduction"
"1484","1484","1484",532439,532519,80,"o","o","726","180","o","Input"
"1485","1485","1485",532575,532660,85,"f","f","727","180","f","Input"
"1486","1486","1486",532664,532740,76,"Space","Space","728","181"," ","Input"
"1487","1487","1487",532836,532975,139,"o","o","729","181","o","Input"
"1488","1488","1488",532959,533038,79,"b","b","730","181","b","Input"
"1489","1489","1489",533254,533302,48,"Backspace","Backspace","729","181","b","Remove/Cut"
"1490","1490","1490",533373,533436,63,"Backspace","Backspace","728","181","o","Remove/Cut"
"1491","1491","1491",533510,533562,52,"Backspace","Backspace","727","180"," ","Remove/Cut"
"1492","1492","1492",533638,533699,61,"Backspace","Backspace","726","180","f","Remove/Cut"
"1493","1493","1493",533770,533830,60,"Backspace","Backspace","725","180","o","Remove/Cut"
"1494","1494","1494",533998,534081,83,"Space","Space","726","181"," ","Input"
"1495","1495","1495",534147,534220,73,"o","o","727","181","o","Input"
"1496","1496","1496",534384,534447,63,"f","f","728","181","f","Input"
"1497","1497","1497",534725,534797,72,"Space","Space","729","182"," ","Input"
"1498","1498","1498",535062,535161,99,"o","o","730","182","o","Input"
"1499","1499","1499",535264,535319,55,"b","b","731","182","b","Input"
"1500","1500","1500",535369,535453,84,"t","t","732","182","t","Input"
"1501","1501","1501",535511,535641,130,"a","a","733","182","a","Input"
"1502","1502","1502",535623,535744,121,"i","i","734","182","i","Input"
"1503","1503","1503",535710,535835,125,"n","n","735","182","n","Input"
"1504","1504","1504",535884,535989,105,"i","i","736","182","i","Input"
"1505","1505","1505",535944,536041,97,"n","n","737","182","n","Input"
"1506","1506","1506",536080,536150,70,"g","g","738","182","g","Input"
"1507","1507","1507",536152,536234,82,"Space","Space","739","183"," ","Input"
"1508","1508","1508",538320,538441,121,"m","m","740","183","m","Input"
"1509","1509","1509",538428,538519,91,"o","o","741","183","o","Input"
"1510","1510","1510",538568,538649,81,"r","r","742","183","r","Input"
"1511","1511","1511",538617,538712,95,"e","e","743","183","e","Input"
"1512","1512","1512",538645,538719,74,"Space","Space","744","184"," ","Input"
"1513","1513","1513",538786,538858,72,"m","m","745","184","m","Input"
"1514","1514","1514",538919,539019,100,"t","t","746","184","t","Input"
"1515","1515","1515",539384,539447,63,"Backspace","Backspace","745","184","t","Remove/Cut"
"1516","1516","1516",539459,539548,89,"a","a","746","184","a","Input"
"1517","1517","1517",539615,539688,73,"t","t","747","184","t","Input"
"1518","1518","1518",539748,539868,120,"e","e","748","184","e","Input"
"1519","1519","1519",539833,539922,89,"r","r","749","184","r","Input"
"1520","1520","1520",539920,539975,55,"i","i","750","184","i","Input"
"1521","1521","1521",540085,540192,107,"a","a","751","184","a","Input"
"1522","1522","1522",540175,540246,71,"l","l","752","184","l","Input"
"1523","1523","1523",540312,540388,76,"Space","Space","753","185"," ","Input"
"1524","1524","1524",540435,540481,46,"t","t","754","185","t","Input"
"1525","1525","1525",540532,540563,31,"h","h","755","185","h","Input"
"1526","1526","1526",540536,540711,175,"i","i","756","185","i","Input"
"1527","1527","1527",540676,540782,106,"n","n","757","185","n","Input"
"1528","1528","1528",540833,540917,84,"g","g","758","185","g","Input"
"1529","1529","1529",540880,540982,102,"s","s","759","185","s","Input"
"1530","1530","1530",541661,541796,135,",",",","760","185",",","Input"
"1531","1531","1531",541753,541860,107,"Space","Space","761","186"," ","Input"
"1532","1532","1532",541916,542017,101,"a","a","762","186","a","Input"
"1533","1533","1533",542014,542096,82,"n","n","763","186","n","Input"
"1534","1534","1534",542064,542185,121,"d","d","764","186","d","Input"
"1535","1535","1535",542235,542300,65,"Space","Space","765","187"," ","Input"
"1536","1536","1536",543949,544045,96,"c","c","766","187","c","Input"
"1537","1537","1537",544166,544221,55,"r","r","767","187","r","Input"
"1538","1538","1538",544388,544487,99,"a","a","768","187","a","Input"
"1539","1539","1539",544786,544869,83,"v","v","769","187","v","Input"
"1540","1540","1540",544956,545070,114,"i","i","770","187","i","Input"
"1541","1541","1541",545041,545122,81,"n","n","771","187","n","Input"
"1542","1542","1542",545169,545206,37,"g","g","772","187","g","Input"
"1543","1543","1543",545250,545310,60,"Space","Space","773","188"," ","Input"
"1544","1544","1544",545291,545440,149,"a","a","774","188","a","Input"
"1545","1545","1545",545480,545510,30,"t","t","775","188","t","Input"
"1546","1546","1546",545570,545671,101,"t","t","776","188","t","Input"
"1547","1547","1547",545786,545894,108,"e","e","777","188","e","Input"
"1548","1548","1548",545950,545985,35,"n","n","778","188","n","Input"
"1549","1549","1549",545987,546079,92,"t","t","779","188","t","Input"
"1550","1550","1550",546134,546262,128,"i","i","780","188","i","Input"
"1551","1551","1551",546317,546364,47,"p","p","781","188","p","Input"
"1552","1552","1552",546938,547003,65,"Backspace","Backspace","780","188","p","Remove/Cut"
"1553","1553","1553",547239,547374,135,"o","o","781","188","o","Input"
"1554","1554","1554",547331,547417,86,"n","n","782","188","n","Input"
"1555","1555","1555",547584,547656,72,".",".","783","188",".","Input"
"1556","1556","1556",549687,549754,67,"Space","Space","784","189"," ","Input"
"1557","1557","1557",549834,549908,74,"Space","Space","785","189"," ","Input"
"1558","1558","1558",551134,551134,0,"Shift","Shift","785","189","NoChange","Nonproduction"
"1559","1559","1559",551207,551270,63,"M","m","786","189","M","Input"
"1560","1560","1560",551758,551853,95,"a","a","787","189","a","Input"
"1561","1561","1561",551902,551969,67,"t","t","788","189","t","Input"
"1562","1562","1562",552018,552140,122,"e","e","789","189","e","Input"
"1563","1563","1563",552106,552200,94,"r","r","790","189","r","Input"
"1564","1564","1564",552194,552282,88,"i","i","791","189","i","Input"
"1565","1565","1565",552279,552402,123,"a","a","792","189","a","Input"
"1566","1566","1566",552451,552510,59,"l","l","793","189","l","Input"
"1567","1567","1567",552636,552723,87,"Space","Space","794","190"," ","Input"
"1568","1568","1568",553029,553529,500,"Backspace","Backspace","793","189"," ","Remove/Cut"
"1569","1569","1569",553529,553613,84,"Backspace","Backspace","792","189","l","Remove/Cut"
"1570","1570","1570",553613,553697,84,"Backspace","Backspace","791","189","a","Remove/Cut"
"1571","1571","1571",553697,553781,84,"Backspace","Backspace","790","189","i","Remove/Cut"
"1572","1572","1572",553781,553865,84,"Backspace","Backspace","789","189","r","Remove/Cut"
"1573","1573","1573",553865,553949,84,"Backspace","Backspace","788","189","e","Remove/Cut"
"1574","1574","1574",553949,554033,84,"Backspace","Backspace","787","189","t","Remove/Cut"
"1575","1575","1575",554033,554117,84,"Backspace","Backspace","786","189","a","Remove/Cut"
"1576","1576","1576",554117,554172,55,"Backspace","Backspace","785","189","M","Remove/Cut"
"1577","1577","1577",558407,560656,2249,"Leftclick","Leftclick","1031","189","NoChange","Nonproduction"
"1578","1578","1578",560992,561152,160,"Meta","Meta","1031","189","NoChange","Nonproduction"
"1579","1579","1579",561152,561283,131,"c","c","1031","189","NoChange","Nonproduction"
"1580","1580","1580",561522,561576,54,"Backspace","Backspace","947","174","But this just isn't true, and many people long for past times with more simplicity. ","Remove/Cut"
"1581","1581","1581",562589,562690,101,"Leftclick","Leftclick","1086","174","NoChange","Nonproduction"
"1582","1582","1582",562962,563013,51,"Enter","Enter","1087","174","\n","Input"
"1583","1583","1583",563154,563229,75,"Enter","Enter","1088","174","\n","Input"
"1584","1584","1584",563494,563679,185,"Meta","Meta","1088","174","NoChange","Nonproduction"
"1585","1585","1585",563679,563814,135,"v","v","1172","189","But this just isn't true, and many people long for past times with more simplicity. ","Paste"
"1586","1586","1586",570610,570676,66,"Leftclick","Leftclick","466","189","NoChange","Nonproduction"
"1587","1587","1587",571344,571429,85,"Space","Space","467","189"," ","Input"
"1588","1588","1588",571797,571868,71,"a","a","468","190","a","Input"
"1589","1589","1589",571987,572087,100,"r","r","469","190","r","Input"
"1590","1590","1590",572400,572561,161,"o","o","470","190","o","Input"
"1591","1591","1591",572536,572616,80,"u","u","471","190","u","Input"
"1592","1592","1592",572752,572814,62,"n","n","472","190","n","Input"
"1593","1593","1593",573069,573144,75,"d","d","473","190","d","Input"
"1594","1594","1594",573256,573351,95,"Space","Space","474","190"," ","Input"
"1595","1595","1595",574010,574069,59,"t","t","475","191","t","Input"
"1596","1596","1596",574188,574251,63,"h","h","476","191","h","Input"
"1597","1597","1597",574431,574486,55,"e","e","477","191","e","Input"
"1598","1598","1598",574652,574748,96,"Space","Space","478","191"," ","Input"
"1599","1599","1599",575053,575158,105,"d","d","479","192","d","Input"
"1600","1600","1600",575140,575238,98,"i","i","480","192","i","Input"
"1601","1601","1601",575206,575286,80,"n","n","481","192","n","Input"
"1602","1602","1602",575336,575427,91,"n","n","482","192","n","Input"
"1603","1603","1603",575406,575531,125,"e","e","483","192","e","Input"
"1604","1604","1604",575482,575583,101,"r","r","484","192","r","Input"
"1605","1605","1605",575584,575679,95,"Space","Space","485","192"," ","Input"
"1606","1606","1606",575653,575733,80,"t","t","486","193","t","Input"
"1607","1607","1607",575787,575942,155,"a","a","487","193","a","Input"
"1608","1608","1608",575924,575978,54,"b","b","488","193","b","Input"
"1609","1609","1609",576131,576232,101,"l","l","489","193","l","Input"
"1610","1610","1610",576229,576352,123,"e","e","490","193","e","Input"
"1611","1611","1611",576400,576468,68,"Space","Space","491","193"," ","Input"
"1612","1612","1612",576519,576627,108,"f","f","492","194","f","Input"
"1613","1613","1613",576606,576685,79,"o","o","493","194","o","Input"
"1614","1614","1614",577015,577098,83,"r","r","494","194","r","Input"
"1615","1615","1615",577311,577398,87,"ArrowRight","ArrowRight","495","194","NoChange","Nonproduction"
"1616","1616","1616",577491,577562,71,"ArrowRight","ArrowRight","496","194","NoChange","Nonproduction"
"1617","1617","1617",577638,577713,75,"ArrowRight","ArrowRight","497","194","NoChange","Nonproduction"
"1618","1618","1618",578003,578115,112,"ArrowRight","ArrowRight","498","194","NoChange","Nonproduction"
"1619","1619","1619",578307,578362,55,"Backspace","Backspace","497","194","r","Remove/Cut"
"1620","1620","1620",578444,578508,64,"Backspace","Backspace","496","194","o","Remove/Cut"
"1621","1621","1621",578584,578659,75,"Backspace","Backspace","495","193","f","Remove/Cut"
"1622","1622","1622",578780,578864,84,"Backspace","Backspace","494","193"," ","Remove/Cut"
"1623","1623","1623",580157,580223,66,"Leftclick","Leftclick","501","193","NoChange","Nonproduction"
"1624","1624","1624",580490,580540,50,"Backspace","Backspace","500","193","s","Remove/Cut"
"1625","1625","1625",580613,580665,52,"Backspace","Backspace","499","193","t","Remove/Cut"
"1626","1626","1626",580752,580799,47,"Backspace","Backspace","498","193","l","Remove/Cut"
"1627","1627","1627",580891,580946,55,"Backspace","Backspace","497","193","u","Remove/Cut"
"1628","1628","1628",581101,581169,68,"Backspace","Backspace","496","193","d","Remove/Cut"
"1629","1629","1629",581270,581330,60,"Backspace","Backspace","495","192","a","Remove/Cut"
"1630","1630","1630",581681,581797,116,"f","f","496","193","f","Input"
"1631","1631","1631",581753,581881,128,"a","a","497","193","a","Input"
"1632","1632","1632",581851,581934,83,"m","m","498","193","m","Input"
"1633","1633","1633",581931,581982,51,"i","i","499","193","i","Input"
"1634","1634","1634",582087,582170,83,"l","l","500","193","l","Input"
"1635","1635","1635",582260,582319,59,"i","i","501","193","i","Input"
"1636","1636","1636",582323,582535,212,"e","e","502","193","e","Input"
"1637","1637","1637",582465,582586,121,"s","s","503","193","s","Input"
"1638","1638","1638",590847,590969,122,"Leftclick","Leftclick","811","193","NoChange","Nonproduction"
"1639","1639","1639",593532,593532,0,"Shift","Shift","811","193","NoChange","Nonproduction"
"1640","1640","1640",593534,593594,60,"T","T","812","193","T","Input"
"1641","1641","1641",593706,593813,107,"h","h","813","193","h","Input"
"1642","1642","1642",593772,593869,97,"i","i","814","193","i","Input"
"1643","1643","1643",593928,593982,54,"s","s","815","193","s","Input"
"1644","1644","1644",593959,594033,74,"Space","Space","816","194"," ","Input"
"1645","1645","1645",594085,594193,108,"i","i","817","194","i","Input"
"1646","1646","1646",594165,594252,87,"n","n","818","194","n","Input"
"1647","1647","1647",594328,594429,101,"Space","Space","819","195"," ","Input"
"1648","1648","1648",594534,594613,79,"t","t","820","195","t","Input"
"1649","1649","1649",594614,594675,61,"u","u","821","195","u","Input"
"1650","1650","1650",594728,594809,81,"r","r","822","195","r","Input"
"1651","1651","1651",594790,594877,87,"n","n","823","195","n","Input"
"1652","1652","1652",595046,595134,88,"Space","Space","824","196"," ","Input"
"1653","1653","1653",596327,596450,123,"a","a","825","196","a","Input"
"1654","1654","1654",596539,596606,67,"t","t","826","196","t","Input"
"1655","1655","1655",596687,596832,145,"t","t","827","196","t","Input"
"1656","1656","1656",596808,596911,103,"r","r","828","196","r","Input"
"1657","1657","1657",597027,597103,76,"i","i","829","196","i","Input"
"1658","1658","1658",597181,597263,82,"b","b","830","196","b","Input"
"1659","1659","1659",597319,597402,83,"u","u","831","196","u","Input"
"1660","1660","1660",597473,597628,155,"t","t","832","196","t","Input"
"1661","1661","1661",597570,597723,153,"e","e","833","196","e","Input"
"1662","1662","1662",597684,597801,117,"s","s","834","196","s","Input"
"1663","1663","1663",597768,597852,84,"Space","Space","835","197"," ","Input"
"1664","1664","1664",597901,597991,90,"t","t","836","197","t","Input"
"1665","1665","1665",597953,598039,86,"o","o","837","197","o","Input"
"1666","1666","1666",598154,598246,92,"Space","Space","838","198"," ","Input"
"1667","1667","1667",598415,598542,127,"o","o","839","198","o","Input"
"1668","1668","1668",598515,598583,68,"u","u","840","198","u","Input"
"1669","1669","1669",598748,598847,99,"r","r","841","198","r","Input"
"1670","1670","1670",598855,598948,93,"Space","Space","842","199"," ","Input"
"1671","1671","1671",599959,600073,114,"m","m","843","199","m","Input"
"1672","1672","1672",600114,600253,139,"e","e","844","199","e","Input"
"1673","1673","1673",600300,600377,77,"n","n","845","199","n","Input"
"1674","1674","1674",600433,600504,71,"t","t","846","199","t","Input"
"1675","1675","1675",600574,600699,125,"a","a","847","199","a","Input"
"1676","1676","1676",601910,601969,59,"l","l","848","199","l","Input"
"1677","1677","1677",602056,602143,87,"Space","Space","849","200"," ","Input"
"1678","1678","1678",602204,602293,89,"h","h","850","200","h","Input"
"1679","1679","1679",602290,602413,123,"e","e","851","200","e","Input"
"1680","1680","1680",602354,602505,151,"s","s","852","200","s","Input"
"1681","1681","1681",602622,602742,120,"a","a","853","200","a","Input"
"1682","1682","1682",602837,602917,80,"l","l","854","200","l","Input"
"1683","1683","1683",603013,603066,53,"y","y","855","200","y","Input"
"1684","1684","1684",603422,603478,56,"Backspace","Backspace","854","200","y","Remove/Cut"
"1685","1685","1685",603555,603619,64,"Backspace","Backspace","853","200","l","Remove/Cut"
"1686","1686","1686",603700,603754,54,"Backspace","Backspace","852","200","a","Remove/Cut"
"1687","1687","1687",603832,603895,63,"Backspace","Backspace","851","200","s","Remove/Cut"
"1688","1688","1688",603974,604097,123,"a","a","852","200","a","Input"
"1689","1689","1689",604150,604197,47,"l","l","853","200","l","Input"
"1690","1690","1690",604617,604694,77,"h","h","854","200","h","Input"
"1691","1691","1691",604995,605048,53,"Backspace","Backspace","853","200","h","Remove/Cut"
"1692","1692","1692",605189,605336,147,"t","t","854","200","t","Input"
"1693","1693","1693",605285,605383,98,"h","h","855","200","h","Input"
"1694","1694","1694",605435,605515,80,"Space","Space","856","201"," ","Input"
"1695","1695","1695",605576,605669,93,"s","s","857","201","s","Input"
"1696","1696","1696",605760,605824,64,"t","t","858","201","t","Input"
"1697","1697","1697",605907,606065,158,"a","a","859","201","a","Input"
"1698","1698","1698",606031,606195,164,"t","t","860","201","t","Input"
"1699","1699","1699",606163,606303,140,"e","e","861","201","e","Input"
"1700","1700","1700",606600,606679,79,"s","s","862","201","s","Input"
"1701","1701","1701",607051,607111,60,"Backspace","Backspace","861","201","s","Remove/Cut"
"1702","1702","1702",609248,609361,113,",",",","862","201",",","Input"
"1703","1703","1703",609328,609422,94,"Space","Space","863","202"," ","Input"
"1704","1704","1704",609419,609503,84,"a","a","864","202","a","Input"
"1705","1705","1705",609547,609577,30,"n","n","865","202","n","Input"
"1706","1706","1706",609872,609923,51,"Backspace","Backspace","864","202","n","Remove/Cut"
"1707","1707","1707",609974,610060,86,"s","s","865","202","s","Input"
"1708","1708","1708",610127,610216,89,"Space","Space","866","203"," ","Input"
"1709","1709","1709",610314,610445,131,"p","p","867","203","p","Input"
"1710","1710","1710",610514,610631,117,"e","e","868","203","e","Input"
"1711","1711","1711",610568,610680,112,"o","o","869","203","o","Input"
"1712","1712","1712",610638,610826,188,"p","p","870","203","p","Input"
"1713","1713","1713",610784,610883,99,"l","l","871","203","l","Input"
"1714","1714","1714",610930,610987,57,"e","e","872","203","e","Input"
"1715","1715","1715",611030,611074,44,"Space","Space","873","204"," ","Input"
"1716","1716","1716",612566,612665,99,"Leftclick","Leftclick","841","204","NoChange","Nonproduction"
"1717","1717","1717",612980,613035,55,"Backspace","Backspace","840","204","r","Remove/Cut"
"1718","1718","1718",613125,613180,55,"Backspace","Backspace","839","204","u","Remove/Cut"
"1719","1719","1719",613252,613328,76,"Backspace","Backspace","838","203","o","Remove/Cut"
"1720","1720","1720",615967,616046,79,"t","t","839","204","t","Input"
"1721","1721","1721",616053,616125,72,"h","h","840","204","h","Input"
"1722","1722","1722",616164,616262,98,"e","e","841","204","e","Input"
"1723","1723","1723",617382,617473,91,"Leftclick","Leftclick","873","204","NoChange","Nonproduction"
"1724","1724","1724",619799,619970,171,"a","a","874","204","a","Input"
"1725","1725","1725",619971,620133,162,"e","e","875","204","e","Input"
"1726","1726","1726",620055,620130,75,"Space","Space","876","205"," ","Input"
"1727","1727","1727",620455,620506,51,"Backspace","Backspace","875","204"," ","Remove/Cut"
"1728","1728","1728",620576,620644,68,"Backspace","Backspace","874","204","e","Remove/Cut"
"1729","1729","1729",620700,620814,114,"r","r","875","204","r","Input"
"1730","1730","1730",620771,620876,105,"e","e","876","204","e","Input"
"1731","1731","1731",620865,620913,48,"Space","Space","877","205"," ","Input"
"1732","1732","1732",620971,621036,65,"l","l","878","205","l","Input"
"1733","1733","1733",621104,621176,72,"o","o","879","205","o","Input"
"1734","1734","1734",621217,621321,104,"s","s","880","205","s","Input"
"1735","1735","1735",621287,621441,154,"i","i","881","205","i","Input"
"1736","1736","1736",621387,621492,105,"n","n","882","205","n","Input"
"1737","1737","1737",621578,621649,71,"g","g","883","205","g","Input"
"1738","1738","1738",621701,621781,80,"Space","Space","884","206"," ","Input"
"1739","1739","1739",622025,622127,102,"c","c","885","206","c","Input"
"1740","1740","1740",622132,622244,112,"o","o","886","206","o","Input"
"1741","1741","1741",622217,622296,79,"n","n","887","206","n","Input"
"1742","1742","1742",622353,622428,75,"n","n","888","206","n","Input"
"1743","1743","1743",622393,622534,141,"e","e","889","206","e","Input"
"1744","1744","1744",622484,622582,98,"c","c","890","206","c","Input"
"1745","1745","1745",622665,622727,62,"t","t","891","206","t","Input"
"1746","1746","1746",622740,622812,72,"i","i","892","206","i","Input"
"1747","1747","1747",622906,623010,104,"v","v","893","206","v","Input"
"1748","1748","1748",622978,623067,89,"i","i","894","206","i","Input"
"1749","1749","1749",623124,623273,149,"t","t","895","206","t","Input"
"1750","1750","1750",623227,623325,98,"y","y","896","206","y","Input"
"1751","1751","1751",623363,623421,58,"Space","Space","897","207"," ","Input"
"1752","1752","1752",623463,623529,66,"w","w","898","207","w","Input"
"1753","1753","1753",623505,623592,87,"i","i","899","207","i","Input"
"1754","1754","1754",623647,623712,65,"t","t","900","207","t","Input"
"1755","1755","1755",623679,623761,82,"h","h","901","207","h","Input"
"1756","1756","1756",624386,624528,142,"i","i","902","207","i","Input"
"1757","1757","1757",624494,624580,86,"n","n","903","207","n","Input"
"1758","1758","1758",624637,624740,103,"Space","Space","904","208"," ","Input"
"1759","1759","1759",624707,624832,125,"e","e","905","208","e","Input"
"1760","1760","1760",624803,624986,183,"a","a","906","208","a","Input"
"1761","1761","1761",624919,625028,109,"c","c","907","208","c","Input"
"1762","1762","1762",624983,625086,103,"h","h","908","208","h","Input"
"1763","1763","1763",625083,625149,66,"Space","Space","909","209"," ","Input"
"1764","1764","1764",625213,625281,68,"o","o","910","209","o","Input"
"1765","1765","1765",625338,625429,91,"t","t","911","209","t","Input"
"1766","1766","1766",625395,625481,86,"h","h","912","209","h","Input"
"1767","1767","1767",625537,625597,60,"e","e","913","209","e","Input"
"1768","1768","1768",625566,625661,95,"r","r","914","209","r","Input"
"1769","1769","1769",625717,625798,81,".",".","915","209",".","Input"
"1770","1770","1770",633868,633991,123,"Leftclick","Leftclick","1216","209","NoChange","Nonproduction"
"1771","1771","1771",642400,642458,58,"t","t","1217","209","t","Input"
"1772","1772","1772",642607,642758,151,"h","h","1218","209","h","Input"
"1773","1773","1773",642731,642873,142,"u","u","1219","209","u","Input"
"1774","1774","1774",642809,642834,25,"i","i","1220","209","i","Input"
"1775","1775","1775",643056,643116,60,"Backspace","Backspace","1219","209","i","Remove/Cut"
"1776","1776","1776",643209,643256,47,"Backspace","Backspace","1218","209","u","Remove/Cut"
"1777","1777","1777",643348,643394,46,"Backspace","Backspace","1217","209","h","Remove/Cut"
"1778","1778","1778",643471,643525,54,"Backspace","Backspace","1216","209","t","Remove/Cut"
"1779","1779","1779",643920,643920,0,"Shift","Shift","1216","209","NoChange","Nonproduction"
"1780","1780","1780",644038,644093,55,"O","O","1217","209","O","Input"
"1781","1781","1781",644246,644329,83,"n","n","1218","209","n","Input"
"1782","1782","1782",644401,644521,120,"c","c","1219","209","c","Input"
"1783","1783","1783",644474,644568,94,"e","e","1220","209","e","Input"
"1784","1784","1784",644565,644636,71,"Space","Space","1221","210"," ","Input"
"1785","1785","1785",644679,644813,134,"w","w","1222","210","w","Input"
"1786","1786","1786",644761,644860,99,"e","e","1223","210","e","Input"
"1787","1787","1787",644820,644924,104,"Space","Space","1224","211"," ","Input"
"1788","1788","1788",645009,645121,112,"g","g","1225","211","g","Input"
"1789","1789","1789",645109,645262,153,"e","e","1226","211","e","Input"
"1790","1790","1790",645225,645316,91,"t","t","1227","211","t","Input"
"1791","1791","1791",645313,645396,83,"Space","Space","1228","212"," ","Input"
"1792","1792","1792",645499,645580,81,"t","t","1229","212","t","Input"
"1793","1793","1793",645587,645665,78,"i","i","1230","212","i","Input"
"1794","1794","1794",645712,645851,139,"r","r","1231","212","r","Input"
"1795","1795","1795",645843,646008,165,"e","e","1232","212","e","Input"
"1796","1796","1796",645987,646108,121,"d","d","1233","212","d","Input"
"1797","1797","1797",646087,646179,92,"Space","Space","1234","213"," ","Input"
"1798","1798","1798",646854,647355,501,"Backspace","Backspace","1233","212"," ","Remove/Cut"
"1799","1799","1799",647355,647439,84,"Backspace","Backspace","1232","212","d","Remove/Cut"
"1800","1800","1800",647439,647523,84,"Backspace","Backspace","1231","212","e","Remove/Cut"
"1801","1801","1801",647523,647606,83,"Backspace","Backspace","1230","212","r","Remove/Cut"
"1802","1802","1802",647606,647689,83,"Backspace","Backspace","1229","212","i","Remove/Cut"
"1803","1803","1803",647689,647772,83,"Backspace","Backspace","1228","212","t","Remove/Cut"
"1804","1804","1804",647772,647856,84,"Backspace","Backspace","1227","211"," ","Remove/Cut"
"1805","1805","1805",647856,647874,18,"Backspace","Backspace","1226","211","t","Remove/Cut"
"1806","1806","1806",648215,648275,60,"Backspace","Backspace","1225","211","e","Remove/Cut"
"1807","1807","1807",648376,648431,55,"Backspace","Backspace","1224","211","g","Remove/Cut"
"1808","1808","1808",648684,648772,88,"Backspace","Backspace","1223","210"," ","Remove/Cut"
"1809","1809","1809",649145,649228,83,"Backspace","Backspace","1222","210","e","Remove/Cut"
"1810","1810","1810",649539,649618,79,"Backspace","Backspace","1221","210","w","Remove/Cut"
"1811","1811","1811",650393,650470,77,"p","p","1222","210","p","Input"
"1812","1812","1812",650464,650567,103,"e","e","1223","210","e","Input"
"1813","1813","1813",650514,650644,130,"o","o","1224","210","o","Input"
"1814","1814","1814",650616,650754,138,"p","p","1225","210","p","Input"
"1815","1815","1815",650724,650804,80,"l","l","1226","210","l","Input"
"1816","1816","1816",650847,650926,79,"e","e","1227","210","e","Input"
"1817","1817","1817",650942,651030,88,"Space","Space","1228","211"," ","Input"
"1818","1818","1818",651146,651221,75,"t","t","1229","211","t","Input"
"1819","1819","1819",651263,651302,39,"i","i","1230","211","i","Input"
"1820","1820","1820",651368,651524,156,"r","r","1231","211","r","Input"
"1821","1821","1821",651500,651631,131,"e","e","1232","211","e","Input"
"1822","1822","1822",651639,651731,92,"d","d","1233","211","d","Input"
"1823","1823","1823",651993,652051,58,"Backspace","Backspace","1232","211","d","Remove/Cut"
"1824","1824","1824",652208,652283,75,"Space","Space","1233","212"," ","Input"
"1825","1825","1825",652354,652425,71,"o","o","1234","212","o","Input"
"1826","1826","1826",652464,652539,75,"f","f","1235","212","f","Input"
"1827","1827","1827",652580,652640,60,"Space","Space","1236","213"," ","Input"
"1828","1828","1828",652679,652718,39,"t","t","1237","213","t","Input"
"1829","1829","1829",652762,652807,45,"h","h","1238","213","h","Input"
"1830","1830","1830",652845,652933,88,"e","e","1239","213","e","Input"
"1831","1831","1831",652941,653010,69,"i","i","1240","213","i","Input"
"1832","1832","1832",653064,653146,82,"r","r","1241","213","r","Input"
"1833","1833","1833",653124,653219,95,"Space","Space","1242","214"," ","Input"
"1834","1834","1834",653263,653321,58,"t","t","1243","214","t","Input"
"1835","1835","1835",653318,653407,89,"h","h","1244","214","h","Input"
"1836","1836","1836",653395,653502,107,"i","i","1245","214","i","Input"
"1837","1837","1837",653547,653612,65,"n","n","1246","214","n","Input"
"1838","1838","1838",653663,653774,111,"g","g","1247","214","g","Input"
"1839","1839","1839",653741,653845,104,"s","s","1248","214","s","Input"
"1840","1840","1840",653811,653930,119,",",",","1249","214",",","Input"
"1841","1841","1841",653901,653984,83,"Space","Space","1250","215"," ","Input"
"1842","1842","1842",655086,655166,80,"t","t","1251","215","t","Input"
"1843","1843","1843",655132,655213,81,"h","h","1252","215","h","Input"
"1844","1844","1844",655271,655400,129,"e","e","1253","215","e","Input"
"1845","1845","1845",655320,655401,81,"y","y","1254","215","y","Input"
"1846","1846","1846",655537,655617,80,"Space","Space","1255","216"," ","Input"
"1847","1847","1847",655668,655742,74,"e","e","1256","216","e","Input"
"1848","1848","1848",655721,655803,82,"n","n","1257","216","n","Input"
"1849","1849","1849",655846,655907,61,"d","d","1258","216","d","Input"
"1850","1850","1850",655900,655993,93,"Space","Space","1259","217"," ","Input"
"1851","1851","1851",656104,656175,71,"u","u","1260","217","u","Input"
"1852","1852","1852",656311,656390,79,"p","p","1261","217","p","Input"
"1853","1853","1853",656487,656566,79,"Space","Space","1262","218"," ","Input"
"1854","1854","1854",656617,656729,112,"i","i","1263","218","i","Input"
"1855","1855","1855",656692,656781,89,"n","n","1264","218","n","Input"
"1856","1856","1856",656854,656938,84,"Space","Space","1265","219"," ","Input"
"1857","1857","1857",657028,657138,110,"l","l","1266","219","l","Input"
"1858","1858","1858",657179,657271,92,"a","a","1267","219","a","Input"
"1859","1859","1859",657314,657354,40,"n","n","1268","219","n","Input"
"1860","1860","1860",657397,657475,78,"d","d","1269","219","d","Input"
"1861","1861","1861",657543,657629,86,"f","f","1270","219","f","Input"
"1862","1862","1862",657685,657724,39,"i","i","1271","219","i","Input"
"1863","1863","1863",658049,658096,47,";",";","1272","219",";","Input"
"1864","1864","1864",658216,658323,107,";",";","1273","219",";","Input"
"1865","1865","1865",658614,658664,50,"Backspace","Backspace","1272","219",";","Remove/Cut"
"1866","1866","1866",658743,658815,72,"Backspace","Backspace","1271","219",";","Remove/Cut"
"1867","1867","1867",659182,659233,51,"l","l","1272","219","l","Input"
"1868","1868","1868",659302,659360,58,"l","l","1273","219","l","Input"
"1869","1869","1869",659330,659419,89,"s","s","1274","219","s","Input"
"1870","1870","1870",659523,659656,133,",",",","1275","219",",","Input"
"1871","1871","1871",659611,659708,97,"Space","Space","1276","220"," ","Input"
"1872","1872","1872",659746,659829,83,"t","t","1277","220","t","Input"
"1873","1873","1873",659841,659926,85,"h","h","1278","220","h","Input"
"1874","1874","1874",659899,659988,89,"e","e","1279","220","e","Input"
"1875","1875","1875",660031,660084,53,"Space","Space","1280","221"," ","Input"
"1876","1876","1876",661350,661413,63,"Backspace","Backspace","1279","220"," ","Remove/Cut"
"1877","1877","1877",661507,661566,59,"Backspace","Backspace","1278","220","e","Remove/Cut"
"1878","1878","1878",661659,661717,58,"Backspace","Backspace","1277","220","h","Remove/Cut"
"1879","1879","1879",661813,661883,70,"Backspace","Backspace","1276","220","t","Remove/Cut"
"1880","1880","1880",663355,663409,54,"t","t","1277","220","t","Input"
"1881","1881","1881",663384,663464,80,"h","h","1278","220","h","Input"
"1882","1882","1882",663512,663592,80,"e","e","1279","220","e","Input"
"1883","1883","1883",663580,663659,79,"Space","Space","1280","221"," ","Input"
"1884","1884","1884",663723,663825,102,"o","o","1281","221","o","Input"
"1885","1885","1885",663797,663959,162,"c","c","1282","221","c","Input"
"1886","1886","1886",663886,664017,131,"e","e","1283","221","e","Input"
"1887","1887","1887",664014,664113,99,"a","a","1284","221","a","Input"
"1888","1888","1888",664109,664190,81,"n","n","1285","221","n","Input"
"1889","1889","1889",664187,664303,116,"s","s","1286","221","s","Input"
"1890","1890","1890",664347,664479,132,",",",","1287","221",",","Input"
"1891","1891","1891",664441,664550,109,"Space","Space","1288","222"," ","Input"
"1892","1892","1892",665294,665393,99,"a","a","1289","222","a","Input"
"1893","1893","1893",665361,665447,86,"n","n","1290","222","n","Input"
"1894","1894","1894",665587,665709,122,"d","d","1291","222","d","Input"
"1895","1895","1895",665683,665777,94,"Space","Space","1292","223"," ","Input"
"1896","1896","1896",666104,666335,231,"a","a","1293","223","a","Input"
"1897","1897","1897",666232,666382,150,"r","r","1294","223","r","Input"
"1898","1898","1898",666380,666491,111,"e","e","1295","223","e","Input"
"1899","1899","1899",666548,666614,66,"Space","Space","1296","224"," ","Input"
"1900","1900","1900",667399,667491,92,"p","p","1297","224","p","Input"
"1901","1901","1901",667606,667681,75,"o","o","1298","224","o","Input"
"1902","1902","1902",667784,667859,75,"o","o","1299","224","o","Input"
"1903","1903","1903",668233,668283,50,"Backspace","Backspace","1298","224","o","Remove/Cut"
"1904","1904","1904",668487,668525,38,"l","l","1299","224","l","Input"
"1905","1905","1905",668621,668659,38,"l","l","1300","224","l","Input"
"1906","1906","1906",668850,668910,60,"u","u","1301","224","u","Input"
"1907","1907","1907",668977,669052,75,"t","t","1302","224","t","Input"
"1908","1908","1908",669047,669144,97,"i","i","1303","224","i","Input"
"1909","1909","1909",669123,669196,73,"n","n","1304","224","n","Input"
"1910","1910","1910",669207,669305,98,"g","g","1305","224","g","Input"
"1911","1911","1911",669263,669345,82,"Space","Space","1306","225"," ","Input"
"1912","1912","1912",669424,669562,138,"o","o","1307","225","o","Input"
"1913","1913","1913",669525,669618,93,"u","u","1308","225","u","Input"
"1914","1914","1914",669926,670006,80,"r","r","1309","225","r","Input"
"1915","1915","1915",670094,670195,101,"Space","Space","1310","226"," ","Input"
"1916","1916","1916",670387,670489,102,"w","w","1311","226","w","Input"
"1917","1917","1917",670529,670568,39,"o","o","1312","226","o","Input"
"1918","1918","1918",670614,670675,61,"r","r","1313","226","r","Input"
"1919","1919","1919",670725,670793,68,"l","l","1314","226","l","Input"
"1920","1920","1920",670851,670957,106,"d","d","1315","226","d","Input"
"1921","1921","1921",670996,671078,82,".",".","1316","226",".","Input"
"1922","1922","1922",671248,671300,52,"Space","Space","1317","227"," ","Input"
"1923","1923","1923",671376,671447,71,"Space","Space","1318","227"," ","Input"
"1924","1924","1924",677429,677510,81,"Leftclick","Leftclick","1309","227","NoChange","Nonproduction"
"1925","1925","1925",677792,677837,45,"Backspace","Backspace","1308","227","r","Remove/Cut"
"1926","1926","1926",677921,677980,59,"Backspace","Backspace","1307","227","u","Remove/Cut"
"1927","1927","1927",678058,678122,64,"Backspace","Backspace","1306","226","o","Remove/Cut"
"1928","1928","1928",678242,678337,95,"t","t","1307","227","t","Input"
"1929","1929","1929",678385,678449,64,"h","h","1308","227","h","Input"
"1930","1930","1930",678499,678595,96,"e","e","1309","227","e","Input"
"1931","1931","1931",679384,679468,84,"Leftclick","Leftclick","1318","227","NoChange","Nonproduction"
"1932","1932","1932",680243,680243,0,"Shift","Shift","1318","227","NoChange","Nonproduction"
"1933","1933","1933",680313,680372,59,"I","I","1319","227","I","Input"
"1934","1934","1934",680492,680579,87,"t","t","1320","227","t","Input"
"1935","1935","1935",680591,680659,68,"'","'","1321","227","'","Input"
"1936","1936","1936",680723,680824,101,"s","s","1322","227","s","Input"
"1937","1937","1937",680863,680924,61,"Space","Space","1323","228"," ","Input"
"1938","1938","1938",680962,681056,94,"a","a","1324","228","a","Input"
"1939","1939","1939",681053,681124,71,"Space","Space","1325","229"," ","Input"
"1940","1940","1940",690559,690621,62,"Backspace","Backspace","1324","228"," ","Remove/Cut"
"1941","1941","1941",690796,690863,67,"n","n","1325","228","n","Input"
"1942","1942","1942",690948,691027,79,"Space","Space","1326","229"," ","Input"
"1943","1943","1943",691082,691149,67,"i","i","1327","229","i","Input"
"1944","1944","1944",691199,691244,45,"s","s","1328","229","s","Input"
"1945","1945","1945",691310,691417,107,"s","s","1329","229","s","Input"
"1946","1946","1946",691388,691473,85,"u","u","1330","229","u","Input"
"1947","1947","1947",691578,691674,96,"e","e","1331","229","e","Input"
"1948","1948","1948",691676,691753,77,"Space","Space","1332","230"," ","Input"
"1949","1949","1949",692072,692175,103,"t","t","1333","230","t","Input"
"1950","1950","1950",692144,692229,85,"h","h","1334","230","h","Input"
"1951","1951","1951",692284,692416,132,"a","a","1335","230","a","Input"
"1952","1952","1952",692354,692461,107,"t","t","1336","230","t","Input"
"1953","1953","1953",692424,692519,95,"Space","Space","1337","231"," ","Input"
"1954","1954","1954",692583,692774,191,"w","w","1338","231","w","Input"
"1955","1955","1955",692711,692838,127,"e","e","1339","231","e","Input"
"1956","1956","1956",694425,694470,45,"Backspace","Backspace","1338","231","e","Remove/Cut"
"1957","1957","1957",694543,694619,76,"Backspace","Backspace","1337","231","w","Remove/Cut"
"1958","1958","1958",695277,695360,83,"n","n","1338","231","n","Input"
"1959","1959","1959",695418,695487,69,"e","e","1339","231","e","Input"
"1960","1960","1960",695559,695695,136,"e","e","1340","231","e","Input"
"1961","1961","1961",695659,695905,246,"d","d","1341","231","d","Input"
"1962","1962","1962",695843,695977,134,"s","s","1342","231","s","Input"
"1963","1963","1963",695979,696049,70,"Space","Space","1343","232"," ","Input"
"1964","1964","1964",696098,696170,72,"t","t","1344","232","t","Input"
"1965","1965","1965",696136,696212,76,"o","o","1345","232","o","Input"
"1966","1966","1966",696280,696361,81,"Space","Space","1346","233"," ","Input"
"1967","1967","1967",696422,696495,73,"b","b","1347","233","b","Input"
"1968","1968","1968",696547,696608,61,"e","e","1348","233","e","Input"
"1969","1969","1969",696647,696742,95,"Space","Space","1349","234"," ","Input"
"1970","1970","1970",703037,703159,122,"c","c","1350","234","c","Input"
"1971","1971","1971",703135,703261,126,"o","o","1351","234","o","Input"
"1972","1972","1972",703213,703324,111,"n","n","1352","234","n","Input"
"1973","1973","1973",703362,703434,72,"s","s","1353","234","s","Input"
"1974","1974","1974",703438,703523,85,"i","i","1354","234","i","Input"
"1975","1975","1975",703519,703690,171,"d","d","1355","234","d","Input"
"1976","1976","1976",703638,703762,124,"e","e","1356","234","e","Input"
"1977","1977","1977",703770,703945,175,"d","d","1357","234","d","Input"
"1978","1978","1978",704541,704604,63,"Backspace","Backspace","1356","234","d","Remove/Cut"
"1979","1979","1979",704679,704833,154,"r","r","1357","234","r","Input"
"1980","1980","1980",704800,705025,225,"e","e","1358","234","e","Input"
"1981","1981","1981",705004,705142,138,"d","d","1359","234","d","Input"
"1982","1982","1982",706619,707119,500,"Backspace","Backspace","1358","234","d","Remove/Cut"
"1983","1983","1983",707119,707203,84,"Backspace","Backspace","1357","234","e","Remove/Cut"
"1984","1984","1984",707203,707286,83,"Backspace","Backspace","1356","234","r","Remove/Cut"
"1985","1985","1985",707286,707370,84,"Backspace","Backspace","1355","234","e","Remove/Cut"
"1986","1986","1986",707370,707442,72,"Backspace","Backspace","1354","234","d","Remove/Cut"
"1987","1987","1987",708311,708446,135,"d","d","1355","234","d","Input"
"1988","1988","1988",708496,708595,99,"e","e","1356","234","e","Input"
"1989","1989","1989",708560,708694,134,"r","r","1357","234","r","Input"
"1990","1990","1990",708664,708846,182,"e","e","1358","234","e","Input"
"1991","1991","1991",708809,708936,127,"d","d","1359","234","d","Input"
"1992","1992","1992",708938,709042,104,"Space","Space","1360","235"," ","Input"
"1993","1993","1993",709017,709146,129,"a","a","1361","235","a","Input"
"1994","1994","1994",709116,709202,86,"n","n","1362","235","n","Input"
"1995","1995","1995",709199,709328,129,"d","d","1363","235","d","Input"
"1996","1996","1996",709380,709424,44,"Space","Space","1364","236"," ","Input"
"1997","1997","1997",710525,711026,501,"Backspace","Backspace","1363","235"," ","Remove/Cut"
"1998","1998","1998",711026,711109,83,"Backspace","Backspace","1362","235","d","Remove/Cut"
"1999","1999","1999",711109,711192,83,"Backspace","Backspace","1361","235","n","Remove/Cut"
"2000","2000","2000",711192,711276,84,"Backspace","Backspace","1360","235","a","Remove/Cut"
"2001","2001","2001",711276,711359,83,"Backspace","Backspace","1359","234"," ","Remove/Cut"
"2002","2002","2002",711359,711442,83,"Backspace","Backspace","1358","234","d","Remove/Cut"
"2003","2003","2003",711442,711525,83,"Backspace","Backspace","1357","234","e","Remove/Cut"
"2004","2004","2004",711525,711609,84,"Backspace","Backspace","1356","234","r","Remove/Cut"
"2005","2005","2005",711609,711692,83,"Backspace","Backspace","1355","234","e","Remove/Cut"
"2006","2006","2006",711692,711776,84,"Backspace","Backspace","1354","234","d","Remove/Cut"
"2007","2007","2007",711776,711859,83,"Backspace","Backspace","1353","234","i","Remove/Cut"
"2008","2008","2008",711859,711942,83,"Backspace","Backspace","1352","234","s","Remove/Cut"
"2009","2009","2009",711942,712025,83,"Backspace","Backspace","1351","234","n","Remove/Cut"
"2010","2010","2010",712025,712108,83,"Backspace","Backspace","1350","234","o","Remove/Cut"
"2011","2011","2011",712108,712192,84,"Backspace","Backspace","1349","234","c","Remove/Cut"
"2012","2012","2012",712192,712276,84,"Backspace","Backspace","1348","233"," ","Remove/Cut"
"2013","2013","2013",712276,712359,83,"Backspace","Backspace","1347","233","e","Remove/Cut"
"2014","2014","2014",712359,712442,83,"Backspace","Backspace","1346","233","b","Remove/Cut"
"2015","2015","2015",712442,712526,84,"Backspace","Backspace","1345","232"," ","Remove/Cut"
"2016","2016","2016",712526,712609,83,"Backspace","Backspace","1344","232","o","Remove/Cut"
"2017","2017","2017",712609,712692,83,"Backspace","Backspace","1343","232","t","Remove/Cut"
"2018","2018","2018",712692,712730,38,"Backspace","Backspace","1342","231"," ","Remove/Cut"
"2019","2019","2019",712873,712944,71,"Backspace","Backspace","1341","231","s","Remove/Cut"
"2020","2020","2020",713042,713097,55,"Backspace","Backspace","1340","231","d","Remove/Cut"
"2021","2021","2021",713209,713258,49,"Backspace","Backspace","1339","231","e","Remove/Cut"
"2022","2022","2022",713358,713417,59,"Backspace","Backspace","1338","231","e","Remove/Cut"
"2023","2023","2023",713513,713571,58,"Backspace","Backspace","1337","231","n","Remove/Cut"
"2024","2024","2024",713660,713721,61,"Backspace","Backspace","1336","230"," ","Remove/Cut"
"2025","2025","2025",713813,713875,62,"Backspace","Backspace","1335","230","t","Remove/Cut"
"2026","2026","2026",713999,714078,79,"Backspace","Backspace","1334","230","a","Remove/Cut"
"2027","2027","2027",714191,714246,55,"Backspace","Backspace","1333","230","h","Remove/Cut"
"2028","2028","2028",714379,714450,71,"Backspace","Backspace","1332","230","t","Remove/Cut"
"2029","2029","2029",714662,714800,138,"i","i","1333","230","i","Input"
"2030","2030","2030",714804,714844,40,"n","n","1334","230","n","Input"
"2031","2031","2031",715289,715368,79,"Space","Space","1335","231"," ","Input"
"2032","2032","2032",715414,715490,76,"t","t","1336","231","t","Input"
"2033","2033","2033",715530,715595,65,"o","o","1337","231","o","Input"
"2034","2034","2034",715759,715920,161,"d","d","1338","231","d","Input"
"2035","2035","2035",715887,716009,122,"a","a","1339","231","a","Input"
"2036","2036","2036",716172,716251,79,"y","y","1340","231","y","Input"
"2037","2037","2037",716298,716343,45,"'","'","1341","231","'","Input"
"2038","2038","2038",716398,716509,111,"s","s","1342","231","s","Input"
"2039","2039","2039",716479,716560,81,"Space","Space","1343","232"," ","Input"
"2040","2040","2040",716613,716691,78,"w","w","1344","232","w","Input"
"2041","2041","2041",716671,716733,62,"p","p","1345","232","p","Input"
"2042","2042","2042",716778,716862,84,"r","r","1346","232","r","Input"
"2043","2043","2043",716867,716941,74,";",";","1347","232",";","Input"
"2044","2044","2044",716997,717074,77,"d","d","1348","232","d","Input"
"2045","2045","2045",717305,717352,47,"Backspace","Backspace","1347","232","d","Remove/Cut"
"2046","2046","2046",717442,717496,54,"Backspace","Backspace","1346","232",";","Remove/Cut"
"2047","2047","2047",717577,717632,55,"Backspace","Backspace","1345","232","r","Remove/Cut"
"2048","2048","2048",717700,717771,71,"Backspace","Backspace","1344","232","p","Remove/Cut"
"2049","2049","2049",717983,718062,79,"o","o","1345","232","o","Input"
"2050","2050","2050",718198,718277,79,"r","r","1346","232","r","Input"
"2051","2051","2051",718331,718378,47,"l","l","1347","232","l","Input"
"2052","2052","2052",718547,718650,103,"d","d","1348","232","d","Input"
"2053","2053","2053",718697,718775,78,"Space","Space","1349","233"," ","Input"
"2054","2054","2054",718830,718911,81,"t","t","1350","233","t","Input"
"2055","2055","2055",718891,718976,85,"h","h","1351","233","h","Input"
"2056","2056","2056",719030,719130,100,"a","a","1352","233","a","Input"
"2057","2057","2057",719068,719183,115,"t","t","1353","233","t","Input"
"2058","2058","2058",719180,719245,65,"Space","Space","1354","234"," ","Input"
"2059","2059","2059",722126,722275,149,"s","s","1355","234","s","Input"
"2060","2060","2060",722250,722331,81,"e","e","1356","234","e","Input"
"2061","2061","2061",722382,722459,77,"e","e","1357","234","e","Input"
"2062","2062","2062",722514,722575,61,"m","m","1358","234","m","Input"
"2063","2063","2063",722550,722672,122,"s","s","1359","234","s","Input"
"2064","2064","2064",722667,722743,76,"Space","Space","1360","235"," ","Input"
"2065","2065","2065",722796,722858,62,"t","t","1361","235","t","Input"
"2066","2066","2066",722838,722912,74,"o","o","1362","235","o","Input"
"2067","2067","2067",722991,723093,102,"Space","Space","1363","236"," ","Input"
"2068","2068","2068",723509,723587,78,"b","b","1364","236","b","Input"
"2069","2069","2069",723629,723701,72,"e","e","1365","236","e","Input"
"2070","2070","2070",723747,723793,46,"Space","Space","1366","237"," ","Input"
"2071","2071","2071",725985,726124,139,"g","g","1367","237","g","Input"
"2072","2072","2072",726104,726242,138,"e","e","1368","237","e","Input"
"2073","2073","2073",726213,726297,84,"t","t","1369","237","t","Input"
"2074","2074","2074",726350,726420,70,"t","t","1370","237","t","Input"
"2075","2075","2075",726417,726495,78,"i","i","1371","237","i","Input"
"2076","2076","2076",726497,726550,53,"n","n","1372","237","n","Input"
"2077","2077","2077",726545,726660,115,"g","g","1373","237","g","Input"
"2078","2078","2078",726640,726735,95,"Space","Space","1374","238"," ","Input"
"2079","2079","2079",726833,726944,111,"w","w","1375","238","w","Input"
"2080","2080","2080",726956,727036,80,"o","o","1376","238","o","Input"
"2081","2081","2081",727079,727164,85,"r","r","1377","238","r","Input"
"2082","2082","2082",727353,727491,138,"s","s","1378","238","s","Input"
"2083","2083","2083",727413,727546,133,"e","e","1379","238","e","Input"
"2084","2084","2084",727548,727606,58,"Space","Space","1380","239"," ","Input"
"2085","2085","2085",727718,727843,125,"b","b","1381","239","b","Input"
"2086","2086","2086",727822,727908,86,"y","y","1382","239","y","Input"
"2087","2087","2087",728030,728137,107,"Space","Space","1383","240"," ","Input"
"2088","2088","2088",728181,728261,80,"t","t","1384","240","t","Input"
"2089","2089","2089",728237,728343,106,"h","h","1385","240","h","Input"
"2090","2090","2090",728314,728443,129,"e","e","1386","240","e","Input"
"2091","2091","2091",728420,728524,104,"Space","Space","1387","241"," ","Input"
"2092","2092","2092",728834,728912,78,"y","y","1388","241","y","Input"
"2093","2093","2093",728860,729031,171,"e","e","1389","241","e","Input"
"2094","2094","2094",729002,729176,174,"a","a","1390","241","a","Input"
"2095","2095","2095",729085,729230,145,"r","r","1391","241","r","Input"
"2096","2096","2096",729240,729333,93,".",".","1392","241",".","Input"
"2097","2097","2097",750338,750402,64,"Leftclick","Leftclick","998","241","NoChange","Nonproduction"
"2098","2098","2098",751369,751420,51,"Backspace","Backspace","997","241","T","Remove/Cut"
"2099","2099","2099",753295,753295,0,"Shift","Shift","997","241","NoChange","Nonproduction"
"2100","2100","2100",753352,753421,69,"O","O","998","241","O","Input"
"2101","2101","2101",753859,753904,45,"n","n","999","241","n","Input"
"2102","2102","2102",753996,754067,71,"Space","Space","1000","242"," ","Input"
"2103","2103","2103",754139,754243,104,"o","o","1001","242","o","Input"
"2104","2104","2104",754224,754300,76,"n","n","1002","242","n","Input"
"2105","2105","2105",754297,754367,70,"e","e","1003","242","e","Input"
"2106","2106","2106",754370,754459,89,"Space","Space","1004","243"," ","Input"
"2107","2107","2107",754466,754598,132,"s","s","1005","243","s","Input"
"2108","2108","2108",754544,754646,102,"i","i","1006","243","i","Input"
"2109","2109","2109",754704,754888,184,"d","d","1007","243","d","Input"
"2110","2110","2110",754817,754930,113,"e","e","1008","243","e","Input"
"2111","2111","2111",755627,755726,99,",",",","1009","243",",","Input"
"2112","2112","2112",756044,756121,77,"Space","Space","1010","244"," ","Input"
"2113","2113","2113",756313,756367,54,"t","t","1011","244","t","Input"
"2114","2114","2114",763695,763758,63,"Leftclick","Leftclick","1230","244","NoChange","Nonproduction"
"2115","2115","2115",764286,764361,75,"Backspace","Backspace","1229","244","O","Remove/Cut"
"2116","2116","2116",764540,764540,0,"Shift","Shift","1229","244","NoChange","Nonproduction"
"2117","2117","2117",764669,764734,65,"B","b","1230","244","B","Input"
"2118","2118","2118",764815,764882,67,"u","u","1231","244","u","Input"
"2119","2119","2119",764946,765046,100,"t","t","1232","244","t","Input"
"2120","2120","2120",765330,765413,83,"Space","Space","1233","245"," ","Input"
"2121","2121","2121",765707,765801,94,"o","o","1234","245","o","Input"
"2122","2122","2122",779688,779804,116,"Leftclick","Leftclick","652","245","NoChange","Nonproduction"
"2123","2123","2123",780653,780759,106,"i","i","653","245","i","Input"
"2124","2124","2124",780710,780818,108,"n","n","654","245","n","Input"
"2125","2125","2125",780875,780966,91,"s","s","655","245","s","Input"
"2126","2126","2126",781014,781050,36,"t","t","656","245","t","Input"
"2127","2127","2127",781098,781197,99,"a","a","657","245","a","Input"
"2128","2128","2128",781199,781285,86,"n","n","658","245","n","Input"
"2129","2129","2129",781357,781446,89,"t","t","659","245","t","Input"
"2130","2130","2130",781442,781533,91,"Space","Space","660","246"," ","Input"
"2131","2131","2131",786166,786266,100,"Leftclick","Leftclick","729","246","NoChange","Nonproduction"
"2132","2132","2132",789846,789945,99,"Leftclick","Leftclick","635","246","NoChange","Nonproduction"
"2133","2133","2133",790596,790596,0,"Shift","Shift","635","246","NoChange","Nonproduction"
"2134","2134","2134",790749,790862,113,"W","w","636","246","W","Input"
"2135","2135","2135",790911,790991,80,"h","h","637","246","h","Input"
"2136","2136","2136",790949,791045,96,"i","i","638","246","i","Input"
"2137","2137","2137",791144,791226,82,"l","l","639","246","l","Input"
"2138","2138","2138",791235,791294,59,"e","e","640","246","e","Input"
"2139","2139","2139",791346,791401,55,"Space","Space","641","247"," ","Input"
"2140","2140","2140",791447,791507,60,"s","s","642","247","s","Input"
"2141","2141","2141",791503,791573,70,"o","o","643","247","o","Input"
"2142","2142","2142",791630,791706,76,"c","c","644","247","c","Input"
"2143","2143","2143",791701,791768,67,"i","i","645","247","i","Input"
"2144","2144","2144",791815,791886,71,"a","a","646","247","a","Input"
"2145","2145","2145",791930,791985,55,"l","l","647","247","l","Input"
"2146","2146","2146",792031,792101,70,"Space","Space","648","248"," ","Input"
"2147","2147","2147",792167,792258,91,"m","m","649","248","m","Input"
"2148","2148","2148",792238,792380,142,"e","e","650","248","e","Input"
"2149","2149","2149",792355,792487,132,"d","d","651","248","d","Input"
"2150","2150","2150",792483,792554,71,"i","i","652","248","i","Input"
"2151","2151","2151",792597,792665,68,"a","a","653","248","a","Input"
"2152","2152","2152",792840,792920,80,"Space","Space","654","249"," ","Input"
"2153","2153","2153",793554,793643,89,"h","h","655","249","h","Input"
"2154","2154","2154",793702,793899,197,"a","a","656","249","a","Input"
"2155","2155","2155",793856,793949,93,"s","s","657","249","s","Input"
"2156","2156","2156",793946,794005,59,"Space","Space","658","250"," ","Input"
"2157","2157","2157",794202,794297,95,"t","t","659","250","t","Input"
"2158","2158","2158",794643,794701,58,"Backspace","Backspace","658","250","t","Remove/Cut"
"2159","2159","2159",795016,795083,67,"i","i","659","250","i","Input"
"2160","2160","2160",795199,795294,95,"t","t","660","250","t","Input"
"2161","2161","2161",795296,795394,98,"'","'","661","250","'","Input"
"2162","2162","2162",795592,795665,73,"s","s","662","250","s","Input"
"2163","2163","2163",795711,795779,68,"Space","Space","663","251"," ","Input"
"2164","2164","2164",795868,795960,92,"g","g","664","251","g","Input"
"2165","2165","2165",795962,796010,48,"o","o","665","251","o","Input"
"2166","2166","2166",796063,796144,81,"o","o","666","251","o","Input"
"2167","2167","2167",796198,796292,94,"d","d","667","251","d","Input"
"2168","2168","2168",796271,796348,77,"Space","Space","668","252"," ","Input"
"2169","2169","2169",796427,796511,84,"p","p","669","252","p","Input"
"2170","2170","2170",796634,796716,82,"o","o","670","252","o","Input"
"2171","2171","2171",796845,796949,104,"i","i","671","252","i","Input"
"2172","2172","2172",797035,797130,95,"n","n","672","252","n","Input"
"2173","2173","2173",797217,797296,79,"t","t","673","252","t","Input"
"2174","2174","2174",797467,797541,74,"s","s","674","252","s","Input"
"2175","2175","2175",798520,798660,140,",",",","675","252",",","Input"
"2176","2176","2176",798631,798715,84,"Space","Space","676","253"," ","Input"
"2177","2177","2177",798712,798774,62,"s","s","677","253","s","Input"
"2178","2178","2178",798830,798870,40,"u","u","678","253","u","Input"
"2179","2179","2179",798914,799010,96,"c","c","679","253","c","Input"
"2180","2180","2180",798986,799062,76,"h","h","680","253","h","Input"
"2181","2181","2181",799114,799204,90,"Space","Space","681","254"," ","Input"
"2182","2182","2182",799195,799339,144,"a","a","682","254","a","Input"
"2183","2183","2183",799299,799412,113,"s","s","683","254","s","Input"
"2184","2184","2184",799379,799461,82,"Space","Space","684","255"," ","Input"
"2185","2185","2185",799513,799610,97,"a","a","685","255","a","Input"
"2186","2186","2186",799574,799623,49,"l","l","686","255","l","Input"
"2187","2187","2187",799688,799764,76,"l","l","687","255","l","Input"
"2188","2188","2188",799826,799894,68,"o","o","688","255","o","Input"
"2189","2189","2189",799947,800005,58,"w","w","689","255","w","Input"
"2190","2190","2190",800048,800128,80,"i","i","690","255","i","Input"
"2191","2191","2191",800097,800184,87,"n","n","691","255","n","Input"
"2192","2192","2192",800228,800287,59,"g","g","692","255","g","Input"
"2193","2193","2193",800284,800371,87,"Space","Space","693","256"," ","Input"
"2194","2194","2194",801078,801148,70,"p","p","694","256","p","Input"
"2195","2195","2195",801196,801276,80,"e","e","695","256","e","Input"
"2196","2196","2196",801254,801334,80,"o","o","696","256","o","Input"
"2197","2197","2197",801329,801462,133,"p","p","697","256","p","Input"
"2198","2198","2198",801434,801513,79,"l","l","698","256","l","Input"
"2199","2199","2199",801522,801618,96,"e","e","699","256","e","Input"
"2200","2200","2200",801621,801699,78,"Space","Space","700","257"," ","Input"
"2201","2201","2201",801746,801787,41,"t","t","701","257","t","Input"
"2202","2202","2202",801827,801873,46,"o","o","702","257","o","Input"
"2203","2203","2203",801951,802035,84,"Space","Space","703","258"," ","Input"
"2204","2204","2204",802080,802176,96,"c","c","704","258","c","Input"
"2205","2205","2205",802146,802262,116,"o","o","705","258","o","Input"
"2206","2206","2206",802229,802316,87,"n","n","706","258","n","Input"
"2207","2207","2207",802367,802475,108,"n","n","707","258","n","Input"
"2208","2208","2208",802529,802633,104,"e","e","708","258","e","Input"
"2209","2209","2209",802573,802692,119,"c","c","709","258","c","Input"
"2210","2210","2210",802865,803003,138,"t","t","710","258","t","Input"
"2211","2211","2211",803046,803123,77,"s","s","711","258","s","Input"
"2212","2212","2212",803750,803824,74,"Backspace","Backspace","710","258","s","Remove/Cut"
"2213","2213","2213",804488,804571,83,",",",","711","258",",","Input"
"2214","2214","2214",804852,804919,67,"Space","Space","712","259"," ","Input"
"2215","2215","2215",805858,805956,98,"ArrowRight","ArrowRight","713","259","NoChange","Nonproduction"
"2216","2216","2216",806709,806771,62,"Backspace","Backspace","712","259","P","Remove/Cut"
"2217","2217","2217",807005,807075,70,"p","p","713","259","p","Input"
"2218","2218","2218",809811,809893,82,"Leftclick","Leftclick","718","259","NoChange","Nonproduction"
"2219","2219","2219",810317,810395,78,"Space","Space","719","259"," ","Input"
"2220","2220","2220",810446,810543,97,"a","a","720","260","a","Input"
"2221","2221","2221",810516,810601,85,"l","l","721","260","l","Input"
"2222","2222","2222",810647,810729,82,"s","s","722","260","s","Input"
"2223","2223","2223",810726,810791,65,"o","o","723","260","o","Input"
"2224","2224","2224",817774,817856,82,"Leftclick","Leftclick","767","260","NoChange","Nonproduction"
"2225","2225","2225",818413,818487,74,"Space","Space","768","260"," ","Input"
"2226","2226","2226",818590,818645,55,"p","p","769","261","p","Input"
"2227","2227","2227",818744,818802,58,"o","o","770","261","o","Input"
"2228","2228","2228",818848,818996,148,"s","s","771","261","s","Input"
"2229","2229","2229",818930,819045,115,"t","t","772","261","t","Input"
"2230","2230","2230",818936,819094,158,"i","i","773","261","i","Input"
"2231","2231","2231",819047,819145,98,"n","n","774","261","n","Input"
"2232","2232","2232",819147,819227,80,"g","g","775","261","g","Input"
"2233","2233","2233",819196,819281,85,"Space","Space","776","261"," ","Input"
"2234","2234","2234",819330,819424,94,"a","a","777","262","a","Input"
"2235","2235","2235",819381,819480,99,"b","b","778","262","b","Input"
"2236","2236","2236",819532,819635,103,"o","o","779","262","o","Input"
"2237","2237","2237",819599,819677,78,"u","u","780","262","u","Input"
"2238","2238","2238",819681,819757,76,"t","t","781","262","t","Input"
"2239","2239","2239",819814,819887,73,"Space","Space","782","262"," ","Input"
"2240","2240","2240",819879,819968,89,"t","t","783","263","t","Input"
"2241","2241","2241",819966,820070,104,"h","h","784","263","h","Input"
"2242","2242","2242",820113,820178,65,"e","e","785","263","e","Input"
"2243","2243","2243",820174,820257,83,"Space","Space","786","263"," ","Input"
"2244","2244","2244",820552,820611,59,"ArrowRight","ArrowRight","787","263","NoChange","Nonproduction"
"2245","2245","2245",820698,820749,51,"ArrowRight","ArrowRight","788","263","NoChange","Nonproduction"
"2246","2246","2246",820835,820889,54,"ArrowRight","ArrowRight","789","263","NoChange","Nonproduction"
"2247","2247","2247",820962,821023,61,"ArrowRight","ArrowRight","790","263","NoChange","Nonproduction"
"2248","2248","2248",821103,821162,59,"ArrowRight","ArrowRight","791","263","NoChange","Nonproduction"
"2249","2249","2249",821244,821311,67,"ArrowRight","ArrowRight","792","263","NoChange","Nonproduction"
"2250","2250","2250",821395,821473,78,"ArrowRight","ArrowRight","793","263","NoChange","Nonproduction"
"2251","2251","2251",821678,821762,84,"ArrowRight","ArrowRight","794","263","NoChange","Nonproduction"
"2252","2252","2252",822068,822134,66,"Backspace","Backspace","793","262"," ","Remove/Cut"
"2253","2253","2253",822216,822280,64,"Backspace","Backspace","792","262","g","Remove/Cut"
"2254","2254","2254",822374,822432,58,"Backspace","Backspace","791","262","n","Remove/Cut"
"2255","2255","2255",822526,822593,67,"Backspace","Backspace","790","262","i","Remove/Cut"
"2256","2256","2256",822852,822922,70,"Backspace","Backspace","789","262","v","Remove/Cut"
"2257","2257","2257",823135,823198,63,"Backspace","Backspace","788","262","a","Remove/Cut"
"2258","2258","2258",823406,823489,83,"Backspace","Backspace","787","262","h","Remove/Cut"
"2259","2259","2259",823730,823808,78,"Backspace","Backspace","786","262"," ","Remove/Cut"
"2260","2260","2260",825297,825394,97,"Leftclick","Leftclick","791","262","NoChange","Nonproduction"
"2261","2261","2261",825798,825880,82,"Space","Space","792","262"," ","Input"
"2262","2262","2262",825937,826042,105,"t","t","793","263","t","Input"
"2263","2263","2263",826007,826093,86,"h","h","794","263","h","Input"
"2264","2264","2264",826095,826229,134,"e","e","795","263","e","Input"
"2265","2265","2265",826192,826237,45,"y","y","796","263","y","Input"
"2266","2266","2266",826334,826434,100,"Space","Space","797","263"," ","Input"
"2267","2267","2267",826478,826577,99,"h","h","798","264","h","Input"
"2268","2268","2268",826549,826692,143,"a","a","799","264","a","Input"
"2269","2269","2269",826669,826775,106,"v","v","800","264","v","Input"
"2270","2270","2270",826829,826913,84,"e","e","801","264","e","Input"
"2271","2271","2271",834380,834497,117,"Leftclick","Leftclick","898","264","NoChange","Nonproduction"
"2272","2272","2272",835145,835245,100,"s","s","899","264","s","Input"
"2273","2273","2273",835220,835298,78,"p","p","900","264","p","Input"
"2274","2274","2274",835353,835431,78,"e","e","901","264","e","Input"
"2275","2275","2275",835480,835544,64,"n","n","902","264","n","Input"
"2276","2276","2276",835511,835627,116,"d","d","903","264","d","Input"
"2277","2277","2277",835594,835711,117,"i","i","904","264","i","Input"
"2278","2278","2278",835681,835761,80,"n","n","905","264","n","Input"
"2279","2279","2279",835815,835854,39,"g","g","906","264","g","Input"
"2280","2280","2280",835851,835927,76,"Space","Space","907","265"," ","Input"
"2281","2281","2281",836007,836158,151,"m","m","908","265","m","Input"
"2282","2282","2282",836079,836197,118,"o","o","909","265","o","Input"
"2283","2283","2283",836136,836264,128,"r","r","910","265","r","Input"
"2284","2284","2284",836238,836314,76,"e","e","911","265","e","Input"
"2285","2285","2285",836311,836361,50,"Space","Space","912","266"," ","Input"
"2286","2286","2286",836411,836496,85,"a","a","913","266","a","Input"
"2287","2287","2287",836445,836545,100,"n","n","914","266","n","Input"
"2288","2288","2288",836553,836666,113,"d","d","915","266","d","Input"
"2289","2289","2289",836610,836711,101,"Space","Space","916","267"," ","Input"
"2290","2290","2290",836769,836916,147,"m","m","917","267","m","Input"
"2291","2291","2291",836870,836963,93,"o","o","918","267","o","Input"
"2292","2292","2292",836961,837044,83,"r","r","919","267","r","Input"
"2293","2293","2293",837013,837103,90,"e","e","920","267","e","Input"
"2294","2294","2294",837096,837145,49,"Space","Space","921","268"," ","Input"
"2295","2295","2295",837205,837328,123,"m","m","922","268","m","Input"
"2296","2296","2296",837291,837442,151,"o","o","923","268","o","Input"
"2297","2297","2297",837420,837538,118,"n","n","924","268","n","Input"
"2298","2298","2298",837579,837672,93,"e","e","925","268","e","Input"
"2299","2299","2299",837716,837801,85,"y","y","926","268","y","Input"
"2300","2300","2300",838317,838452,135,",",",","927","268",",","Input"
"2301","2301","2301",838397,838496,99,"Space","Space","928","269"," ","Input"
"2302","2302","2302",871046,871162,116,"Leftclick","Leftclick","1138","269","NoChange","Nonproduction"
"2303","2303","2303",871692,871692,0,"Shift","Shift","1138","269","NoChange","Nonproduction"
"2304","2304","2304",871741,871811,70,"P","P","1139","269","P","Input"
"2305","2305","2305",871977,872068,91,"e","e","1140","269","e","Input"
"2306","2306","2306",872148,872273,125,"o","o","1141","269","o","Input"
"2307","2307","2307",872260,872397,137,"p","p","1142","269","p","Input"
"2308","2308","2308",872372,872467,95,"l","l","1143","269","l","Input"
"2309","2309","2309",872515,872592,77,"e","e","1144","269","e","Input"
"2310","2310","2310",872596,872680,84,"Space","Space","1145","270"," ","Input"
"2311","2311","2311",872983,873029,46,"Backspace","Backspace","1144","269"," ","Remove/Cut"
"2312","2312","2312",873112,873162,50,"Backspace","Backspace","1143","269","e","Remove/Cut"
"2313","2313","2313",873256,873309,53,"Backspace","Backspace","1142","269","l","Remove/Cut"
"2314","2314","2314",873382,873442,60,"Backspace","Backspace","1141","269","p","Remove/Cut"
"2315","2315","2315",873526,873571,45,"Backspace","Backspace","1140","269","o","Remove/Cut"
"2316","2316","2316",873660,873702,42,"Backspace","Backspace","1139","269","e","Remove/Cut"
"2317","2317","2317",873798,873839,41,"Backspace","Backspace","1138","269","P","Remove/Cut"
"2318","2318","2318",874006,874006,0,"Shift","Shift","1138","269","NoChange","Nonproduction"
"2319","2319","2319",874083,874147,64,"M","m","1139","269","M","Input"
"2320","2320","2320",874195,874255,60,"o","o","1140","269","o","Input"
"2321","2321","2321",874609,874685,76,"r","r","1141","269","r","Input"
"2322","2322","2322",874655,874756,101,"e","e","1142","269","e","Input"
"2323","2323","2323",875444,875507,63,"Backspace","Backspace","1141","269","e","Remove/Cut"
"2324","2324","2324",875580,875644,64,"Backspace","Backspace","1140","269","r","Remove/Cut"
"2325","2325","2325",875741,875800,59,"Backspace","Backspace","1139","269","o","Remove/Cut"
"2326","2326","2326",876503,876578,75,"o","o","1140","269","o","Input"
"2327","2327","2327",876635,876727,92,"r","r","1141","269","r","Input"
"2328","2328","2328",876705,876790,85,"e","e","1142","269","e","Input"
"2329","2329","2329",876739,876843,104,"Space","Space","1143","270"," ","Input"
"2330","2330","2330",876903,877026,123,"m","m","1144","270","m","Input"
"2331","2331","2331",876994,877130,136,"o","o","1145","270","o","Input"
"2332","2332","2332",877137,877275,138,"n","n","1146","270","n","Input"
"2333","2333","2333",877251,877353,102,"e","e","1147","270","e","Input"
"2334","2334","2334",877394,877442,48,"y","y","1148","270","y","Input"
"2335","2335","2335",877565,877652,87,"Space","Space","1149","271"," ","Input"
"2336","2336","2336",877722,877788,66,"i","i","1150","271","i","Input"
"2337","2337","2337",877826,877926,100,"s","s","1151","271","s","Input"
"2338","2338","2338",877888,877980,92,"Space","Space","1152","272"," ","Input"
"2339","2339","2339",878031,878105,74,"b","b","1153","272","b","Input"
"2340","2340","2340",878161,878207,46,"e","e","1154","272","e","Input"
"2341","2341","2341",878263,878326,63,"i","i","1155","272","i","Input"
"2342","2342","2342",878295,878378,83,"n","n","1156","272","n","Input"
"2343","2343","2343",878429,878468,39,"g","g","1157","272","g","Input"
"2344","2344","2344",878464,878545,81,"Space","Space","1158","273"," ","Input"
"2345","2345","2345",878603,878686,83,"s","s","1159","273","s","Input"
"2346","2346","2346",878652,878727,75,"p","p","1160","273","p","Input"
"2347","2347","2347",878805,878908,103,"e","e","1161","273","e","Input"
"2348","2348","2348",878873,878962,89,"n","n","1162","273","n","Input"
"2349","2349","2349",879012,879093,81,"t","t","1163","273","t","Input"
"2350","2350","2350",879072,879149,77,"Space","Space","1164","274"," ","Input"
"2351","2351","2351",879292,879410,118,"i","i","1165","274","i","Input"
"2352","2352","2352",879388,879460,72,"n","n","1166","274","n","Input"
"2353","2353","2353",879523,879612,89,"Space","Space","1167","275"," ","Input"
"2354","2354","2354",879696,879827,131,"o","o","1168","275","o","Input"
"2355","2355","2355",879824,879874,50,"u","u","1169","275","u","Input"
"2356","2356","2356",879926,879996,70,"r","r","1170","275","r","Input"
"2357","2357","2357",880047,880120,73,"Space","Space","1171","276"," ","Input"
"2358","2358","2358",880161,880211,50,"e","e","1172","276","e","Input"
"2359","2359","2359",880394,880488,94,"c","c","1173","276","c","Input"
"2360","2360","2360",880528,880631,103,"o","o","1174","276","o","Input"
"2361","2361","2361",880841,880920,79,"n","n","1175","276","n","Input"
"2362","2362","2362",881126,881213,87,"o","o","1176","276","o","Input"
"2363","2363","2363",881311,881389,78,"m","m","1177","276","m","Input"
"2364","2364","2364",881446,881494,48,"y","y","1178","276","y","Input"
"2365","2365","2365",881545,881597,52,"Space","Space","1179","277"," ","Input"
"2366","2366","2366",881647,881726,79,"t","t","1180","277","t","Input"
"2367","2367","2367",881694,881779,85,"h","h","1181","277","h","Input"
"2368","2368","2368",881833,881922,89,"a","a","1182","277","a","Input"
"2369","2369","2369",881919,881990,71,"n","n","1183","277","n","Input"
"2370","2370","2370",882071,882155,84,"Space","Space","1184","278"," ","Input"
"2371","2371","2371",882206,882253,47,"e","e","1185","278","e","Input"
"2372","2372","2372",882296,882340,44,"v","v","1186","278","v","Input"
"2373","2373","2373",882350,882465,115,"e","e","1187","278","e","Input"
"2374","2374","2374",882410,882516,106,"r","r","1188","278","r","Input"
"2375","2375","2375",882513,882594,81,"Space","Space","1189","279"," ","Input"
"2376","2376","2376",882673,882735,62,"b","b","1190","279","b","Input"
"2377","2377","2377",882732,882801,69,"e","e","1191","279","e","Input"
"2378","2378","2378",882846,882954,108,"f","f","1192","279","f","Input"
"2379","2379","2379",882995,883049,54,"o","o","1193","279","o","Input"
"2380","2380","2380",883097,883203,106,"r","r","1194","279","r","Input"
"2381","2381","2381",883244,883253,9,"e","e","1195","279","e","Input"
"2382","2382","2382",883541,883616,75,".",".","1196","279",".","Input"
"2383","2383","2383",883771,883838,67,"Space","Space","1197","280"," ","Input"
"2384","2384","2384",883917,883999,82,"Space","Space","1198","280"," ","Input"
"2385","2385","2385",884054,884054,0,"Shift","Shift","1198","280","NoChange","Nonproduction"
"2386","2386","2386",884325,884419,94,"W","W","1199","280","W","Input"
"2387","2387","2387",884503,884538,35,"h","h","1200","280","h","Input"
"2388","2388","2388",885169,885228,59,"i","i","1201","280","i","Input"
"2389","2389","2389",885356,885414,58,"l","l","1202","280","l","Input"
"2390","2390","2390",885461,885527,66,"e","e","1203","280","e","Input"
"2391","2391","2391",885536,885621,85,"Space","Space","1204","281"," ","Input"
"2392","2392","2392",885729,885815,86,"t","t","1205","281","t","Input"
"2393","2393","2393",885862,885975,113,"h","h","1206","281","h","Input"
"2394","2394","2394",885921,886029,108,"i","i","1207","281","i","Input"
"2395","2395","2395",886177,886255,78,"Space","Space","1208","282"," ","Input"
"2396","2396","2396",886569,886632,63,"Backspace","Backspace","1207","281"," ","Remove/Cut"
"2397","2397","2397",886680,886737,57,"s","s","1208","281","s","Input"
"2398","2398","2398",886906,886984,78,"Space","Space","1209","282"," ","Input"
"2399","2399","2399",889909,890035,126,"d","d","1210","282","d","Input"
"2400","2400","2400",890200,890275,75,"r","r","1211","282","r","Input"
"2401","2401","2401",890327,890361,34,"i","i","1212","282","i","Input"
"2402","2402","2402",890916,891133,217,"v","v","1213","282","v","Input"
"2403","2403","2403",891028,891176,148,"e","e","1214","282","e","Input"
"2404","2404","2404",891129,891261,132,"s","s","1215","282","s","Input"
"2405","2405","2405",891226,891313,87,"Space","Space","1216","283"," ","Input"
"2406","2406","2406",891382,891477,95,"p","p","1217","283","p","Input"
"2407","2407","2407",891529,891593,64,"r","r","1218","283","r","Input"
"2408","2408","2408",891645,891703,58,"o","o","1219","283","o","Input"
"2409","2409","2409",892176,892287,111,"d","d","1220","283","d","Input"
"2410","2410","2410",892431,892489,58,"u","u","1221","283","u","Input"
"2411","2411","2411",892505,892584,79,"c","c","1222","283","c","Input"
"2412","2412","2412",892694,892836,142,"i","i","1223","283","i","Input"
"2413","2413","2413",893328,893382,54,"Backspace","Backspace","1222","283","i","Remove/Cut"
"2414","2414","2414",893430,893483,53,"t","t","1223","283","t","Input"
"2415","2415","2415",893570,893694,124,"i","i","1224","283","i","Input"
"2416","2416","2416",893664,893758,94,"o","o","1225","283","o","Input"
"2417","2417","2417",893840,893918,78,"n","n","1226","283","n","Input"
"2418","2418","2418",893988,894072,84,"Space","Space","1227","284"," ","Input"
"2419","2419","2419",894069,894193,124,"a","a","1228","284","a","Input"
"2420","2420","2420",894156,894248,92,"n","n","1229","284","n","Input"
"2421","2421","2421",894246,894343,97,"d","d","1230","284","d","Input"
"2422","2422","2422",894317,894393,76,"Space","Space","1231","285"," ","Input"
"2423","2423","2423",894464,894592,128,"i","i","1232","285","i","Input"
"2424","2424","2424",894562,894644,82,"n","n","1233","285","n","Input"
"2425","2425","2425",894704,894772,68,"Space","Space","1234","286"," ","Input"
"2426","2426","2426",894834,894944,110,"o","o","1235","286","o","Input"
"2427","2427","2427",894915,894991,76,"n","n","1236","286","n","Input"
"2428","2428","2428",894998,895066,68,"e","e","1237","286","e","Input"
"2429","2429","2429",895112,895170,58,"Space","Space","1238","287"," ","Input"
"2430","2430","2430",895214,895333,119,"w","w","1239","287","w","Input"
"2431","2431","2431",895288,895415,127,"a","a","1240","287","a","Input"
"2432","2432","2432",895411,895458,47,"y","y","1241","287","y","Input"
"2433","2433","2433",895569,895632,63,"Space","Space","1242","288"," ","Input"
"2434","2434","2434",895984,896059,75,"h","h","1243","288","h","Input"
"2435","2435","2435",896124,896207,83,"e","e","1244","288","e","Input"
"2436","2436","2436",896267,896406,139,"l","l","1245","288","l","Input"
"2437","2437","2437",896348,896487,139,"p","p","1246","288","p","Input"
"2438","2438","2438",896461,896555,94,"s","s","1247","288","s","Input"
"2439","2439","2439",896560,896635,75,"Space","Space","1248","289"," ","Input"
"2440","2440","2440",896723,896900,177,"o","o","1249","289","o","Input"
"2441","2441","2441",896867,896966,99,"u","u","1250","289","u","Input"
"2442","2442","2442",897077,897155,78,"r","r","1251","289","r","Input"
"2443","2443","2443",897195,897273,78,"Space","Space","1252","290"," ","Input"
"2444","2444","2444",897674,897744,70,"e","e","1253","290","e","Input"
"2445","2445","2445",898381,898436,55,"c","c","1254","290","c","Input"
"2446","2446","2446",898514,898676,162,"o","o","1255","290","o","Input"
"2447","2447","2447",898653,898764,111,"n","n","1256","290","n","Input"
"2448","2448","2448",898813,898876,63,"o","o","1257","290","o","Input"
"2449","2449","2449",898955,899050,95,"m","m","1258","290","m","Input"
"2450","2450","2450",899168,899218,50,"y","y","1259","290","y","Input"
"2451","2451","2451",899441,899604,163,",",",","1260","290",",","Input"
"2452","2452","2452",899538,899647,109,"Space","Space","1261","291"," ","Input"
"2453","2453","2453",899773,899829,56,"i","i","1262","291","i","Input"
"2454","2454","2454",899879,899940,61,"t","t","1263","291","t","Input"
"2455","2455","2455",899945,900037,92,"Space","Space","1264","292"," ","Input"
"2456","2456","2456",900079,900162,83,"a","a","1265","292","a","Input"
"2457","2457","2457",900212,900261,49,"l","l","1266","292","l","Input"
"2458","2458","2458",900551,900642,91,"s","s","1267","292","s","Input"
"2459","2459","2459",900619,900693,74,"o","o","1268","292","o","Input"
"2460","2460","2460",900833,900904,71,"Space","Space","1269","293"," ","Input"
"2461","2461","2461",901144,901263,119,"c","c","1270","293","c","Input"
"2462","2462","2462",901601,901686,85,"Backspace","Backspace","1269","293","c","Remove/Cut"
"2463","2463","2463",902076,902170,94,"c","c","1270","293","c","Input"
"2464","2464","2464",902372,902567,195,"r","r","1271","293","r","Input"
"2465","2465","2465",902517,902693,176,"e","e","1272","293","e","Input"
"2466","2466","2466",902660,902831,171,"a","a","1273","293","a","Input"
"2467","2467","2467",902833,903029,196,"t","t","1274","293","t","Input"
"2468","2468","2468",902988,903205,217,"e","e","1275","293","e","Input"
"2469","2469","2469",903160,903295,135,"s","s","1276","293","s","Input"
"2470","2470","2470",903399,903491,92,"Space","Space","1277","294"," ","Input"
"2471","2471","2471",905045,905104,59,"Backspace","Backspace","1276","293"," ","Remove/Cut"
"2472","2472","2472",905190,905253,63,"Backspace","Backspace","1275","293","s","Remove/Cut"
"2473","2473","2473",905331,905394,63,"Backspace","Backspace","1274","293","e","Remove/Cut"
"2474","2474","2474",905476,905535,59,"Backspace","Backspace","1273","293","t","Remove/Cut"
"2475","2475","2475",905622,905680,58,"Backspace","Backspace","1272","293","a","Remove/Cut"
"2476","2476","2476",905760,905826,66,"Backspace","Backspace","1271","293","e","Remove/Cut"
"2477","2477","2477",905925,906016,91,"Backspace","Backspace","1270","293","r","Remove/Cut"
"2478","2478","2478",906723,906834,111,"a","a","1271","293","a","Input"
"2479","2479","2479",906879,906916,37,"u","u","1272","293","u","Input"
"2480","2480","2480",906912,907079,167,"s","s","1273","293","s","Input"
"2481","2481","2481",907050,907227,177,"e","e","1274","293","e","Input"
"2482","2482","2482",907190,907310,120,"s","s","1275","293","s","Input"
"2483","2483","2483",907277,907359,82,"Space","Space","1276","294"," ","Input"
"2484","2484","2484",907443,907539,96,"p","p","1277","294","p","Input"
"2485","2485","2485",907536,907643,107,"e","e","1278","294","e","Input"
"2486","2486","2486",907611,907729,118,"o","o","1279","294","o","Input"
"2487","2487","2487",907695,907843,148,"p","p","1280","294","p","Input"
"2488","2488","2488",907817,907893,76,"l","l","1281","294","l","Input"
"2489","2489","2489",907944,907999,55,"e","e","1282","294","e","Input"
"2490","2490","2490",908005,908084,79,"Space","Space","1283","295"," ","Input"
"2491","2491","2491",908128,908194,66,"t","t","1284","295","t","Input"
"2492","2492","2492",908161,908245,84,"o","o","1285","295","o","Input"
"2493","2493","2493",908300,908375,75,"Space","Space","1286","296"," ","Input"
"2494","2494","2494",908372,908483,111,"s","s","1287","296","s","Input"
"2495","2495","2495",908451,908526,75,"p","p","1288","296","p","Input"
"2496","2496","2496",908577,908649,72,"e","e","1289","296","e","Input"
"2497","2497","2497",908645,908711,66,"n","n","1290","296","n","Input"
"2498","2498","2498",908761,908843,82,"d","d","1291","296","d","Input"
"2499","2499","2499",908813,908892,79,"Space","Space","1292","297"," ","Input"
"2500","2500","2500",908951,909092,141,"m","m","1293","297","m","Input"
"2501","2501","2501",909029,909145,116,"o","o","1294","297","o","Input"
"2502","2502","2502",909146,909246,100,"r","r","1295","297","r","Input"
"2503","2503","2503",909206,909326,120,"e","e","1296","297","e","Input"
"2504","2504","2504",909295,909379,84,"Space","Space","1297","298"," ","Input"
"2505","2505","2505",909389,909460,71,"t","t","1298","298","t","Input"
"2506","2506","2506",909428,909510,82,"h","h","1299","298","h","Input"
"2507","2507","2507",909559,909646,87,"a","a","1300","298","a","Input"
"2508","2508","2508",909616,909692,76,"n","n","1301","298","n","Input"
"2509","2509","2509",909760,909859,99,"Space","Space","1302","299"," ","Input"
"2510","2510","2510",909837,909928,91,"t","t","1303","299","t","Input"
"2511","2511","2511",909903,909977,74,"h","h","1304","299","h","Input"
"2512","2512","2512",910027,910112,85,"e","e","1305","299","e","Input"
"2513","2513","2513",910077,910161,84,"y","y","1306","299","y","Input"
"2514","2514","2514",910291,910378,87,"Space","Space","1307","300"," ","Input"
"2515","2515","2515",910603,910702,99,"c","c","1308","300","c","Input"
"2516","2516","2516",910629,910745,116,"a","a","1309","300","a","Input"
"2517","2517","2517",912192,912258,66,"n","n","1310","300","n","Input"
"2518","2518","2518",913730,913879,149,",",",","1311","300",",","Input"
"2519","2519","2519",913839,913932,93,"Space","Space","1312","301"," ","Input"
"2520","2520","2520",913976,914051,75,"s","s","1313","301","s","Input"
"2521","2521","2521",914042,914097,55,"u","u","1314","301","u","Input"
"2522","2522","2522",914147,914226,79,"c","c","1315","301","c","Input"
"2523","2523","2523",914196,914278,82,"h","h","1316","301","h","Input"
"2524","2524","2524",914329,914384,55,"Space","Space","1317","302"," ","Input"
"2525","2525","2525",914428,914524,96,"a","a","1318","302","a","Input"
"2526","2526","2526",914461,914575,114,"s","s","1319","302","s","Input"
"2527","2527","2527",914531,914626,95,"Space","Space","1320","303"," ","Input"
"2528","2528","2528",914679,914746,67,"w","w","1321","303","w","Input"
"2529","2529","2529",914713,914795,82,"i","i","1322","303","i","Input"
"2530","2530","2530",914847,914913,66,"t","t","1323","303","t","Input"
"2531","2531","2531",914880,914960,80,"h","h","1324","303","h","Input"
"2532","2532","2532",915043,915114,71,"Space","Space","1325","304"," ","Input"
"2533","2533","2533",915122,915204,82,"a","a","1326","304","a","Input"
"2534","2534","2534",915200,915309,109,"Space","Space","1327","305"," ","Input"
"2535","2535","2535",915287,915378,91,"c","c","1328","305","c","Input"
"2536","2536","2536",915530,915657,127,"r","r","1329","305","r","Input"
"2537","2537","2537",915624,915741,117,"e","e","1330","305","e","Input"
"2538","2538","2538",916033,916083,50,"Backspace","Backspace","1329","305","e","Remove/Cut"
"2539","2539","2539",916171,916233,62,"Backspace","Backspace","1328","305","r","Remove/Cut"
"2540","2540","2540",916326,916376,50,"Backspace","Backspace","1327","305","c","Remove/Cut"
"2541","2541","2541",916475,916525,50,"Backspace","Backspace","1326","304"," ","Remove/Cut"
"2542","2542","2542",917343,917418,75,"Space","Space","1327","305"," ","Input"
"2543","2543","2543",917790,917868,78,"c","c","1328","305","c","Input"
"2544","2544","2544",918011,918149,138,"r","r","1329","305","r","Input"
"2545","2545","2545",918099,918271,172,"e","e","1330","305","e","Input"
"2546","2546","2546",918259,918370,111,"d","d","1331","305","d","Input"
"2547","2547","2547",918412,918500,88,"i","i","1332","305","i","Input"
"2548","2548","2548",918943,919047,104,"t","t","1333","305","t","Input"
"2549","2549","2549",919150,919246,96,"Space","Space","1334","306"," ","Input"
"2550","2550","2550",919299,919426,127,"c","c","1335","306","c","Input"
"2551","2551","2551",919401,919601,200,"a","a","1336","306","a","Input"
"2552","2552","2552",919645,919682,37,"r","r","1337","306","r","Input"
"2553","2553","2553",920265,920413,148,"d","d","1338","306","d","Input"
"2554","2554","2554",920376,920496,120,"s","s","1339","306","s","Input"
"2555","2555","2555",921898,921994,96,"Leftclick","Leftclick","1326","306","NoChange","Nonproduction"
"2556","2556","2556",922326,922367,41,"Backspace","Backspace","1325","305","a","Remove/Cut"
"2557","2557","2557",923273,923318,45,"Backspace","Backspace","1324","305"," ","Remove/Cut"
"2558","2558","2558",924432,924529,97,"Leftclick","Leftclick","1337","305","NoChange","Nonproduction"
"2559","2559","2559",924962,925026,64,".",".","1338","305",".","Input"
"2560","2560","2560",925196,925254,58,"Space","Space","1339","306"," ","Input"
"2561","2561","2561",925322,925392,70,"Space","Space","1340","306"," ","Input"
"2562","2562","2562",929440,929440,0,"Shift","Shift","1340","306","NoChange","Nonproduction"
"2563","2563","2563",930197,930344,147,"D","d","1341","306","D","Input"
"2564","2564","2564",930442,930536,94,"e","e","1342","306","e","Input"
"2565","2565","2565",930578,930627,49,"b","b","1343","306","b","Input"
"2566","2566","2566",930736,930825,89,"t","t","1344","306","t","Input"
"2567","2567","2567",930804,930884,80,"Space","Space","1345","307"," ","Input"
"2568","2568","2568",931182,931276,94,"r","r","1346","307","r","Input"
"2569","2569","2569",931281,931351,70,"i","i","1347","307","i","Input"
"2570","2570","2570",931392,931541,149,"s","s","1348","307","s","Input"
"2571","2571","2571",931484,931681,197,"e","e","1349","307","e","Input"
"2572","2572","2572",931647,931778,131,"s","s","1350","307","s","Input"
"2573","2573","2573",931742,931862,120,",",",","1351","307",",","Input"
"2574","2574","2574",931826,931915,89,"Space","Space","1352","308"," ","Input"
"2575","2575","2575",931912,932020,108,"a","a","1353","308","a","Input"
"2576","2576","2576",932007,932069,62,"n","n","1354","308","n","Input"
"2577","2577","2577",932113,932241,128,"d","d","1355","308","d","Input"
"2578","2578","2578",932172,932253,81,"Space","Space","1356","309"," ","Input"
"2579","2579","2579",932374,932415,41,"o","o","1357","309","o","Input"
"2580","2580","2580",932484,932562,78,"e","e","1358","309","e","Input"
"2581","2581","2581",932810,932856,46,"Backspace","Backspace","1357","309","e","Remove/Cut"
"2582","2582","2582",932946,933012,66,"Backspace","Backspace","1356","309","o","Remove/Cut"
"2583","2583","2583",933232,933319,87,"p","p","1357","309","p","Input"
"2584","2584","2584",933361,933439,78,"e","e","1358","309","e","Input"
"2585","2585","2585",933494,933562,68,"o","o","1359","309","o","Input"
"2586","2586","2586",933532,933702,170,"p","p","1360","309","p","Input"
"2587","2587","2587",933662,933747,85,"l","l","1361","309","l","Input"
"2588","2588","2588",933795,933845,50,"e","e","1362","309","e","Input"
"2589","2589","2589",933895,933935,40,"Space","Space","1363","310"," ","Input"
"2590","2590","2590",933978,934075,97,"f","f","1364","310","f","Input"
"2591","2591","2591",934033,934130,97,"i","i","1365","310","i","Input"
"2592","2592","2592",934127,934203,76,"n","n","1366","310","n","Input"
"2593","2593","2593",934246,934342,96,"d","d","1367","310","d","Input"
"2594","2594","2594",934317,934415,98,"Space","Space","1368","311"," ","Input"
"2595","2595","2595",934695,934779,84,"t","t","1369","311","t","Input"
"2596","2596","2596",934782,934848,66,"h","h","1370","311","h","Input"
"2597","2597","2597",934896,934952,56,"e","e","1371","311","e","Input"
"2598","2598","2598",934996,935062,66,"m","m","1372","311","m","Input"
"2599","2599","2599",935109,935243,134,"s","s","1373","311","s","Input"
"2600","2600","2600",935161,935285,124,"e","e","1374","311","e","Input"
"2601","2601","2601",935220,935330,110,"l","l","1375","311","l","Input"
"2602","2602","2602",935378,935486,108,"v","v","1376","311","v","Input"
"2603","2603","2603",935560,935751,191,"e","e","1377","311","e","Input"
"2604","2604","2604",935692,935814,122,"s","s","1378","311","s","Input"
"2605","2605","2605",935819,935907,88,"Space","Space","1379","312"," ","Input"
"2606","2606","2606",936436,936568,132,"u","u","1380","312","u","Input"
"2607","2607","2607",936528,936634,106,"n","n","1381","312","n","Input"
"2608","2608","2608",936679,936759,80,"a","a","1382","312","a","Input"
"2609","2609","2609",936733,936812,79,"b","b","1383","312","b","Input"
"2610","2610","2610",936891,936961,70,"l","l","1384","312","l","Input"
"2611","2611","2611",937011,937077,66,"e","e","1385","312","e","Input"
"2612","2612","2612",937045,937126,81,"Space","Space","1386","313"," ","Input"
"2613","2613","2613",937178,937253,75,"t","t","1387","313","t","Input"
"2614","2614","2614",937212,937292,80,"o","o","1388","313","o","Input"
"2615","2615","2615",937423,937518,95,"Space","Space","1389","314"," ","Input"
"2616","2616","2616",938089,938214,125,"o","o","1390","314","o","Input"
"2617","2617","2617",938205,938280,75,"m","m","1391","314","m","Input"
"2618","2618","2618",938507,938561,54,"Backspace","Backspace","1390","314","m","Remove/Cut"
"2619","2619","2619",938620,938689,69,"Backspace","Backspace","1389","314","o","Remove/Cut"
"2620","2620","2620",938756,938876,120,"c","c","1390","314","c","Input"
"2621","2621","2621",938854,938960,106,"o","o","1391","314","o","Input"
"2622","2622","2622",938927,939008,81,"m","m","1392","314","m","Input"
"2623","2623","2623",939010,939067,57,"e","e","1393","314","e","Input"
"2624","2624","2624",939110,939144,34,"Space","Space","1394","315"," ","Input"
"2625","2625","2625",939239,939409,170,"o","o","1395","315","o","Input"
"2626","2626","2626",939380,939482,102,"u","u","1396","315","u","Input"
"2627","2627","2627",940604,940693,89,"t","t","1397","315","t","Input"
"2628","2628","2628",940698,940769,71,"Space","Space","1398","316"," ","Input"
"2629","2629","2629",940870,940936,66,"o","o","1399","316","o","Input"
"2630","2630","2630",941104,941191,87,"f","f","1400","316","f","Input"
"2631","2631","2631",941271,941367,96,"Space","Space","1401","317"," ","Input"
"2632","2632","2632",941413,941502,89,"t","t","1402","317","t","Input"
"2633","2633","2633",941497,941572,75,"h","h","1403","317","h","Input"
"2634","2634","2634",941627,941685,58,"e","e","1404","317","e","Input"
"2635","2635","2635",941683,941774,91,"Space","Space","1405","318"," ","Input"
"2636","2636","2636",941868,941989,121,"d","d","1406","318","d","Input"
"2637","2637","2637",941952,942067,115,"e","e","1407","318","e","Input"
"2638","2638","2638",942112,942167,55,"b","b","1408","318","b","Input"
"2639","2639","2639",942427,942493,66,"t","t","1409","318","t","Input"
"2640","2640","2640",942546,942616,70,"Space","Space","1410","319"," ","Input"
"2641","2641","2641",942765,942832,67,"h","h","1411","319","h","Input"
"2642","2642","2642",942836,942912,76,"o","o","1412","319","o","Input"
"2643","2643","2643",943042,943117,75,"l","l","1413","319","l","Input"
"2644","2644","2644",943164,943273,109,"d","d","1414","319","d","Input"
"2645","2645","2645",943678,943732,54,"Backspace","Backspace","1413","319","d","Remove/Cut"
"2646","2646","2646",943802,943895,93,"e","e","1414","319","e","Input"
"2647","2647","2647",943945,943994,49,"Space","Space","1415","320"," ","Input"
"2648","2648","2648",944043,944082,39,"t","t","1416","320","t","Input"
"2649","2649","2649",944079,944134,55,"h","h","1417","320","h","Input"
"2650","2650","2650",944176,944296,120,"a","a","1418","320","a","Input"
"2651","2651","2651",944223,944342,119,"t","t","1419","320","t","Input"
"2652","2652","2652",944268,944348,80,"Space","Space","1420","321"," ","Input"
"2653","2653","2653",944417,944492,75,"m","m","1421","321","m","Input"
"2654","2654","2654",944544,944646,102,"e","e","1422","321","e","Input"
"2655","2655","2655",944787,944886,99,"r","r","1423","321","r","Input"
"2656","2656","2656",944982,945032,50,"t","t","1424","321","t","Input"
"2657","2657","2657",945277,945332,55,"Backspace","Backspace","1423","321","t","Remove/Cut"
"2658","2658","2658",945404,945463,59,"Backspace","Backspace","1422","321","r","Remove/Cut"
"2659","2659","2659",945522,945589,67,"Backspace","Backspace","1421","321","e","Remove/Cut"
"2660","2660","2660",945732,945841,109,"a","a","1422","321","a","Input"
"2661","2661","2661",945895,945977,82,"t","t","1423","321","t","Input"
"2662","2662","2662",945980,946110,130,"e","e","1424","321","e","Input"
"2663","2663","2663",946082,946182,100,"r","r","1425","321","r","Input"
"2664","2664","2664",946187,946258,71,"i","i","1426","321","i","Input"
"2665","2665","2665",946358,946462,104,"a","a","1427","321","a","Input"
"2666","2666","2666",946458,946532,74,"l","l","1428","321","l","Input"
"2667","2667","2667",946608,946693,85,"Space","Space","1429","322"," ","Input"
"2668","2668","2668",946746,946812,66,"t","t","1430","322","t","Input"
"2669","2669","2669",946860,946866,6,"h","h","1431","322","h","Input"
"2670","2670","2670",946864,947026,162,"i","i","1432","322","i","Input"
"2671","2671","2671",946994,947080,86,"n","n","1433","322","n","Input"
"2672","2672","2672",947511,947577,66,"Backspace","Backspace","1432","322","n","Remove/Cut"
"2673","2673","2673",947658,948159,501,"Backspace","Backspace","1431","322","i","Remove/Cut"
"2674","2674","2674",948159,948243,84,"Backspace","Backspace","1430","322","h","Remove/Cut"
"2675","2675","2675",948243,948326,83,"Backspace","Backspace","1429","322","t","Remove/Cut"
"2676","2676","2676",948326,948409,83,"Backspace","Backspace","1428","321"," ","Remove/Cut"
"2677","2677","2677",948409,948493,84,"Backspace","Backspace","1427","321","l","Remove/Cut"
"2678","2678","2678",948493,948576,83,"Backspace","Backspace","1426","321","a","Remove/Cut"
"2679","2679","2679",948576,948659,83,"Backspace","Backspace","1425","321","i","Remove/Cut"
"2680","2680","2680",948659,948742,83,"Backspace","Backspace","1424","321","r","Remove/Cut"
"2681","2681","2681",948742,948826,84,"Backspace","Backspace","1423","321","e","Remove/Cut"
"2682","2682","2682",948826,948909,83,"Backspace","Backspace","1422","321","t","Remove/Cut"
"2683","2683","2683",948909,948993,84,"Backspace","Backspace","1421","321","a","Remove/Cut"
"2684","2684","2684",948993,949027,34,"Backspace","Backspace","1420","321","m","Remove/Cut"
"2685","2685","2685",949179,949250,71,"Backspace","Backspace","1419","320"," ","Remove/Cut"
"2686","2686","2686",949587,949658,71,"Space","Space","1420","321"," ","Input"
"2687","2687","2687",950323,950406,83,"p","p","1421","321","p","Input"
"2688","2688","2688",950588,950633,45,"u","u","1422","321","u","Input"
"2689","2689","2689",950676,950712,36,"r","r","1423","321","r","Input"
"2690","2690","2690",950845,951039,194,"c","c","1424","321","c","Input"
"2691","2691","2691",950949,951137,188,"a","a","1425","321","a","Input"
"2692","2692","2692",951096,951293,197,"i","i","1426","321","i","Input"
"2693","2693","2693",951257,951341,84,"n","n","1427","321","n","Input"
"2694","2694","2694",951588,951634,46,"Backspace","Backspace","1426","321","n","Remove/Cut"
"2695","2695","2695",951723,951768,45,"Backspace","Backspace","1425","321","i","Remove/Cut"
"2696","2696","2696",951848,951910,62,"Backspace","Backspace","1424","321","a","Remove/Cut"
"2697","2697","2697",952134,952188,54,"h","h","1425","321","h","Input"
"2698","2698","2698",952272,952439,167,"a","a","1426","321","a","Input"
"2699","2699","2699",952341,952490,149,"s","s","1427","321","s","Input"
"2700","2700","2700",952443,952547,104,"i","i","1428","321","i","Input"
"2701","2701","2701",952543,952616,73,"n","n","1429","321","n","Input"
"2702","2702","2702",952686,952772,86,"g","g","1430","321","g","Input"
"2703","2703","2703",952827,952886,59,"Space","Space","1431","322"," ","Input"
"2704","2704","2704",953287,953376,89,"m","m","1432","322","m","Input"
"2705","2705","2705",953346,953462,116,"a","a","1433","322","a","Input"
"2706","2706","2706",953513,953593,80,"t","t","1434","322","t","Input"
"2707","2707","2707",953646,953752,106,"e","e","1435","322","e","Input"
"2708","2708","2708",953716,953819,103,"r","r","1436","322","r","Input"
"2709","2709","2709",953862,953933,71,"i","i","1437","322","i","Input"
"2710","2710","2710",953978,954077,99,"a","a","1438","322","a","Input"
"2711","2711","2711",954080,954170,90,"l","l","1439","322","l","Input"
"2712","2712","2712",954210,954274,64,"Space","Space","1440","323"," ","Input"
"2713","2713","2713",954328,954395,67,"t","t","1441","323","t","Input"
"2714","2714","2714",954371,954448,77,"h","h","1442","323","h","Input"
"2715","2715","2715",954445,954582,137,"i","i","1443","323","i","Input"
"2716","2716","2716",954544,954659,115,"n","n","1444","323","n","Input"
"2717","2717","2717",954635,954766,131,"g","g","1445","323","g","Input"
"2718","2718","2718",954735,954860,125,"s","s","1446","323","s","Input"
"2719","2719","2719",954828,954914,86,"Space","Space","1447","324"," ","Input"
"2720","2720","2720",956220,956315,95,"h","h","1448","324","h","Input"
"2721","2721","2721",956362,956443,81,"a","a","1449","324","a","Input"
"2722","2722","2722",957511,957598,87,"s","s","1450","324","s","Input"
"2723","2723","2723",957603,957687,84,"Space","Space","1451","325"," ","Input"
"2724","2724","2724",957734,957846,112,"v","v","1452","325","v","Input"
"2725","2725","2725",958097,958159,62,"Backspace","Backspace","1451","325","v","Remove/Cut"
"2726","2726","2726",958164,958256,92,"c","c","1452","325","c","Input"
"2727","2727","2727",958383,958565,182,"r","r","1453","325","r","Input"
"2728","2728","2728",958492,958645,153,"e","e","1454","325","e","Input"
"2729","2729","2729",958610,958745,135,"a","a","1455","325","a","Input"
"2730","2730","2730",958695,958845,150,"t","t","1456","325","t","Input"
"2731","2731","2731",958820,959009,189,"e","e","1457","325","e","Input"
"2732","2732","2732",958980,959128,148,"d","d","1458","325","d","Input"
"2733","2733","2733",959124,959199,75,".",".","1459","325",".","Input"
"2734","2734","2734",959369,959424,55,"Space","Space","1460","326"," ","Input"
"2735","2735","2735",959491,959563,72,"Space","Space","1461","326"," ","Input"
"2736","2736","2736",983766,983849,83,"Leftclick","Leftclick","668","326","NoChange","Nonproduction"
"2737","2737","2737",984683,984728,45,"Backspace","Backspace","667","325"," ","Remove/Cut"
"2738","2738","2738",984810,984869,59,"Backspace","Backspace","666","325","d","Remove/Cut"
"2739","2739","2739",984957,985015,58,"Backspace","Backspace","665","325","o","Remove/Cut"
"2740","2740","2740",985089,985147,58,"Backspace","Backspace","664","325","o","Remove/Cut"
"2741","2741","2741",985220,985304,84,"Backspace","Backspace","663","325","g","Remove/Cut"
"2742","2742","2742",985625,985712,87,"p","p","664","325","p","Input"
"2743","2743","2743",985855,985925,70,"o","o","665","325","o","Input"
"2744","2744","2744",986015,986104,89,"s","s","666","325","s","Input"
"2745","2745","2745",986162,986213,51,"i","i","667","325","i","Input"
"2746","2746","2746",986260,986337,77,"t","t","668","325","t","Input"
"2747","2747","2747",986333,986436,103,"i","i","669","325","i","Input"
"2748","2748","2748",986569,986767,198,"v","v","670","325","v","Input"
"2749","2749","2749",986730,986853,123,"e","e","671","325","e","Input"
"2750","2750","2750",987356,987431,75,"Space","Space","672","326"," ","Input"
"2751","2751","2751",989257,989340,83,"Leftclick","Leftclick","678","326","NoChange","Nonproduction"
"2752","2752","2752",989593,989655,62,"Backspace","Backspace","677","326","s","Remove/Cut"
"2753","2753","2753",989732,989800,68,"Backspace","Backspace","676","326","t","Remove/Cut"
"2754","2754","2754",989872,989931,59,"Backspace","Backspace","675","326","n","Remove/Cut"
"2755","2755","2755",990001,990061,60,"Backspace","Backspace","674","326","i","Remove/Cut"
"2756","2756","2756",990142,990197,55,"Backspace","Backspace","673","326","o","Remove/Cut"
"2757","2757","2757",990268,990339,71,"Backspace","Backspace","672","325","p","Remove/Cut"
"2758","2758","2758",990439,990608,169,"a","a","673","326","a","Input"
"2759","2759","2759",990555,990677,122,"s","s","674","326","s","Input"
"2760","2760","2760",990744,990805,61,"p","p","675","326","p","Input"
"2761","2761","2761",990862,990993,131,"e","e","676","326","e","Input"
"2762","2762","2762",990948,991066,118,"c","c","677","326","c","Input"
"2763","2763","2763",991207,991265,58,"t","t","678","326","t","Input"
"2764","2764","2764",991309,991389,80,"s","s","679","326","s","Input"
"2765","2765","2765",1006391,1006456,65,"Leftclick","Leftclick","987","326","NoChange","Nonproduction"
"2766","2766","2766",1006768,1006809,41,"Backspace","Backspace","986","326","e","Remove/Cut"
"2767","2767","2767",1006886,1006969,83,"Backspace","Backspace","985","326","h","Remove/Cut"
"2768","2768","2768",1007043,1007114,71,"Backspace","Backspace","984","325","t","Remove/Cut"
"2769","2769","2769",1007205,1007242,37,"Backspace","Backspace","983","325"," ","Remove/Cut"
"2770","2770","2770",1007655,1007736,81,"Space","Space","984","325"," ","Input"
"2771","2771","2771",1007823,1007935,112,"a","a","985","326","a","Input"
"2772","2772","2772",1007932,1008010,78,"Space","Space","986","326"," ","Input"
"2773","2773","2773",1008017,1008144,127,"d","d","987","327","d","Input"
"2774","2774","2774",1008103,1008208,105,"e","e","988","327","e","Input"
"2775","2775","2775",1008270,1008359,89,"c","c","989","327","c","Input"
"2776","2776","2776",1008327,1008415,88,"l","l","990","327","l","Input"
"2777","2777","2777",1008495,1008858,363,"i","i","991","327","i","Input"
"2778","2778","2778",1008588,1008690,102,"n","n","992","327","n","Input"
"2779","2779","2779",1008788,1008916,128,"n","n","993","327","n","Input"
"2780","2780","2780",1009760,1009814,54,"Backspace","Backspace","992","327","n","Remove/Cut"
"2781","2781","2781",1009886,1009957,71,"Backspace","Backspace","991","327","n","Remove/Cut"
"2782","2782","2782",1010550,1010645,95,"n","n","992","327","n","Input"
"2783","2783","2783",1010694,1010826,132,"i","i","993","327","i","Input"
"2784","2784","2784",1010793,1010879,86,"n","n","994","327","n","Input"
"2785","2785","2785",1010927,1010984,57,"g","g","995","327","g","Input"
"2786","2786","2786",1020299,1020397,98,"Leftclick","Leftclick","1240","327","NoChange","Nonproduction"
"2787","2787","2787",1020882,1020935,53,"Backspace","Backspace","1239","326"," ","Remove/Cut"
"2788","2788","2788",1021167,1021228,61,",",",","1240","326",",","Input"
"2789","2789","2789",1021339,1021410,71,"Space","Space","1241","327"," ","Input"
"2790","2790","2790",1027100,1027234,134,"Leftclick","Leftclick","1324","327","NoChange","Nonproduction"
"2791","2791","2791",1027725,1027788,63,"Backspace","Backspace","1323","327","n","Remove/Cut"
"2792","2792","2792",1027858,1027915,57,"Backspace","Backspace","1322","327","a","Remove/Cut"
"2793","2793","2793",1027997,1028055,58,"Backspace","Backspace","1321","326","c","Remove/Cut"
"2794","2794","2794",1028482,1028553,71,"s","s","1322","327","s","Input"
"2795","2795","2795",1028592,1028648,56,"h","h","1323","327","h","Input"
"2796","2796","2796",1029278,1029341,63,"Backspace","Backspace","1322","327","h","Remove/Cut"
"2797","2797","2797",1029409,1029478,69,"Backspace","Backspace","1321","326","s","Remove/Cut"
"2798","2798","2798",1029557,1029715,158,"c","c","1322","327","c","Input"
"2799","2799","2799",1029665,1029777,112,"a","a","1323","327","a","Input"
"2800","2800","2800",1029828,1029866,38,"n","n","1324","327","n","Input"
"2801","2801","2801",1030309,1030363,54,"Backspace","Backspace","1323","327","n","Remove/Cut"
"2802","2802","2802",1030445,1030512,67,"Backspace","Backspace","1322","327","a","Remove/Cut"
"2803","2803","2803",1030589,1030649,60,"Backspace","Backspace","1321","326","c","Remove/Cut"
"2804","2804","2804",1031523,1031667,144,"c","c","1322","327","c","Input"
"2805","2805","2805",1031631,1031741,110,"a","a","1323","327","a","Input"
"2806","2806","2806",1032318,1032410,92,"n","n","1324","327","n","Input"
"2807","2807","2807",1032754,1032817,63,"Backspace","Backspace","1323","327","n","Remove/Cut"
"2808","2808","2808",1032882,1032942,60,"Backspace","Backspace","1322","327","a","Remove/Cut"
"2809","2809","2809",1033010,1033075,65,"Backspace","Backspace","1321","326","c","Remove/Cut"
"2810","2810","2810",1033127,1033258,131,"a","a","1322","327","a","Input"
"2811","2811","2811",1033206,1033343,137,"r","r","1323","327","r","Input"
"2812","2812","2812",1033311,1033393,82,"e","e","1324","327","e","Input"
"2813","2813","2813",1033351,1033447,96,"Space","Space","1325","327"," ","Input"
"2814","2814","2814",1033496,1033658,162,"a","a","1326","328","a","Input"
"2815","2815","2815",1033536,1033608,72,"b","b","1327","328","b","Input"
"2816","2816","2816",1033710,1033780,70,"l","l","1328","328","l","Input"
"2817","2817","2817",1033777,1033882,105,"e","e","1329","328","e","Input"
"2818","2818","2818",1033843,1033924,81,"Space","Space","1330","328"," ","Input"
"2819","2819","2819",1033931,1034046,115,"t","t","1331","329","t","Input"
"2820","2820","2820",1034005,1034086,81,"o","o","1332","329","o","Input"
"2821","2821","2821",1041954,1042038,84,"Leftclick","Leftclick","1436","329","NoChange","Nonproduction"
"2822","2822","2822",1042312,1042365,53,"Backspace","Backspace","1435","329","e","Remove/Cut"
"2823","2823","2823",1042447,1042509,62,"Backspace","Backspace","1434","329","l","Remove/Cut"
"2824","2824","2824",1042587,1042651,64,"Backspace","Backspace","1433","329","o","Remove/Cut"
"2825","2825","2825",1042728,1042798,70,"Backspace","Backspace","1432","328","h","Remove/Cut"
"2826","2826","2826",1043119,1043177,58,"Backspace","Backspace","1431","328"," ","Remove/Cut"
"2827","2827","2827",1044619,1044667,48,"Leftclick","Leftclick","1426","328","NoChange","Nonproduction"
"2828","2828","2828",1044927,1044986,59,"Backspace","Backspace","1425","328","e","Remove/Cut"
"2829","2829","2829",1045075,1045133,58,"Backspace","Backspace","1424","328","h","Remove/Cut"
"2830","2830","2830",1045210,1045281,71,"Backspace","Backspace","1423","327","t","Remove/Cut"
"2831","2831","2831",1058145,1058280,135,"Backspace","Backspace","1422","327"," ","Remove/Cut"
"2832","2832","2832",1065264,1065334,70,"Space","Space","1423","327"," ","Input"
"2833","2833","2833",1065685,1065780,95,"t","t","1424","328","t","Input"
"2834","2834","2834",1065821,1065867,46,"h","h","1425","328","h","Input"
"2835","2835","2835",1065935,1066053,118,"e","e","1426","328","e","Input"
"2836","2836","2836",1066995,1067078,83,"Leftclick","Leftclick","1431","328","NoChange","Nonproduction"
"2837","2837","2837",1067367,1067446,79,"Space","Space","1432","328"," ","Input"
"2838","2838","2838",1067822,1067900,78,"h","h","1433","329","h","Input"
"2839","2839","2839",1067942,1067978,36,"o","o","1434","329","o","Input"
"2840","2840","2840",1068087,1068166,79,"l","l","1435","329","l","Input"
"2841","2841","2841",1068212,1068301,89,"e","e","1436","329","e","Input"
"2842","2842","2842",1076166,1076281,115,"Leftclick","Leftclick","1472","329","NoChange","Nonproduction"
"2843","2843","2843",1076603,1076664,61,"Backspace","Backspace","1471","329","s","Remove/Cut"
"2844","2844","2844",1076749,1076806,57,"Backspace","Backspace","1470","329","a","Remove/Cut"
"2845","2845","2845",1076883,1076952,69,"Backspace","Backspace","1469","328","h","Remove/Cut"
"2846","2846","2846",1077187,1077229,42,"Backspace","Backspace","1468","328"," ","Remove/Cut"
"2847","2847","2847",1125391,1126127,736,"Leftclick","Leftclick","1924","328","NoChange","Nonproduction"
"2848","2848","2848",1126527,1126585,58,"Backspace","Backspace","1893","322","But this just isn't true, and m","Remove/Cut"
"2849","2849","2849",1126981,1127067,86,"Backspace","Backspace","1892","322","\n","Remove/Cut"
"2850","2850","2850",1127360,1127442,82,"Backspace","Backspace","1891","322","\n","Remove/Cut"
"2851","2851","2851",1127882,1127954,72,"Space","Space","1892","323"," ","Input"
"2852","2852","2852",1128262,1128331,69,"Space","Space","1893","323"," ","Input"
"2853","2853","2853",1129357,1129357,0,"Shift","Shift","1893","323","NoChange","Nonproduction"
"2854","2854","2854",1129698,1129752,54,"K","K","1894","323","K","Input"
"2855","2855","2855",1129917,1130003,86,"e","e","1895","323","e","Input"
"2856","2856","2856",1130071,1130180,109,"e","e","1896","323","e","Input"
"2857","2857","2857",1130128,1130224,96,"p","p","1897","323","p","Input"
"2858","2858","2858",1130335,1130423,88,"i","i","1898","323","i","Input"
"2859","2859","2859",1130399,1130483,84,"n","n","1899","323","n","Input"
"2860","2860","2860",1130525,1130580,55,"g","g","1900","323","g","Input"
"2861","2861","2861",1130577,1130661,84,"Space","Space","1901","324"," ","Input"
"2862","2862","2862",1130742,1130820,78,"u","u","1902","324","u","Input"
"2863","2863","2863",1130825,1130904,79,"p","p","1903","324","p","Input"
"2864","2864","2864",1131049,1131131,82,"Space","Space","1904","325"," ","Input"
"2865","2865","2865",1131923,1132023,100,"w","w","1905","325","w","Input"
"2866","2866","2866",1131999,1132073,74,"i","i","1906","325","i","Input"
"2867","2867","2867",1132125,1132190,65,"t","t","1907","325","t","Input"
"2868","2868","2868",1132158,1132242,84,"h","h","1908","325","h","Input"
"2869","2869","2869",1132410,1132501,91,"Space","Space","1909","326"," ","Input"
"2870","2870","2870",1132676,1132773,97,"t","t","1910","326","t","Input"
"2871","2871","2871",1132731,1132825,94,"h","h","1911","326","h","Input"
"2872","2872","2872",1132873,1132936,63,"e","e","1912","326","e","Input"
"2873","2873","2873",1132902,1133002,100,"Space","Space","1913","327"," ","Input"
"2874","2874","2874",1134369,1134490,121,"m","m","1914","327","m","Input"
"2875","2875","2875",1134440,1134549,109,"o","o","1915","327","o","Input"
"2876","2876","2876",1135163,1135312,149,"s","s","1916","327","s","Input"
"2877","2877","2877",1135267,1135359,92,"t","t","1917","327","t","Input"
"2878","2878","2878",1135952,1135996,44,"Backspace","Backspace","1916","327","t","Remove/Cut"
"2879","2879","2879",1136078,1136137,59,"Backspace","Backspace","1915","327","s","Remove/Cut"
"2880","2880","2880",1136221,1136279,58,"Backspace","Backspace","1914","327","o","Remove/Cut"
"2881","2881","2881",1136346,1136408,62,"Backspace","Backspace","1913","327","m","Remove/Cut"
"2882","2882","2882",1136596,1136663,67,"n","n","1914","327","n","Input"
"2883","2883","2883",1136723,1136863,140,"e","e","1915","327","e","Input"
"2884","2884","2884",1136818,1136918,100,"w","w","1916","327","w","Input"
"2885","2885","2885",1137057,1137181,124,"e","e","1917","327","e","Input"
"2886","2886","2886",1137147,1137338,191,"s","s","1918","327","s","Input"
"2887","2887","2887",1137260,1137392,132,"t","t","1919","327","t","Input"
"2888","2888","2888",1137394,1137456,62,"Space","Space","1920","328"," ","Input"
"2889","2889","2889",1137454,1137577,123,"a","a","1921","328","a","Input"
"2890","2890","2890",1137530,1137628,98,"n","n","1922","328","n","Input"
"2891","2891","2891",1137625,1137718,93,"d","d","1923","328","d","Input"
"2892","2892","2892",1137801,1137899,98,"Space","Space","1924","329"," ","Input"
"2893","2893","2893",1138211,1138293,82,"s","s","1925","329","s","Input"
"2894","2894","2894",1138301,1138399,98,"h","h","1926","329","h","Input"
"2895","2895","2895",1138366,1138539,173,"i","i","1927","329","i","Input"
"2896","2896","2896",1138515,1138608,93,"n","n","1928","329","n","Input"
"2897","2897","2897",1138794,1138879,85,"i","i","1929","329","i","Input"
"2898","2898","2898",1139074,1139239,165,"e","e","1930","329","e","Input"
"2899","2899","2899",1139206,1139365,159,"s","s","1931","329","s","Input"
"2900","2900","2900",1139293,1139411,118,"t","t","1932","329","t","Input"
"2901","2901","2901",1140029,1140108,79,"Space","Space","1933","330"," ","Input"
"2902","2902","2902",1141061,1141155,94,"t","t","1934","330","t","Input"
"2903","2903","2903",1141134,1141226,92,"h","h","1935","330","h","Input"
"2904","2904","2904",1141199,1141346,147,"i","i","1936","330","i","Input"
"2905","2905","2905",1141317,1141398,81,"n","n","1937","330","n","Input"
"2906","2906","2906",1141396,1141546,150,"g","g","1938","330","g","Input"
"2907","2907","2907",1141518,1141656,138,"s","s","1939","330","s","Input"
"2908","2908","2908",1141633,1141711,78,"Space","Space","1940","331"," ","Input"
"2909","2909","2909",1143947,1144086,139,"c","c","1941","331","c","Input"
"2910","2910","2910",1144050,1144171,121,"a","a","1942","331","a","Input"
"2911","2911","2911",1144226,1144289,63,"n","n","1943","331","n","Input"
"2912","2912","2912",1144372,1144441,69,"Space","Space","1944","332"," ","Input"
"2913","2913","2913",1144527,1144589,62,"b","b","1945","332","b","Input"
"2914","2914","2914",1144643,1144687,44,"e","e","1946","332","e","Input"
"2915","2915","2915",1144698,1144773,75,"Space","Space","1947","333"," ","Input"
"2916","2916","2916",1145155,1145213,58,"e","e","1948","333","e","Input"
"2917","2917","2917",1145404,1145475,71,"x","x","1949","333","x","Input"
"2918","2918","2918",1145594,1145664,70,"h","h","1950","333","h","Input"
"2919","2919","2919",1145722,1145809,87,"a","a","1951","333","a","Input"
"2920","2920","2920",1145779,1145857,78,"u","u","1952","333","u","Input"
"2921","2921","2921",1145945,1146040,95,"s","s","1953","333","s","Input"
"2922","2922","2922",1146122,1146207,85,"t","t","1954","333","t","Input"
"2923","2923","2923",1146182,1146311,129,"i","i","1955","333","i","Input"
"2924","2924","2924",1146276,1146392,116,"n","n","1956","333","n","Input"
"2925","2925","2925",1146360,1146447,87,"g","g","1957","333","g","Input"
"2926","2926","2926",1146708,1146841,133,",",",","1958","333",",","Input"
"2927","2927","2927",1146805,1146900,95,"Space","Space","1959","334"," ","Input"
"2928","2928","2928",1146893,1147006,113,"a","a","1960","334","a","Input"
"2929","2929","2929",1147015,1147091,76,"n","n","1961","334","n","Input"
"2930","2930","2930",1147143,1147249,106,"d","d","1962","334","d","Input"
"2931","2931","2931",1147291,1147333,42,"Space","Space","1963","335"," ","Input"
"2932","2932","2932",1148483,1148562,79,"m","m","1964","335","m","Input"
"2933","2933","2933",1150553,1150637,84,"Leftclick","Leftclick","2017","335","NoChange","Nonproduction"
"2934","2934","2934",1150976,1151018,42,"Enter","Enter","2018","335","\n","Input"
"2935","2935","2935",1151329,1151400,71,"Enter","Enter","2019","335","\n","Input"
"2936","2936","2936",1213140,1213140,0,"Shift","Shift","2019","335","NoChange","Nonproduction"
"2937","2937","2937",1213564,1213630,66,"M","M","2020","336","M","Input"
"2938","2938","2938",1213959,1214057,98,"a","a","2021","336","a","Input"
"2939","2939","2939",1214179,1214265,86,"t","t","2022","336","t","Input"
"2940","2940","2940",1214381,1214492,111,"e","e","2023","336","e","Input"
"2941","2941","2941",1214466,1214558,92,"r","r","2024","336","r","Input"
"2942","2942","2942",1215001,1215064,63,"i","i","2025","336","i","Input"
"2943","2943","2943",1215151,1215250,99,"a","a","2026","336","a","Input"
"2944","2944","2944",1215247,1215330,83,"l","l","2027","336","l","Input"
"2945","2945","2945",1215419,1215521,102,"m","m","2028","336","m","Input"
"2946","2946","2946",1215572,1215630,58,"i","i","2029","336","i","Input"
"2947","2947","2947",1215853,1215902,49,"Backspace","Backspace","2028","336","i","Remove/Cut"
"2948","2948","2948",1215986,1216042,56,"Backspace","Backspace","2027","336","m","Remove/Cut"
"2949","2949","2949",1216223,1216318,95,"s","s","2028","336","s","Input"
"2950","2950","2950",1216374,1216437,63,"i","i","2029","336","i","Input"
"2951","2951","2951",1216539,1216629,90,"m","m","2030","336","m","Input"
"2952","2952","2952",1216740,1216826,86,"Space","Space","2031","336"," ","Input"
"2953","2953","2953",1217107,1217169,62,"Backspace","Backspace","2030","336"," ","Remove/Cut"
"2954","2954","2954",1217264,1217314,50,"Backspace","Backspace","2029","336","m","Remove/Cut"
"2955","2955","2955",1217406,1217448,42,"Backspace","Backspace","2028","336","i","Remove/Cut"
"2956","2956","2956",1217513,1217579,66,"Backspace","Backspace","2027","336","s","Remove/Cut"
"2957","2957","2957",1217778,1217846,68,"i","i","2028","336","i","Input"
"2958","2958","2958",1217892,1218032,140,"s","s","2029","336","s","Input"
"2959","2959","2959",1217996,1218071,75,"m","m","2030","336","m","Input"
"2960","2960","2960",1218238,1218325,87,"Space","Space","2031","336"," ","Input"
"2961","2961","2961",1221012,1221079,67,"i","i","2032","337","i","Input"
"2962","2962","2962",1221348,1221451,103,"s","s","2033","337","s","Input"
"2963","2963","2963",1221683,1221757,74,"Space","Space","2034","337"," ","Input"
"2964","2964","2964",1221877,1221931,54,"a","a","2035","338","a","Input"
"2965","2965","2965",1221992,1222095,103,"Space","Space","2036","338"," ","Input"
"2966","2966","2966",1222175,1222249,74,"s","s","2037","339","s","Input"
"2967","2967","2967",1222290,1222401,111,"u","u","2038","339","u","Input"
"2968","2968","2968",1222415,1222514,99,"b","b","2039","339","b","Input"
"2969","2969","2969",1222630,1222712,82,"j","j","2040","339","j","Input"
"2970","2970","2970",1222847,1223013,166,"e","e","2041","339","e","Input"
"2971","2971","2971",1222885,1223001,116,"c","c","2042","339","c","Input"
"2972","2972","2972",1223150,1223228,78,"t","t","2043","339","t","Input"
"2973","2973","2973",1223275,1223337,62,"Space","Space","2044","339"," ","Input"
"2974","2974","2974",1223392,1223493,101,"t","t","2045","340","t","Input"
"2975","2975","2975",1223466,1223537,71,"h","h","2046","340","h","Input"
"2976","2976","2976",1223640,1223760,120,"a","a","2047","340","a","Input"
"2977","2977","2977",1223703,1223847,144,"t","t","2048","340","t","Input"
"2978","2978","2978",1223809,1223892,83,"Space","Space","2049","340"," ","Input"
"2979","2979","2979",1227123,1227202,79,"p","p","2050","341","p","Input"
"2980","2980","2980",1227333,1227409,76,"e","e","2051","341","e","Input"
"2981","2981","2981",1227401,1227495,94,"o","o","2052","341","o","Input"
"2982","2982","2982",1227467,1227628,161,"p","p","2053","341","p","Input"
"2983","2983","2983",1227596,1227672,76,"l","l","2054","341","l","Input"
"2984","2984","2984",1227725,1227790,65,"e","e","2055","341","e","Input"
"2985","2985","2985",1227841,1227878,37,"Space","Space","2056","341"," ","Input"
"2986","2986","2986",1227951,1228025,74,"l","l","2057","342","l","Input"
"2987","2987","2987",1228085,1228157,72,"o","o","2058","342","o","Input"
"2988","2988","2988",1228154,1228319,165,"v","v","2059","342","v","Input"
"2989","2989","2989",1228279,1228374,95,"e","e","2060","342","e","Input"
"2990","2990","2990",1228704,1228894,190,",",",","2061","342",",","Input"
"2991","2991","2991",1228852,1228948,96,"Space","Space","2062","342"," ","Input"
"2992","2992","2992",1229189,1229242,53,"Backspace","Backspace","2061","342"," ","Remove/Cut"
"2993","2993","2993",1229317,1229374,57,"Backspace","Backspace","2060","342",",","Remove/Cut"
"2994","2994","2994",1229518,1229588,70,"Space","Space","2061","342"," ","Input"
"2995","2995","2995",1229642,1229714,72,"a","a","2062","343","a","Input"
"2996","2996","2996",1229679,1229716,37,"n","n","2063","343","n","Input"
"2997","2997","2997",1229760,1229871,111,"d","d","2064","343","d","Input"
"2998","2998","2998",1229813,1229922,109,"Space","Space","2065","343"," ","Input"
"2999","2999","2999",1229930,1230012,82,"h","h","2066","344","h","Input"
"3000","3000","3000",1229978,1230144,166,"a","a","2067","344","a","Input"
"3001","3001","3001",1230116,1230244,128,"t","t","2068","344","t","Input"
"3002","3002","3002",1230216,1230322,106,"e","e","2069","344","e","Input"
"3003","3003","3003",1230664,1230738,74,"Space","Space","2070","344"," ","Input"
"3004","3004","3004",1230800,1230951,151,"a","a","2071","345","a","Input"
"3005","3005","3005",1230954,1231077,123,"t","t","2072","345","t","Input"
"3006","3006","3006",1231049,1231143,94,"Space","Space","2073","345"," ","Input"
"3007","3007","3007",1231194,1231264,70,"t","t","2074","346","t","Input"
"3008","3008","3008",1231229,1231307,78,"h","h","2075","346","h","Input"
"3009","3009","3009",1231502,1231595,93,"e","e","2076","346","e","Input"
"3010","3010","3010",1231598,1231692,94,"Space","Space","2077","346"," ","Input"
"3011","3011","3011",1231741,1231897,156,"s","s","2078","347","s","Input"
"3012","3012","3012",1231862,1232039,177,"a","a","2079","347","a","Input"
"3013","3013","3013",1231894,1231985,91,"m","m","2080","347","m","Input"
"3014","3014","3014",1232157,1232280,123,"e","e","2081","347","e","Input"
"3015","3015","3015",1232323,1232378,55,"Space","Space","2082","347"," ","Input"
"3016","3016","3016",1232384,1232484,100,"t","t","2083","348","t","Input"
"3017","3017","3017",1232500,1232629,129,"i","i","2084","348","i","Input"
"3018","3018","3018",1232588,1232676,88,"m","m","2085","348","m","Input"
"3019","3019","3019",1232722,1232798,76,"e","e","2086","348","e","Input"
"3020","3020","3020",1232842,1232922,80,".",".","2087","348",".","Input"
"3021","3021","3021",1233043,1233105,62,"Space","Space","2088","348"," ","Input"
"3022","3022","3022",1233176,1233247,71,"Space","Space","2089","348"," ","Input"
"3023","3023","3023",1233480,1233480,0,"Shift","Shift","2089","348","NoChange","Nonproduction"
"3024","3024","3024",1236024,1236024,0,"Shift","Shift","2089","348","NoChange","Nonproduction"
"3025","3025","3025",1236085,1236271,186,"A","a","2090","349","A","Input"
"3026","3026","3026",1236351,1236458,107,"c","c","2091","349","c","Input"
"3027","3027","3027",1237032,1237086,54,"Backspace","Backspace","2090","349","c","Remove/Cut"
"3028","3028","3028",1237147,1237211,64,"Backspace","Backspace","2089","348","A","Remove/Cut"
"3029","3029","3029",1237260,1237260,0,"Shift","Shift","2089","348","NoChange","Nonproduction"
"3030","3030","3030",1237414,1237557,143,"W","w","2090","349","W","Input"
"3031","3031","3031",1237563,1237635,72,"o","o","2091","349","o","Input"
"3032","3032","3032",1237989,1238073,84,"r","r","2092","349","r","Input"
"3033","3033","3033",1238069,1238125,56,"k","k","2093","349","k","Input"
"3034","3034","3034",1238223,1238309,86,"i","i","2094","349","i","Input"
"3035","3035","3035",1238307,1238396,89,"n","n","2095","349","n","Input"
"3036","3036","3036",1238357,1238441,84,"g","g","2096","349","g","Input"
"3037","3037","3037",1238489,1238547,58,"Space","Space","2097","349"," ","Input"
"3038","3038","3038",1238545,1238643,98,"h","h","2098","350","h","Input"
"3039","3039","3039",1238641,1238789,148,"a","a","2099","350","a","Input"
"3040","3040","3040",1238741,1238839,98,"r","r","2100","350","r","Input"
"3041","3041","3041",1238927,1239011,84,"d","d","2101","350","d","Input"
"3042","3042","3042",1238964,1239056,92,"Space","Space","2102","350"," ","Input"
"3043","3043","3043",1239109,1239236,127,"a","a","2103","351","a","Input"
"3044","3044","3044",1239149,1239238,89,"n","n","2104","351","n","Input"
"3045","3045","3045",1239381,1239467,86,"Space","Space","2105","351"," ","Input"
"3046","3046","3046",1239908,1239959,51,"Backspace","Backspace","2104","351"," ","Remove/Cut"
"3047","3047","3047",1240006,1240074,68,"d","d","2105","351","d","Input"
"3048","3048","3048",1240324,1240403,79,"Space","Space","2106","351"," ","Input"
"3049","3049","3049",1241232,1241362,130,"a","a","2107","352","a","Input"
"3050","3050","3050",1241443,1241517,74,"c","c","2108","352","c","Input"
"3051","3051","3051",1241646,1241772,126,"q","q","2109","352","q","Input"
"3052","3052","3052",1241861,1241959,98,"u","u","2110","352","u","Input"
"3053","3053","3053",1241957,1242017,60,"i","i","2111","352","i","Input"
"3054","3054","3054",1242011,1242099,88,"r","r","2112","352","r","Input"
"3055","3055","3055",1242141,1242275,134,"i","i","2113","352","i","Input"
"3056","3056","3056",1242241,1242355,114,"n","n","2114","352","n","Input"
"3057","3057","3057",1242409,1242489,80,"g","g","2115","352","g","Input"
"3058","3058","3058",1242540,1242603,63,"Space","Space","2116","352"," ","Input"
"3059","3059","3059",1242995,1243069,74,"t","t","2117","353","t","Input"
"3060","3060","3060",1243145,1243217,72,"e","e","2118","353","e","Input"
"3061","3061","3061",1243477,1243533,56,"Backspace","Backspace","2117","353","e","Remove/Cut"
"3062","3062","3062",1243717,1243773,56,"h","h","2118","353","h","Input"
"3063","3063","3063",1243828,1243942,114,"e","e","2119","353","e","Input"
"3064","3064","3064",1243913,1243990,77,"Space","Space","2120","353"," ","Input"
"3065","3065","3065",1244039,1244100,61,"t","t","2121","354","t","Input"
"3066","3066","3066",1244139,1244178,39,"h","h","2122","354","h","Input"
"3067","3067","3067",1244143,1244264,121,"i","i","2123","354","i","Input"
"3068","3068","3068",1244307,1244376,69,"n","n","2124","354","n","Input"
"3069","3069","3069",1244425,1244497,72,"g","g","2125","354","g","Input"
"3070","3070","3070",1244466,1244564,98,"s","s","2126","354","s","Input"
"3071","3071","3071",1244550,1244639,89,"Space","Space","2127","354"," ","Input"
"3072","3072","3072",1244818,1244923,105,"p","p","2128","355","p","Input"
"3073","3073","3073",1244971,1245051,80,"e","e","2129","355","e","Input"
"3074","3074","3074",1245395,1245449,54,"Backspace","Backspace","2128","355","e","Remove/Cut"
"3075","3075","3075",1245536,1245609,73,"Backspace","Backspace","2127","354","p","Remove/Cut"
"3076","3076","3076",1246283,1246378,95,"p","p","2128","355","p","Input"
"3077","3077","3077",1246423,1246460,37,"e","e","2129","355","e","Input"
"3078","3078","3078",1246462,1246575,113,"o","o","2130","355","o","Input"
"3079","3079","3079",1246539,1246707,168,"p","p","2131","355","p","Input"
"3080","3080","3080",1246679,1246776,97,"l","l","2132","355","l","Input"
"3081","3081","3081",1246917,1247003,86,"e","e","2133","355","e","Input"
"3082","3082","3082",1247069,1247146,77,"Space","Space","2134","355"," ","Input"
"3083","3083","3083",1248682,1248777,95,"n","n","2135","356","n","Input"
"3084","3084","3084",1248938,1249021,83,"e","e","2136","356","e","Input"
"3085","3085","3085",1249128,1249304,176,"e","e","2137","356","e","Input"
"3086","3086","3086",1249258,1249372,114,"d","d","2138","356","d","Input"
"3087","3087","3087",1251690,1251768,78,"Space","Space","2139","356"," ","Input"
"3088","3088","3088",1251886,1251960,74,"i","i","2140","357","i","Input"
"3089","3089","3089",1252009,1252048,39,"s","s","2141","357","s","Input"
"3090","3090","3090",1252093,1252146,53,"Space","Space","2142","357"," ","Input"
"3091","3091","3091",1252189,1252263,74,"a","a","2143","358","a","Input"
"3092","3092","3092",1252232,1252307,75,"Space","Space","2144","358"," ","Input"
"3093","3093","3093",1252380,1252459,79,"m","m","2145","359","m","Input"
"3094","3094","3094",1252547,1252614,67,"u","u","2146","359","u","Input"
"3095","3095","3095",1252658,1252802,144,"s","s","2147","359","s","Input"
"3096","3096","3096",1252727,1252855,128,"t","t","2148","359","t","Input"
"3097","3097","3097",1252868,1252919,51,".",".","2149","359",".","Input"
"3098","3098","3098",1253174,1253240,66,"Space","Space","2150","359"," ","Input"
"3099","3099","3099",1253497,1253563,66,"Space","Space","2151","359"," ","Input"
"3100","3100","3100",1254448,1254448,0,"Shift","Shift","2151","359","NoChange","Nonproduction"
"3101","3101","3101",1254505,1254655,150,"A","a","2152","360","A","Input"
"3102","3102","3102",1254724,1254832,108,"c","c","2153","360","c","Input"
"3103","3103","3103",1255060,1255142,82,"r","r","2154","360","r","Input"
"3104","3104","3104",1255210,1255282,72,"u","u","2155","360","u","Input"
"3105","3105","3105",1255630,1255713,83,"r","r","2156","360","r","Input"
"3106","3106","3106",1255711,1255845,134,"i","i","2157","360","i","Input"
"3107","3107","3107",1255810,1255909,99,"n","n","2158","360","n","Input"
"3108","3108","3108",1255913,1255993,80,"g","g","2159","360","g","Input"
"3109","3109","3109",1256042,1256099,57,"Space","Space","2160","360"," ","Input"
"3110","3110","3110",1256146,1256227,81,"t","t","2161","361","t","Input"
"3111","3111","3111",1256219,1256313,94,"h","h","2162","361","h","Input"
"3112","3112","3112",1256284,1256394,110,"i","i","2163","361","i","Input"
"3113","3113","3113",1256441,1256530,89,"n","n","2164","361","n","Input"
"3114","3114","3114",1256637,1256743,106,"s","s","2165","361","s","Input"
"3115","3115","3115",1256709,1256802,93,"Space","Space","2166","361"," ","Input"
"3116","3116","3116",1257182,1257683,501,"Backspace","Backspace","2165","361"," ","Remove/Cut"
"3117","3117","3117",1257683,1257767,84,"Backspace","Backspace","2164","361","s","Remove/Cut"
"3118","3118","3118",1257767,1257851,84,"Backspace","Backspace","2163","361","n","Remove/Cut"
"3119","3119","3119",1257851,1257935,84,"Backspace","Backspace","2162","361","i","Remove/Cut"
"3120","3120","3120",1257935,1258020,85,"Backspace","Backspace","2161","361","h","Remove/Cut"
"3121","3121","3121",1258020,1258104,84,"Backspace","Backspace","2160","360","t","Remove/Cut"
"3122","3122","3122",1258104,1258188,84,"Backspace","Backspace","2159","360"," ","Remove/Cut"
"3123","3123","3123",1258188,1258272,84,"Backspace","Backspace","2158","360","g","Remove/Cut"
"3124","3124","3124",1258272,1258355,83,"Backspace","Backspace","2157","360","n","Remove/Cut"
"3125","3125","3125",1258355,1258439,84,"Backspace","Backspace","2156","360","i","Remove/Cut"
"3126","3126","3126",1258439,1258490,51,"Backspace","Backspace","2155","360","r","Remove/Cut"
"3127","3127","3127",1258617,1258678,61,"Backspace","Backspace","2154","360","u","Remove/Cut"
"3128","3128","3128",1258781,1258847,66,"Backspace","Backspace","2153","360","r","Remove/Cut"
"3129","3129","3129",1258960,1259004,44,"Backspace","Backspace","2152","360","c","Remove/Cut"
"3130","3130","3130",1259740,1259830,90,"c","c","2153","360","c","Input"
"3131","3131","3131",1260038,1260126,88,"q","q","2154","360","q","Input"
"3132","3132","3132",1260246,1260344,98,"u","u","2155","360","u","Input"
"3133","3133","3133",1260311,1260388,77,"i","i","2156","360","i","Input"
"3134","3134","3134",1260440,1260484,44,"r","r","2157","360","r","Input"
"3135","3135","3135",1260481,1260643,162,"i","i","2158","360","i","Input"
"3136","3136","3136",1260601,1260686,85,"n","n","2159","360","n","Input"
"3137","3137","3137",1260742,1260829,87,"g","g","2160","360","g","Input"
"3138","3138","3138",1260831,1260921,90,"Space","Space","2161","360"," ","Input"
"3139","3139","3139",1261208,1261293,85,"t","t","2162","361","t","Input"
"3140","3140","3140",1261263,1261379,116,"h","h","2163","361","h","Input"
"3141","3141","3141",1261339,1261437,98,"i","i","2164","361","i","Input"
"3142","3142","3142",1261491,1261577,86,"n","n","2165","361","n","Input"
"3143","3143","3143",1261547,1261695,148,"g","g","2166","361","g","Input"
"3144","3144","3144",1261658,1261779,121,"s","s","2167","361","s","Input"
"3145","3145","3145",1261741,1261824,83,"Space","Space","2168","361"," ","Input"
"3146","3146","3146",1262490,1262580,90,"p","p","2169","362","p","Input"
"3147","3147","3147",1262624,1262711,87,"e","e","2170","362","e","Input"
"3148","3148","3148",1262670,1262796,126,"o","o","2171","362","o","Input"
"3149","3149","3149",1262756,1262912,156,"p","p","2172","362","p","Input"
"3150","3150","3150",1262874,1262966,92,"l","l","2173","362","l","Input"
"3151","3151","3151",1263010,1263076,66,"e","e","2174","362","e","Input"
"3152","3152","3152",1263160,1263226,66,"Space","Space","2175","362"," ","Input"
"3153","3153","3153",1263455,1263631,176,"w","w","2176","363","w","Input"
"3154","3154","3154",1263595,1263760,165,"a","a","2177","363","a","Input"
"3155","3155","3155",1263685,1263806,121,"n","n","2178","363","n","Input"
"3156","3156","3156",1263911,1264027,116,"t","t","2179","363","t","Input"
"3157","3157","3157",1263995,1264097,102,"Space","Space","2180","363"," ","Input"
"3158","3158","3158",1264366,1264449,83,"i","i","2181","364","i","Input"
"3159","3159","3159",1264498,1264585,87,"s","s","2182","364","s","Input"
"3160","3160","3160",1264657,1264740,83,"Space","Space","2183","364"," ","Input"
"3161","3161","3161",1271662,1271760,98,"Leftclick","Leftclick","2174","364","NoChange","Nonproduction"
"3162","3162","3162",1272069,1272139,70,"Space","Space","2175","364"," ","Input"
"3163","3163","3163",1272192,1272250,58,"s","s","2176","365","s","Input"
"3164","3164","3164",1272290,1272410,120,"i","i","2177","365","i","Input"
"3165","3165","3165",1272372,1272482,110,"m","m","2178","365","m","Input"
"3166","3166","3166",1272540,1272650,110,"p","p","2179","365","p","Input"
"3167","3167","3167",1272606,1272690,84,"l","l","2180","365","l","Input"
"3168","3168","3168",1272743,1272808,65,"y","y","2181","365","y","Input"
"3169","3169","3169",1273534,1273626,92,"Leftclick","Leftclick","2190","365","NoChange","Nonproduction"
"3170","3170","3170",1284363,1284499,136,"r","r","2191","366","r","Input"
"3171","3171","3171",1284429,1284553,124,"e","e","2192","366","e","Input"
"3172","3172","3172",1284664,1284807,143,"w","w","2193","366","w","Input"
"3173","3173","3173",1284804,1284939,135,"a","a","2194","366","a","Input"
"3174","3174","3174",1284888,1284991,103,"r","r","2195","366","r","Input"
"3175","3175","3175",1285052,1285142,90,"d","d","2196","366","d","Input"
"3176","3176","3176",1285151,1285277,126,"i","i","2197","366","i","Input"
"3177","3177","3177",1285233,1285322,89,"n","n","2198","366","n","Input"
"3178","3178","3178",1285324,1285399,75,"g","g","2199","366","g","Input"
"3179","3179","3179",1285455,1285563,108,",",",","2200","366",",","Input"
"3180","3180","3180",1285521,1285635,114,"Space","Space","2201","366"," ","Input"
"3181","3181","3181",1285764,1285893,129,"b","b","2202","367","b","Input"
"3182","3182","3182",1285853,1285954,101,"u","u","2203","367","u","Input"
"3183","3183","3183",1286008,1286076,68,"t","t","2204","367","t","Input"
"3184","3184","3184",1286081,1286133,52,"Space","Space","2205","367"," ","Input"
"3185","3185","3185",1298393,1298443,50,"h","h","2206","368","h","Input"
"3186","3186","3186",1298451,1298617,166,"a","a","2207","368","a","Input"
"3187","3187","3187",1298563,1298677,114,"s","s","2208","368","s","Input"
"3188","3188","3188",1298674,1298738,64,"Space","Space","2209","368"," ","Input"
"3189","3189","3189",1298795,1298895,100,"q","q","2210","369","q","Input"
"3190","3190","3190",1298946,1299052,106,"u","u","2211","369","u","Input"
"3191","3191","3191",1299015,1299106,91,"i","i","2212","369","i","Input"
"3192","3192","3192",1299156,1299244,88,"c","c","2213","369","c","Input"
"3193","3193","3193",1299209,1299288,79,"k","k","2214","369","k","Input"
"3194","3194","3194",1299363,1299438,75,"l","l","2215","369","l","Input"
"3195","3195","3195",1299502,1299570,68,"y","y","2216","369","y","Input"
"3196","3196","3196",1299567,1299667,100,"Space","Space","2217","369"," ","Input"
"3197","3197","3197",1301112,1301160,48,"Backspace","Backspace","2216","369"," ","Remove/Cut"
"3198","3198","3198",1301241,1301303,62,"Backspace","Backspace","2215","369","y","Remove/Cut"
"3199","3199","3199",1301397,1301440,43,"Backspace","Backspace","2214","369","l","Remove/Cut"
"3200","3200","3200",1301545,1301582,37,"Backspace","Backspace","2213","369","k","Remove/Cut"
"3201","3201","3201",1301677,1301733,56,"Backspace","Backspace","2212","369","c","Remove/Cut"
"3202","3202","3202",1301819,1301872,53,"Backspace","Backspace","2211","369","i","Remove/Cut"
"3203","3203","3203",1301953,1302020,67,"Backspace","Backspace","2210","369","u","Remove/Cut"
"3204","3204","3204",1302115,1302180,65,"Backspace","Backspace","2209","368","q","Remove/Cut"
"3205","3205","3205",1305229,1305298,69,"b","b","2210","369","b","Input"
"3206","3206","3206",1305340,1305378,38,"e","e","2211","369","e","Input"
"3207","3207","3207",1305445,1305543,98,"c","c","2212","369","c","Input"
"3208","3208","3208",1305507,1305628,121,"o","o","2213","369","o","Input"
"3209","3209","3209",1305589,1305672,83,"m","m","2214","369","m","Input"
"3210","3210","3210",1305674,1305757,83,"e","e","2215","369","e","Input"
"3211","3211","3211",1305762,1305834,72,"Space","Space","2216","369"," ","Input"
"3212","3212","3212",1305889,1305994,105,"a","a","2217","370","a","Input"
"3213","3213","3213",1305957,1306038,81,"Space","Space","2218","370"," ","Input"
"3214","3214","3214",1306477,1306547,70,"Backspace","Backspace","2217","370"," ","Remove/Cut"
"3215","3215","3215",1308152,1308234,82,"Space","Space","2218","370"," ","Input"
"3216","3216","3216",1310543,1310592,49,"Backspace","Backspace","2217","370"," ","Remove/Cut"
"3217","3217","3217",1310794,1310855,61,"n","n","2218","370","n","Input"
"3218","3218","3218",1310935,1311014,79,"Space","Space","2219","370"," ","Input"
"3219","3219","3219",1311065,1311145,80,"i","i","2220","371","i","Input"
"3220","3220","3220",1311190,1311253,63,"s","s","2221","371","s","Input"
"3221","3221","3221",1311341,1311434,93,"s","s","2222","371","s","Input"
"3222","3222","3222",1311391,1311489,98,"u","u","2223","371","u","Input"
"3223","3223","3223",1311571,1311692,121,"e","e","2224","371","e","Input"
"3224","3224","3224",1311659,1311738,79,"Space","Space","2225","371"," ","Input"
"3225","3225","3225",1311791,1311864,73,"o","o","2226","372","o","Input"
"3226","3226","3226",1311831,1311923,92,"v","v","2227","372","v","Input"
"3227","3227","3227",1311984,1312125,141,"e","e","2228","372","e","Input"
"3228","3228","3228",1312087,1312171,84,"r","r","2229","372","r","Input"
"3229","3229","3229",1312173,1312246,73,"Space","Space","2230","372"," ","Input"
"3230","3230","3230",1312244,1312335,91,"t","t","2231","373","t","Input"
"3231","3231","3231",1312340,1312429,89,"h","h","2232","373","h","Input"
"3232","3232","3232",1312397,1312494,97,"e","e","2233","373","e","Input"
"3233","3233","3233",1312484,1312568,84,"Space","Space","2234","373"," ","Input"
"3234","3234","3234",1312665,1312759,94,"p","p","2235","374","p","Input"
"3235","3235","3235",1312722,1312919,197,"a","a","2236","374","a","Input"
"3236","3236","3236",1312823,1312978,155,"s","s","2237","374","s","Input"
"3237","3237","3237",1313052,1313134,82,"t","t","2238","374","t","Input"
"3238","3238","3238",1313137,1313215,78,"Space","Space","2239","374"," ","Input"
"3239","3239","3239",1314363,1314493,130,"c","c","2240","375","c","Input"
"3240","3240","3240",1314451,1314603,152,"o","o","2241","375","o","Input"
"3241","3241","3241",1314539,1314607,68,"u","u","2242","375","u","Input"
"3242","3242","3242",1314940,1314993,53,"Backspace","Backspace","2241","375","u","Remove/Cut"
"3243","3243","3243",1315069,1315126,57,"Backspace","Backspace","2240","375","o","Remove/Cut"
"3244","3244","3244",1315192,1315259,67,"Backspace","Backspace","2239","374","c","Remove/Cut"
"3245","3245","3245",1315729,1315793,64,"f","f","2240","375","f","Input"
"3246","3246","3246",1315973,1316127,154,"e","e","2241","375","e","Input"
"3247","3247","3247",1316085,1316213,128,"w","w","2242","375","w","Input"
"3248","3248","3248",1316176,1316265,89,"Space","Space","2243","375"," ","Input"
"3249","3249","3249",1316259,1316427,168,"d","d","2244","376","d","Input"
"3250","3250","3250",1316554,1316648,94,"e","e","2245","376","e","Input"
"3251","3251","3251",1316715,1316875,160,"c","c","2246","376","c","Input"
"3252","3252","3252",1316847,1317037,190,"a","a","2247","376","a","Input"
"3253","3253","3253",1317574,1317816,242,"d","d","2248","376","d","Input"
"3254","3254","3254",1317670,1317869,199,"e","e","2249","376","e","Input"
"3255","3255","3255",1317820,1317921,101,"s","s","2250","376","s","Input"
"3256","3256","3256",1317923,1317992,69,".",".","2251","376",".","Input"
"3257","3257","3257",1318145,1318215,70,"Space","Space","2252","376"," ","Input"
"3258","3258","3258",1318359,1318437,78,"Space","Space","2253","376"," ","Input"
"3259","3259","3259",1337493,1337493,0,"Shift","Shift","2253","376","NoChange","Nonproduction"
"3260","3260","3260",1337658,1337750,92,"W","w","2254","377","W","Input"
"3261","3261","3261",1337810,1337914,104,"e","e","2255","377","e","Input"
"3262","3262","3262",1337911,1337986,75,"Space","Space","2256","377"," ","Input"
"3263","3263","3263",1338105,1338191,86,"m","m","2257","378","m","Input"
"3264","3264","3264",1338340,1338414,74,"u","u","2258","378","u","Input"
"3265","3265","3265",1338468,1338611,143,"s","s","2259","378","s","Input"
"3266","3266","3266",1338566,1338665,99,"t","t","2260","378","t","Input"
"3267","3267","3267",1338663,1338723,60,"Space","Space","2261","378"," ","Input"
"3268","3268","3268",1338801,1338909,108,"f","f","2262","379","f","Input"
"3269","3269","3269",1338870,1338996,126,"i","i","2263","379","i","Input"
"3270","3270","3270",1338956,1339040,84,"n","n","2264","379","n","Input"
"3271","3271","3271",1339231,1339293,62,"Space","Space","2265","379"," ","Input"
"3272","3272","3272",1339619,1339688,69,"Backspace","Backspace","2264","379"," ","Remove/Cut"
"3273","3273","3273",1339741,1339822,81,"d","d","2265","379","d","Input"
"3274","3274","3274",1339888,1339957,69,"Space","Space","2266","379"," ","Input"
"3275","3275","3275",1340067,1340149,82,"a","a","2267","380","a","Input"
"3276","3276","3276",1340189,1340277,88,"Space","Space","2268","380"," ","Input"
"3277","3277","3277",1340497,1340575,78,"b","b","2269","381","b","Input"
"3278","3278","3278",1340573,1340666,93,"a","a","2270","381","a","Input"
"3279","3279","3279",1340707,1340756,49,"l","l","2271","381","l","Input"
"3280","3280","3280",1340766,1340880,114,"a","a","2272","381","a","Input"
"3281","3281","3281",1340872,1340942,70,"n","n","2273","381","n","Input"
"3282","3282","3282",1340990,1341162,172,"c","c","2274","381","c","Input"
"3283","3283","3283",1341116,1341205,89,"e","e","2275","381","e","Input"
"3284","3284","3284",1341166,1341253,87,"Space","Space","2276","381"," ","Input"
"3285","3285","3285",1341560,1341634,74,"b","b","2277","382","b","Input"
"3286","3286","3286",1341647,1341730,83,"e","e","2278","382","e","Input"
"3287","3287","3287",1341895,1341982,87,"t","t","2279","382","t","Input"
"3288","3288","3288",1342457,1342594,137,"w","w","2280","382","w","Input"
"3289","3289","3289",1342528,1342639,111,"e","e","2281","382","e","Input"
"3290","3290","3290",1342710,1342794,84,"e","e","2282","382","e","Input"
"3291","3291","3291",1342760,1342838,78,"n","n","2283","382","n","Input"
"3292","3292","3292",1344309,1344390,81,"Space","Space","2284","382"," ","Input"
"3293","3293","3293",1344613,1344727,114,"o","o","2285","383","o","Input"
"3294","3294","3294",1344689,1344773,84,"u","u","2286","383","u","Input"
"3295","3295","3295",1344855,1344929,74,"r","r","2287","383","r","Input"
"3296","3296","3296",1344973,1345036,63,"Space","Space","2288","383"," ","Input"
"3297","3297","3297",1345100,1345164,64,"n","n","2289","384","n","Input"
"3298","3298","3298",1345328,1345411,83,"e","e","2290","384","e","Input"
"3299","3299","3299",1345503,1345605,102,"e","e","2291","384","e","Input"
"3300","3300","3300",1345724,1345884,160,"d","d","2292","384","d","Input"
"3301","3301","3301",1345840,1345971,131,"s","s","2293","384","s","Input"
"3302","3302","3302",1346644,1346797,153,",",",","2294","384",",","Input"
"3303","3303","3303",1346764,1346855,91,"Space","Space","2295","384"," ","Input"
"3304","3304","3304",1346852,1346978,126,"w","w","2296","385","w","Input"
"3305","3305","3305",1346934,1347077,143,"a","a","2297","385","a","Input"
"3306","3306","3306",1347030,1347123,93,"n","n","2298","385","n","Input"
"3307","3307","3307",1347188,1347276,88,"t","t","2299","385","t","Input"
"3308","3308","3308",1347281,1347377,96,"s","s","2300","385","s","Input"
"3309","3309","3309",1348342,1348843,501,"Backspace","Backspace","2299","385","s","Remove/Cut"
"3310","3310","3310",1348843,1348927,84,"Backspace","Backspace","2298","385","t","Remove/Cut"
"3311","3311","3311",1348927,1349011,84,"Backspace","Backspace","2297","385","n","Remove/Cut"
"3312","3312","3312",1349011,1349094,83,"Backspace","Backspace","2296","385","a","Remove/Cut"
"3313","3313","3313",1349094,1349179,85,"Backspace","Backspace","2295","384","w","Remove/Cut"
"3314","3314","3314",1349179,1349263,84,"Backspace","Backspace","2294","384"," ","Remove/Cut"
"3315","3315","3315",1349263,1349347,84,"Backspace","Backspace","2293","384",",","Remove/Cut"
"3316","3316","3316",1349347,1349431,84,"Backspace","Backspace","2292","384","s","Remove/Cut"
"3317","3317","3317",1349431,1349497,66,"Backspace","Backspace","2291","384","d","Remove/Cut"
"3318","3318","3318",1350991,1351123,132,"d","d","2292","384","d","Input"
"3319","3319","3319",1351075,1351184,109,"s","s","2293","384","s","Input"
"3320","3320","3320",1352027,1352117,90,"Space","Space","2294","384"," ","Input"
"3321","3321","3321",1352978,1353478,500,"Backspace","Backspace","2293","384"," ","Remove/Cut"
"3322","3322","3322",1353478,1353562,84,"Backspace","Backspace","2292","384","s","Remove/Cut"
"3323","3323","3323",1353562,1353644,82,"Backspace","Backspace","2291","384","d","Remove/Cut"
"3324","3324","3324",1353644,1353729,85,"Backspace","Backspace","2290","384","e","Remove/Cut"
"3325","3325","3325",1353729,1353784,55,"Backspace","Backspace","2289","384","e","Remove/Cut"
"3326","3326","3326",1354327,1354397,70,"e","e","2290","384","e","Input"
"3327","3327","3327",1354478,1354556,78,"e","e","2291","384","e","Input"
"3328","3328","3328",1354882,1355027,145,"d","d","2292","384","d","Input"
"3329","3329","3329",1354994,1355097,103,"s","s","2293","384","s","Input"
"3330","3330","3330",1355241,1355394,153,",",",","2294","384",",","Input"
"3331","3331","3331",1355354,1355455,101,"Space","Space","2295","384"," ","Input"
"3332","3332","3332",1355509,1355605,96,"w","w","2296","385","w","Input"
"3333","3333","3333",1355558,1355669,111,"a","a","2297","385","a","Input"
"3334","3334","3334",1355602,1355673,71,"n","n","2298","385","n","Input"
"3335","3335","3335",1355775,1355911,136,"t","t","2299","385","t","Input"
"3336","3336","3336",1355875,1356012,137,"s","s","2300","385","s","Input"
"3337","3337","3337",1355979,1356112,133,",",",","2301","385",",","Input"
"3338","3338","3338",1356058,1356158,100,"Space","Space","2302","385"," ","Input"
"3339","3339","3339",1356155,1356255,100,"a","a","2303","386","a","Input"
"3340","3340","3340",1356251,1356316,65,"n","n","2304","386","n","Input"
"3341","3341","3341",1356325,1356449,124,"d","d","2305","386","d","Input"
"3342","3342","3342",1356507,1356562,55,"Space","Space","2306","386"," ","Input"
"3343","3343","3343",1357216,1357310,94,"m","m","2307","387","m","Input"
"3344","3344","3344",1357307,1357393,86,"a","a","2308","387","a","Input"
"3345","3345","3345",1357478,1357544,66,"t","t","2309","387","t","Input"
"3346","3346","3346",1357591,1357709,118,"e","e","2310","387","e","Input"
"3347","3347","3347",1357673,1357797,124,"r","r","2311","387","r","Input"
"3348","3348","3348",1357756,1357840,84,"i","i","2312","387","i","Input"
"3349","3349","3349",1357845,1357945,100,"a","a","2313","387","a","Input"
"3350","3350","3350",1357989,1358097,108,"l","l","2314","387","l","Input"
"3351","3351","3351",1358286,1358326,40,"p","p","2315","387","p","Input"
"3352","3352","3352",1358785,1358887,102,"Backspace","Backspace","2314","387","p","Remove/Cut"
"3353","3353","3353",1359290,1359380,90,"Space","Space","2315","387"," ","Input"
"3354","3354","3354",1359506,1359600,94,"p","p","2316","388","p","Input"
"3355","3355","3355",1359749,1359797,48,"o","o","2317","388","o","Input"
"3356","3356","3356",1360053,1360554,501,"Backspace","Backspace","2316","388","o","Remove/Cut"
"3357","3357","3357",1360554,1360639,85,"Backspace","Backspace","2315","387","p","Remove/Cut"
"3358","3358","3358",1360639,1360722,83,"Backspace","Backspace","2314","387"," ","Remove/Cut"
"3359","3359","3359",1360722,1360806,84,"Backspace","Backspace","2313","387","l","Remove/Cut"
"3360","3360","3360",1360806,1360889,83,"Backspace","Backspace","2312","387","a","Remove/Cut"
"3361","3361","3361",1360889,1360972,83,"Backspace","Backspace","2311","387","i","Remove/Cut"
"3362","3362","3362",1360972,1361056,84,"Backspace","Backspace","2310","387","r","Remove/Cut"
"3363","3363","3363",1361056,1361140,84,"Backspace","Backspace","2309","387","e","Remove/Cut"
"3364","3364","3364",1361140,1361223,83,"Backspace","Backspace","2308","387","t","Remove/Cut"
"3365","3365","3365",1361223,1361305,82,"Backspace","Backspace","2307","387","a","Remove/Cut"
"3366","3366","3366",1361305,1361390,85,"Backspace","Backspace","2306","386","m","Remove/Cut"
"3367","3367","3367",1361390,1361472,82,"Backspace","Backspace","2305","386"," ","Remove/Cut"
"3368","3368","3368",1361472,1361557,85,"Backspace","Backspace","2304","386","d","Remove/Cut"
"3369","3369","3369",1361557,1361640,83,"Backspace","Backspace","2303","386","n","Remove/Cut"
"3370","3370","3370",1361640,1361724,84,"Backspace","Backspace","2302","385","a","Remove/Cut"
"3371","3371","3371",1361724,1361807,83,"Backspace","Backspace","2301","385"," ","Remove/Cut"
"3372","3372","3372",1361807,1361891,84,"Backspace","Backspace","2300","385",",","Remove/Cut"
"3373","3373","3373",1361891,1361975,84,"Backspace","Backspace","2299","385","s","Remove/Cut"
"3374","3374","3374",1361975,1362057,82,"Backspace","Backspace","2298","385","t","Remove/Cut"
"3375","3375","3375",1362057,1362065,8,"Backspace","Backspace","2297","385","n","Remove/Cut"
"3376","3376","3376",1362181,1362231,50,"Backspace","Backspace","2296","385","a","Remove/Cut"
"3377","3377","3377",1362320,1362374,54,"Backspace","Backspace","2295","384","w","Remove/Cut"
"3378","3378","3378",1362458,1362519,61,"Backspace","Backspace","2294","384"," ","Remove/Cut"
"3379","3379","3379",1362602,1362646,44,"Backspace","Backspace","2293","384",",","Remove/Cut"
"3380","3380","3380",1362888,1362966,78,"Space","Space","2294","384"," ","Input"
"3381","3381","3381",1363024,1363105,81,"a","a","2295","385","a","Input"
"3382","3382","3382",1363065,1363153,88,"n","n","2296","385","n","Input"
"3383","3383","3383",1363156,1363277,121,"d","d","2297","385","d","Input"
"3384","3384","3384",1363241,1363325,84,"Space","Space","2298","385"," ","Input"
"3385","3385","3385",1363323,1363445,122,"w","w","2299","386","w","Input"
"3386","3386","3386",1363409,1363529,120,"a","a","2300","386","a","Input"
"3387","3387","3387",1363490,1363574,84,"n","n","2301","386","n","Input"
"3388","3388","3388",1363623,1363726,103,"t","t","2302","386","t","Input"
"3389","3389","3389",1363690,1363803,113,"s","s","2303","386","s","Input"
"3390","3390","3390",1363799,1363862,63,".",".","2304","386",".","Input"
"3391","3391","3391",1363979,1364045,66,"Space","Space","2305","386"," ","Input"
"3392","3392","3392",1364113,1364187,74,"Space","Space","2306","386"," ","Input"
"3393","3393","3393",1364199,1364199,0,"Shift","Shift","2306","386","NoChange","Nonproduction"
"3394","3394","3394",1364289,1364361,72,"M","m","2307","387","M","Input"
"3395","3395","3395",1364587,1364718,131,"e","e","2308","387","e","Input"
"3396","3396","3396",1364675,1364783,108,"r","r","2309","387","r","Input"
"3397","3397","3397",1366200,1366254,54,"Backspace","Backspace","2308","387","r","Remove/Cut"
"3398","3398","3398",1366348,1366422,74,"Backspace","Backspace","2307","387","e","Remove/Cut"
"3399","3399","3399",1366651,1366753,102,"a","a","2308","387","a","Input"
"3400","3400","3400",1366887,1366943,56,"t","t","2309","387","t","Input"
"3401","3401","3401",1367132,1367282,150,"e","e","2310","387","e","Input"
"3402","3402","3402",1367211,1367336,125,"r","r","2311","387","r","Input"
"3403","3403","3403",1367346,1367414,68,"i","i","2312","387","i","Input"
"3404","3404","3404",1367457,1367574,117,"a","a","2313","387","a","Input"
"3405","3405","3405",1367577,1367682,105,"l","l","2314","387","l","Input"
"3406","3406","3406",1367893,1367970,77,"i","i","2315","387","i","Input"
"3407","3407","3407",1368333,1368421,88,"s","s","2316","387","s","Input"
"3408","3408","3408",1368417,1368499,82,"m","m","2317","387","m","Input"
"3409","3409","3409",1368666,1368756,90,"Space","Space","2318","387"," ","Input"
"3410","3410","3410",1373227,1373325,98,"Leftclick","Leftclick","2306","387","NoChange","Nonproduction"
"3411","3411","3411",1377279,1377356,77,"Leftclick","Leftclick","2255","387","NoChange","Nonproduction"
"3412","3412","3412",1377662,1377706,44,"Backspace","Backspace","2254","387","e","Remove/Cut"
"3413","3413","3413",1377784,1377858,74,"Backspace","Backspace","2253","386","W","Remove/Cut"
"3414","3414","3414",1378480,1378480,0,"Shift","Shift","2253","386","NoChange","Nonproduction"
"3415","3415","3415",1378561,1378619,58,"T","T","2254","387","T","Input"
"3416","3416","3416",1378749,1378821,72,"h","h","2255","387","h","Input"
"3417","3417","3417",1378889,1378965,76,"e","e","2256","387","e","Input"
"3418","3418","3418",1379007,1379065,58,"Space","Space","2257","387"," ","Input"
"3419","3419","3419",1379106,1379203,97,"w","w","2258","388","w","Input"
"3420","3420","3420",1379256,1379299,43,"o","o","2259","388","o","Input"
"3421","3421","3421",1379341,1379399,58,"r","r","2260","388","r","Input"
"3422","3422","3422",1379457,1379532,75,"l","l","2261","388","l","Input"
"3423","3423","3423",1379627,1379705,78,"d","d","2262","388","d","Input"
"3424","3424","3424",1381932,1381976,44,"Backspace","Backspace","2261","388","d","Remove/Cut"
"3425","3425","3425",1382066,1382131,65,"Backspace","Backspace","2260","388","l","Remove/Cut"
"3426","3426","3426",1382219,1382276,57,"Backspace","Backspace","2259","388","r","Remove/Cut"
"3427","3427","3427",1382361,1382423,62,"Backspace","Backspace","2258","388","o","Remove/Cut"
"3428","3428","3428",1382503,1382569,66,"Backspace","Backspace","2257","387","w","Remove/Cut"
"3429","3429","3429",1382653,1382718,65,"Backspace","Backspace","2256","387"," ","Remove/Cut"
"3430","3430","3430",1382807,1382870,63,"Backspace","Backspace","2255","387","e","Remove/Cut"
"3431","3431","3431",1382959,1383024,65,"Backspace","Backspace","2254","387","h","Remove/Cut"
"3432","3432","3432",1383136,1383199,63,"Backspace","Backspace","2253","386","T","Remove/Cut"
"3433","3433","3433",1384312,1384312,0,"Shift","Shift","2253","386","NoChange","Nonproduction"
"3434","3434","3434",1384397,1384441,44,"T","T","2254","387","T","Input"
"3435","3435","3435",1384546,1384619,73,"h","h","2255","387","h","Input"
"3436","3436","3436",1384673,1384748,75,"e","e","2256","387","e","Input"
"3437","3437","3437",1384718,1384813,95,"Space","Space","2257","387"," ","Input"
"3438","3438","3438",1384981,1385059,78,"p","p","2258","388","p","Input"
"3439","3439","3439",1385355,1385475,120,"o","o","2259","388","o","Input"
"3440","3440","3440",1385418,1385523,105,"p","p","2260","388","p","Input"
"3441","3441","3441",1385682,1385737,55,"u","u","2261","388","u","Input"
"3442","3442","3442",1385874,1385963,89,"l","l","2262","388","l","Input"
"3443","3443","3443",1385930,1386094,164,"a","a","2263","388","a","Input"
"3444","3444","3444",1386055,1386142,87,"t","t","2264","388","t","Input"
"3445","3445","3445",1386139,1386260,121,"i","i","2265","388","i","Input"
"3446","3446","3446",1386219,1386323,104,"o","o","2266","388","o","Input"
"3447","3447","3447",1386431,1386501,70,"m","m","2267","388","m","Input"
"3448","3448","3448",1387434,1387482,48,"Backspace","Backspace","2266","388","m","Remove/Cut"
"3449","3449","3449",1387790,1387846,56,"n","n","2267","388","n","Input"
"3450","3450","3450",1389057,1389140,83,"Leftclick","Leftclick","2299","388","NoChange","Nonproduction"
"3451","3451","3451",1389420,1389472,52,"Backspace","Backspace","2298","388","r","Remove/Cut"
"3452","3452","3452",1389560,1389622,62,"Backspace","Backspace","2297","388","u","Remove/Cut"
"3453","3453","3453",1389697,1389783,86,"Backspace","Backspace","2296","387","o","Remove/Cut"
"3454","3454","3454",1390120,1390177,57,"Backspace","Backspace","2295","387"," ","Remove/Cut"
"3455","3455","3455",1391124,1391193,69,"Leftclick","Leftclick","2326","387","NoChange","Nonproduction"
"3456","3456","3456",1392370,1392511,141,"c","c","2327","388","c","Input"
"3457","3457","3457",1392450,1392563,113,"a","a","2328","388","a","Input"
"3458","3458","3458",1392613,1392670,57,"n","n","2329","388","n","Input"
"3459","3459","3459",1392728,1392836,108,"n","n","2330","388","n","Input"
"3460","3460","3460",1392842,1392936,94,"o","o","2331","388","o","Input"
"3461","3461","3461",1392991,1393085,94,"t","t","2332","388","t","Input"
"3462","3462","3462",1393039,1393139,100,"Space","Space","2333","388"," ","Input"
"3463","3463","3463",1393799,1393894,95,"r","r","2334","389","r","Input"
"3464","3464","3464",1393862,1393939,77,"u","u","2335","389","u","Input"
"3465","3465","3465",1394041,1394107,66,"l","l","2336","389","l","Input"
"3466","3466","3466",1394116,1394212,96,"e","e","2337","389","e","Input"
"3467","3467","3467",1394209,1394291,82,"Space","Space","2338","389"," ","Input"
"3468","3468","3468",1394370,1394422,52,"o","o","2339","390","o","Input"
"3469","3469","3469",1394475,1394558,83,"v","v","2340","390","v","Input"
"3470","3470","3470",1394757,1394893,136,"e","e","2341","390","e","Input"
"3471","3471","3471",1394864,1394945,81,"r","r","2342","390","r","Input"
"3472","3472","3472",1396506,1396576,70,"Space","Space","2343","390"," ","Input"
"3473","3473","3473",1396624,1396677,53,"t","t","2344","391","t","Input"
"3474","3474","3474",1396673,1396736,63,"h","h","2345","391","h","Input"
"3475","3475","3475",1396790,1396867,77,"e","e","2346","391","e","Input"
"3476","3476","3476",1396832,1396928,96,"Space","Space","2347","391"," ","Input"
"3477","3477","3477",1396925,1397044,119,"w","w","2348","392","w","Input"
"3478","3478","3478",1397014,1397087,73,"o","o","2349","392","o","Input"
"3479","3479","3479",1397096,1397180,84,"r","r","2350","392","r","Input"
"3480","3480","3480",1397223,1397261,38,"l","l","2351","392","l","Input"
"3481","3481","3481",1397338,1397425,87,"d","d","2352","392","d","Input"
"3482","3482","3482",1397538,1397644,106,"Space","Space","2353","392"," ","Input"
"3483","3483","3483",1397992,1398058,66,"Backspace","Backspace","2352","392"," ","Remove/Cut"
"3484","3484","3484",1398402,1398527,125,",",",","2353","392",",","Input"
"3485","3485","3485",1398482,1398623,141,"Space","Space","2354","392"," ","Input"
"3486","3486","3486",1404977,1405096,119,"a","a","2355","393","a","Input"
"3487","3487","3487",1405140,1405180,40,"n","n","2356","393","n","Input"
"3488","3488","3488",1405369,1405471,102,"d","d","2357","393","d","Input"
"3489","3489","3489",1405524,1405558,34,"Space","Space","2358","393"," ","Input"
"3490","3490","3490",1407644,1407697,53,"Backspace","Backspace","2357","393"," ","Remove/Cut"
"3491","3491","3491",1407786,1407865,79,"Backspace","Backspace","2356","393","d","Remove/Cut"
"3492","3492","3492",1408801,1408960,159,"d","d","2357","393","d","Input"
"3493","3493","3493",1408929,1409009,80,"Space","Space","2358","393"," ","Input"
"3494","3494","3494",1428643,1429484,841,"Leftclick","Leftclick","2358","393","NoChange","Nonproduction"
"3495","3495","3495",1429757,1429809,52,"Backspace","Backspace","2327","388","annot rule over the world, and ","Remove/Cut"
"3496","3496","3496",1429915,1429988,73,"Backspace","Backspace","2326","387","c","Remove/Cut"
"3497","3497","3497",1430298,1430368,70,"i","i","2327","388","i","Input"
"3498","3498","3498",1430734,1430827,93,"s","s","2328","388","s","Input"
"3499","3499","3499",1430872,1430938,66,"Space","Space","2329","388"," ","Input"
"3500","3500","3500",1431025,1431115,90,"b","b","2330","389","b","Input"
"3501","3501","3501",1431190,1431309,119,"e","e","2331","389","e","Input"
"3502","3502","3502",1431414,1431515,101,"g","g","2332","389","g","Input"
"3503","3503","3503",1431573,1431709,136,"i","i","2333","389","i","Input"
"3504","3504","3504",1431674,1431755,81,"n","n","2334","389","n","Input"
"3505","3505","3505",1431839,1431958,119,"n","n","2335","389","n","Input"
"3506","3506","3506",1431919,1432077,158,"i","i","2336","389","i","Input"
"3507","3507","3507",1432039,1432126,87,"n","n","2337","389","n","Input"
"3508","3508","3508",1432123,1432208,85,"g","g","2338","389","g","Input"
"3509","3509","3509",1432256,1432307,51,"Space","Space","2339","389"," ","Input"
"3510","3510","3510",1432560,1432642,82,"o","o","2340","390","o","Input"
"3511","3511","3511",1432896,1432954,58,"Backspace","Backspace","2339","389","o","Remove/Cut"
"3512","3512","3512",1433072,1433154,82,"t","t","2340","390","t","Input"
"3513","3513","3513",1433152,1433225,73,"o","o","2341","390","o","Input"
"3514","3514","3514",1433314,1433405,91,"Space","Space","2342","390"," ","Input"
"3515","3515","3515",1433457,1433531,74,"r","r","2343","391","r","Input"
"3516","3516","3516",1433498,1433575,77,"i","i","2344","391","i","Input"
"3517","3517","3517",1433691,1433792,101,"l","l","2345","391","l","Input"
"3518","3518","3518",1433763,1433838,75,"e","e","2346","391","e","Input"
"3519","3519","3519",1433846,1433941,95,"Space","Space","2347","391"," ","Input"
"3520","3520","3520",1433939,1434020,81,"t","t","2348","392","t","Input"
"3521","3521","3521",1434341,1434390,49,"Backspace","Backspace","2347","391","t","Remove/Cut"
"3522","3522","3522",1434482,1434538,56,"Backspace","Backspace","2346","391"," ","Remove/Cut"
"3523","3523","3523",1434620,1434678,58,"Backspace","Backspace","2345","391","e","Remove/Cut"
"3524","3524","3524",1434756,1434812,56,"Backspace","Backspace","2344","391","l","Remove/Cut"
"3525","3525","3525",1434880,1434950,70,"Backspace","Backspace","2343","391","i","Remove/Cut"
"3526","3526","3526",1435263,1435313,50,"u","u","2344","391","u","Input"
"3527","3527","3527",1435463,1435545,82,"l","l","2345","391","l","Input"
"3528","3528","3528",1435590,1435669,79,"e","e","2346","391","e","Input"
"3529","3529","3529",1435724,1435787,63,"Space","Space","2347","391"," ","Input"
"3530","3530","3530",1436577,1436674,97,"o","o","2348","392","o","Input"
"3531","3531","3531",1436723,1436804,81,"v","v","2349","392","v","Input"
"3532","3532","3532",1436907,1437025,118,"e","e","2350","392","e","Input"
"3533","3533","3533",1436991,1437088,97,"r","r","2351","392","r","Input"
"3534","3534","3534",1437719,1437817,98,"Space","Space","2352","392"," ","Input"
"3535","3535","3535",1438359,1438425,66,"t","t","2353","393","t","Input"
"3536","3536","3536",1438473,1438549,76,"h","h","2354","393","h","Input"
"3537","3537","3537",1438513,1438592,79,"e","e","2355","393","e","Input"
"3538","3538","3538",1438595,1438695,100,"Space","Space","2356","393"," ","Input"
"3539","3539","3539",1438664,1438795,131,"w","w","2357","394","w","Input"
"3540","3540","3540",1438754,1438839,85,"o","o","2358","394","o","Input"
"3541","3541","3541",1438846,1438922,76,"r","r","2359","394","r","Input"
"3542","3542","3542",1438973,1439014,41,"l","l","2360","394","l","Input"
"3543","3543","3543",1439074,1439164,90,"d","d","2361","394","d","Input"
"3544","3544","3544",1439167,1439315,148,",",",","2362","394",",","Input"
"3545","3545","3545",1439271,1439380,109,"Space","Space","2363","394"," ","Input"
"3546","3546","3546",1439374,1439474,100,"a","a","2364","395","a","Input"
"3547","3547","3547",1439472,1439561,89,"n","n","2365","395","n","Input"
"3548","3548","3548",1439529,1439645,116,"d","d","2366","395","d","Input"
"3549","3549","3549",1439691,1439732,41,"Space","Space","2367","395"," ","Input"
"3550","3550","3550",1444204,1444246,42,"u","u","2368","396","u","Input"
"3551","3551","3551",1444288,1444372,84,"s","s","2369","396","s","Input"
"3552","3552","3552",1444423,1444464,41,"Space","Space","2370","396"," ","Input"
"3553","3553","3553",1444507,1444624,117,"a","a","2371","397","a","Input"
"3554","3554","3554",1444574,1444671,97,"Space","Space","2372","397"," ","Input"
"3555","3555","3555",1445028,1445089,61,"Backspace","Backspace","2371","397"," ","Remove/Cut"
"3556","3556","3556",1445141,1445198,57,"s","s","2372","397","s","Input"
"3557","3557","3557",1445259,1445323,64,"Space","Space","2373","397"," ","Input"
"3558","3558","3558",1445376,1445505,129,"a","a","2374","398","a","Input"
"3559","3559","3559",1445414,1445464,50,"Space","Space","2375","398"," ","Input"
"3560","3560","3560",1445567,1445633,66,"p","p","2376","399","p","Input"
"3561","3561","3561",1446183,1446236,53,"Backspace","Backspace","2375","398","p","Remove/Cut"
"3562","3562","3562",1446330,1446382,52,"Backspace","Backspace","2374","398"," ","Remove/Cut"
"3563","3563","3563",1446486,1446528,42,"Backspace","Backspace","2373","397","a","Remove/Cut"
"3564","3564","3564",1446615,1446662,47,"Backspace","Backspace","2372","397"," ","Remove/Cut"
"3565","3565","3565",1447101,1447153,52,"Backspace","Backspace","2371","397","s","Remove/Cut"
"3566","3566","3566",1447243,1447292,49,"Backspace","Backspace","2370","396","a","Remove/Cut"
"3567","3567","3567",1447386,1447438,52,"Backspace","Backspace","2369","396"," ","Remove/Cut"
"3568","3568","3568",1447527,1447594,67,"Backspace","Backspace","2368","396","s","Remove/Cut"
"3569","3569","3569",1447674,1447740,66,"Backspace","Backspace","2367","395","u","Remove/Cut"
"3570","3570","3570",1448020,1448072,52,"p","p","2368","396","p","Input"
"3571","3571","3571",1448129,1448224,95,"e","e","2369","396","e","Input"
"3572","3572","3572",1448165,1448271,106,"o","o","2370","396","o","Input"
"3573","3573","3573",1448229,1448379,150,"p","p","2371","396","p","Input"
"3574","3574","3574",1448346,1448427,81,"l","l","2372","396","l","Input"
"3575","3575","3575",1448473,1448524,51,"e","e","2373","396","e","Input"
"3576","3576","3576",1448573,1448618,45,"Space","Space","2374","396"," ","Input"
"3577","3577","3577",1448715,1448877,162,"a","a","2375","397","a","Input"
"3578","3578","3578",1448848,1448926,78,"s","s","2376","397","s","Input"
"3579","3579","3579",1448923,1448993,70,"Space","Space","2377","397"," ","Input"
"3580","3580","3580",1448991,1449113,122,"a","a","2378","398","a","Input"
"3581","3581","3581",1449067,1449156,89,"Space","Space","2379","398"," ","Input"
"3582","3582","3582",1449381,1449497,116,"a","a","2380","399","a","Input"
"3583","3583","3583",1449486,1449581,95,"h","h","2381","399","h","Input"
"3584","3584","3584",1449570,1449688,118,"o","o","2382","399","o","Input"
"3585","3585","3585",1450031,1450079,48,"Backspace","Backspace","2381","399","o","Remove/Cut"
"3586","3586","3586",1450147,1450200,53,"Backspace","Backspace","2380","399","h","Remove/Cut"
"3587","3587","3587",1450302,1450354,52,"Backspace","Backspace","2379","398","a","Remove/Cut"
"3588","3588","3588",1450752,1450842,90,"w","w","2380","399","w","Input"
"3589","3589","3589",1450890,1450956,66,"h","h","2381","399","h","Input"
"3590","3590","3590",1451035,1451120,85,"o","o","2382","399","o","Input"
"3591","3591","3591",1451235,1451315,80,"l","l","2383","399","l","Input"
"3592","3592","3592",1451375,1451428,53,"e","e","2384","399","e","Input"
"3593","3593","3593",1451473,1451520,47,"Space","Space","2385","399"," ","Input"
"3594","3594","3594",1451732,1451778,46,"n","n","2386","400","n","Input"
"3595","3595","3595",1453060,1453118,58,"e","e","2387","400","e","Input"
"3596","3596","3596",1453196,1453339,143,"e","e","2388","400","e","Input"
"3597","3597","3597",1453388,1453454,66,"Space","Space","2389","400"," ","Input"
"3598","3598","3598",1453766,1453833,67,"Backspace","Backspace","2388","400"," ","Remove/Cut"
"3599","3599","3599",1453890,1453994,104,"d","d","2389","400","d","Input"
"3600","3600","3600",1454049,1454125,76,"Space","Space","2390","400"," ","Input"
"3601","3601","3601",1454174,1454264,90,"t","t","2391","401","t","Input"
"3602","3602","3602",1454256,1454322,66,"o","o","2392","401","o","Input"
"3603","3603","3603",1454450,1454532,82,"Space","Space","2393","401"," ","Input"
"3604","3604","3604",1457692,1457849,157,"w","w","2394","402","w","Input"
"3605","3605","3605",1457917,1457996,79,"o","o","2395","402","o","Input"
"3606","3606","3606",1458095,1458191,96,"r","r","2396","402","r","Input"
"3607","3607","3607",1458184,1458297,113,"k","k","2397","402","k","Input"
"3608","3608","3608",1458339,1458435,96,"Space","Space","2398","402"," ","Input"
"3609","3609","3609",1458490,1458563,73,"t","t","2399","403","t","Input"
"3610","3610","3610",1458560,1458629,69,"o","o","2400","403","o","Input"
"3611","3611","3611",1458697,1458826,129,"g","g","2401","403","g","Input"
"3612","3612","3612",1458785,1458936,151,"e","e","2402","403","e","Input"
"3613","3613","3613",1459173,1459293,120,"t","t","2403","403","t","Input"
"3614","3614","3614",1459497,1459584,87,"h","h","2404","403","h","Input"
"3615","3615","3615",1459663,1459816,153,"e","e","2405","403","e","Input"
"3616","3616","3616",1459768,1459877,109,"r","r","2406","403","r","Input"
"3617","3617","3617",1459923,1459993,70,"Space","Space","2407","403"," ","Input"
"3618","3618","3618",1460068,1460129,61,"t","t","2408","404","t","Input"
"3619","3619","3619",1460172,1460220,48,"o","o","2409","404","o","Input"
"3620","3620","3620",1460329,1460415,86,"Space","Space","2410","404"," ","Input"
"3621","3621","3621",1462139,1462243,104,"f","f","2411","405","f","Input"
"3622","3622","3622",1462207,1462294,87,"i","i","2412","405","i","Input"
"3623","3623","3623",1462292,1462344,52,"n","n","2413","405","n","Input"
"3624","3624","3624",1462388,1462493,105,"d","d","2414","405","d","Input"
"3625","3625","3625",1462454,1462550,96,"Space","Space","2415","405"," ","Input"
"3626","3626","3626",1465882,1465953,71,"Backspace","Backspace","2414","405"," ","Remove/Cut"
"3627","3627","3627",1466031,1466089,58,"Backspace","Backspace","2413","405","d","Remove/Cut"
"3628","3628","3628",1466179,1466240,61,"Backspace","Backspace","2412","405","n","Remove/Cut"
"3629","3629","3629",1466324,1466397,73,"Backspace","Backspace","2411","405","i","Remove/Cut"
"3630","3630","3630",1466496,1466574,78,"Backspace","Backspace","2410","404","f","Remove/Cut"
"3631","3631","3631",1467391,1467510,119,"s","s","2411","405","s","Input"
"3632","3632","3632",1467478,1467591,113,"i","i","2412","405","i","Input"
"3633","3633","3633",1467583,1467673,90,"m","m","2413","405","m","Input"
"3634","3634","3634",1467724,1467848,124,"p","p","2414","405","p","Input"
"3635","3635","3635",1467807,1467905,98,"l","l","2415","405","l","Input"
"3636","3636","3636",1468028,1468102,74,"y","y","2416","405","y","Input"
"3637","3637","3637",1468158,1468229,71,"Space","Space","2417","405"," ","Input"
"3638","3638","3638",1468796,1468959,163,"o","o","2418","406","o","Input"
"3639","3639","3639",1468920,1469003,83,"u","u","2419","406","u","Input"
"3640","3640","3640",1469006,1469078,72,"r","r","2420","406","r","Input"
"3641","3641","3641",1469123,1469193,70,"Space","Space","2421","406"," ","Input"
"3642","3642","3642",1469248,1469316,68,"h","h","2422","407","h","Input"
"3643","3643","3643",1469373,1469463,90,"a","a","2423","407","a","Input"
"3644","3644","3644",1469507,1469547,40,"p","p","2424","407","p","Input"
"3645","3645","3645",1469610,1469677,67,"p","p","2425","407","p","Input"
"3646","3646","3646",1469794,1469943,149,"i","i","2426","407","i","Input"
"3647","3647","3647",1469899,1470003,104,"n","n","2427","407","n","Input"
"3648","3648","3648",1470010,1470143,133,"e","e","2428","407","e","Input"
"3649","3649","3649",1470111,1470233,122,"s","s","2429","407","s","Input"
"3650","3650","3650",1470313,1470408,95,"s","s","2430","407","s","Input"
"3651","3651","3651",1470456,1470524,68,".",".","2431","407",".","Input"
"3652","3652","3652",1472576,1472663,87,"Leftclick","Leftclick","2431","407","NoChange","Nonproduction"
"3653","3653","3653",1484719,1484777,58,"Backspace","Backspace","2430","407",".","Remove/Cut"
"3654","3654","3654",1485281,1485382,101,"Space","Space","2431","407"," ","Input"
"3655","3655","3655",1485440,1485488,48,"a","a","2432","408","a","Input"
"3656","3656","3656",1485538,1485578,40,"n","n","2433","408","n","Input"
"3657","3657","3657",1485622,1485757,135,"d","d","2434","408","d","Input"
"3658","3658","3658",1485717,1485801,84,"Space","Space","2435","408"," ","Input"
"3659","3659","3659",1485874,1485932,58,"m","m","2436","409","m","Input"
"3660","3660","3660",1485947,1486079,132,"e","e","2437","409","e","Input"
"3661","3661","3661",1486048,1486173,125,"a","a","2438","409","a","Input"
"3662","3662","3662",1487110,1487611,501,"Backspace","Backspace","2437","409","a","Remove/Cut"
"3663","3663","3663",1487611,1487694,83,"Backspace","Backspace","2436","409","e","Remove/Cut"
"3664","3664","3664",1487694,1487778,84,"Backspace","Backspace","2435","408","m","Remove/Cut"
"3665","3665","3665",1487778,1487861,83,"Backspace","Backspace","2434","408"," ","Remove/Cut"
"3666","3666","3666",1487861,1487944,83,"Backspace","Backspace","2433","408","d","Remove/Cut"
"3667","3667","3667",1487944,1488027,83,"Backspace","Backspace","2432","408","n","Remove/Cut"
"3668","3668","3668",1488027,1488111,84,"Backspace","Backspace","2431","407","a","Remove/Cut"
"3669","3669","3669",1488111,1488194,83,"Backspace","Backspace","2430","407"," ","Remove/Cut"
"3670","3670","3670",1488194,1488276,82,"Backspace","Backspace","2429","407","s","Remove/Cut"
"3671","3671","3671",1488276,1488361,85,"Backspace","Backspace","2428","407","s","Remove/Cut"
"3672","3672","3672",1488361,1488364,3,"Backspace","Backspace","2427","407","e","Remove/Cut"
"3673","3673","3673",1488484,1488540,56,"Backspace","Backspace","2426","407","n","Remove/Cut"
"3674","3674","3674",1488647,1488708,61,"Backspace","Backspace","2425","407","i","Remove/Cut"
"3675","3675","3675",1488812,1488882,70,"Backspace","Backspace","2424","407","p","Remove/Cut"
"3676","3676","3676",1488968,1489028,60,"Backspace","Backspace","2423","407","p","Remove/Cut"
"3677","3677","3677",1489121,1489182,61,"Backspace","Backspace","2422","407","a","Remove/Cut"
"3678","3678","3678",1489264,1489337,73,"Backspace","Backspace","2421","406","h","Remove/Cut"
"3679","3679","3679",1489408,1489482,74,"Backspace","Backspace","2420","406"," ","Remove/Cut"
"3680","3680","3680",1489562,1489637,75,"Backspace","Backspace","2419","406","r","Remove/Cut"
"3681","3681","3681",1489718,1489787,69,"Backspace","Backspace","2418","406","u","Remove/Cut"
"3682","3682","3682",1489864,1489927,63,"Backspace","Backspace","2417","405","o","Remove/Cut"
"3683","3683","3683",1490010,1490087,77,"Backspace","Backspace","2416","405"," ","Remove/Cut"
"3684","3684","3684",1490155,1490254,99,"Backspace","Backspace","2415","405","y","Remove/Cut"
"3685","3685","3685",1490421,1490527,106,"Backspace","Backspace","2414","405","l","Remove/Cut"
"3686","3686","3686",1491073,1491131,58,"l","l","2415","405","l","Input"
"3687","3687","3687",1491307,1491369,62,"i","i","2416","405","i","Input"
"3688","3688","3688",1491440,1491528,88,"f","f","2417","405","f","Input"
"3689","3689","3689",1491573,1491626,53,"y","y","2418","405","y","Input"
"3690","3690","3690",1491720,1491814,94,"Space","Space","2419","405"," ","Input"
"3691","3691","3691",1491972,1492048,76,"o","o","2420","406","o","Input"
"3692","3692","3692",1492012,1492107,95,"u","u","2421","406","u","Input"
"3693","3693","3693",1492105,1492153,48,"r","r","2422","406","r","Input"
"3694","3694","3694",1492208,1492280,72,"Space","Space","2423","406"," ","Input"
"3695","3695","3695",1492363,1492421,58,"m","m","2424","407","m","Input"
"3696","3696","3696",1492474,1492562,88,"e","e","2425","407","e","Input"
"3697","3697","3697",1492517,1492640,123,"a","a","2426","407","a","Input"
"3698","3698","3698",1492643,1492717,74,"n","n","2427","407","n","Input"
"3699","3699","3699",1492720,1492860,140,"s","s","2428","407","s","Input"
"3700","3700","3700",1492827,1492905,78,"Space","Space","2429","407"," ","Input"
"3701","3701","3701",1492977,1493035,58,"o","o","2430","408","o","Input"
"3702","3702","3702",1493050,1493153,103,"f","f","2431","408","f","Input"
"3703","3703","3703",1493150,1493223,73,"Space","Space","2432","408"," ","Input"
"3704","3704","3704",1493277,1493342,65,"h","h","2433","409","h","Input"
"3705","3705","3705",1493392,1493495,103,"a","a","2434","409","a","Input"
"3706","3706","3706",1493498,1493546,48,"p","p","2435","409","p","Input"
"3707","3707","3707",1493610,1493676,66,"p","p","2436","409","p","Input"
"3708","3708","3708",1493805,1493942,137,"i","i","2437","409","i","Input"
"3709","3709","3709",1493910,1494003,93,"n","n","2438","409","n","Input"
"3710","3710","3710",1494013,1494160,147,"e","e","2439","409","e","Input"
"3711","3711","3711",1494114,1494206,92,"s","s","2440","409","s","Input"
"3712","3712","3712",1494277,1494373,96,"s","s","2441","409","s","Input"
"3713","3713","3713",1494370,1494460,90,".",".","2442","409",".","Input"
"3714","3714","3714",1495719,1495776,57,"Space","Space","2443","409"," ","Input"
"3715","3715","3715",1655027,1655180,153,"Leftclick","Leftclick","2443","409","NoChange","Nonproduction"
"3716","3716","3716",1656552,1656629,77,"Space","Space","2444","409"," ","Input"
"3717","3717","3717",1657193,1657286,93,"Backspace","Backspace","2443","409"," ","Remove/Cut"
"3718","3718","3718",1679007,1679106,99,"Leftclick","Leftclick","715","409","NoChange","Nonproduction"
"3719","3719","3719",1679731,1679809,78,"Space","Space","716","409"," ","Input"
"3720","3720","3720",1680490,1680593,103,"a","a","717","410","a","Input"
"3721","3721","3721",1680554,1680645,91,"t","t","718","410","t","Input"
"3722","3722","3722",1680707,1680807,100,"Space","Space","719","410"," ","Input"
"3723","3723","3723",1680912,1681017,105,"a","a","720","411","a","Input"
"3724","3724","3724",1680958,1681071,113,"n","n","721","411","n","Input"
"3725","3725","3725",1681121,1681167,46,"y","y","722","411","y","Input"
"3726","3726","3726",1681237,1681333,96,"Space","Space","723","411"," ","Input"
"3727","3727","3727",1681387,1681491,104,"t","t","724","412","t","Input"
"3728","3728","3728",1681448,1681604,156,"i","i","725","412","i","Input"
"3729","3729","3729",1681559,1681694,135,"m","m","726","412","m","Input"
"3730","3730","3730",1681652,1681738,86,"e","e","727","412","e","Input"
"3731","3731","3731",1693097,1693209,112,"Leftclick","Leftclick","949","412","NoChange","Nonproduction"
"3732","3732","3732",1693988,1694086,98,"Leftclick","Leftclick","956","412","NoChange","Nonproduction"
"3733","3733","3733",1709365,1709468,103,"Leftclick","Leftclick","1081","412","NoChange","Nonproduction"
"3734","3734","3734",1739321,1739419,98,"Leftclick","Leftclick","1481","412","NoChange","Nonproduction"
"3735","3735","3735",1740036,1740141,105,"h","h","1482","412","h","Input"
"3736","3736","3736",1740200,1740302,102,"a","a","1483","412","a","Input"
"3737","3737","3737",1740248,1740410,162,"s","s","1484","412","s","Input"
"3738","3738","3738",1740376,1740483,107,"Space","Space","1485","413"," ","Input"
"3739","3739","3739",1742377,1742478,101,"Backspace","Backspace","1484","412"," ","Remove/Cut"
"3740","3740","3740",1742591,1742630,39,"Backspace","Backspace","1483","412","s","Remove/Cut"
"3741","3741","3741",1742729,1742790,61,"Backspace","Backspace","1482","412","a","Remove/Cut"
"3742","3742","3742",1742873,1742950,77,"Backspace","Backspace","1481","412","h","Remove/Cut"
"3743","3743","3743",1747225,1747289,64,"Leftclick","Leftclick","1375","412","NoChange","Nonproduction"
"3744","3744","3744",1747644,1747713,69,"Backspace","Backspace","1374","412","D","Remove/Cut"
"3745","3745","3745",1747845,1747845,0,"Shift","Shift","1374","412","NoChange","Nonproduction"
"3746","3746","3746",1747993,1748037,44,"P","P","1375","412","P","Input"
"3747","3747","3747",1748190,1748315,125,"e","e","1376","412","e","Input"
"3748","3748","3748",1748278,1748359,81,"r","r","1377","412","r","Input"
"3749","3749","3749",1748450,1748580,130,"s","s","1378","412","s","Input"
"3750","3750","3750",1748550,1748699,149,"o","o","1379","412","o","Input"
"3751","3751","3751",1748654,1748759,105,"n","n","1380","412","n","Input"
"3752","3752","3752",1749148,1749265,117,"a","a","1381","412","a","Input"
"3753","3753","3753",1749227,1749398,171,"l","l","1382","412","l","Input"
"3754","3754","3754",1749360,1749478,118,"Space","Space","1383","413"," ","Input"
"3755","3755","3755",1749652,1749734,82,"d","d","1384","413","d","Input"
"3756","3756","3756",1773119,1773201,82,"Leftclick","Leftclick","1838","413","NoChange","Nonproduction"
"3757","3757","3757",1783679,1785220,1541,"Leftclick","Leftclick","2090","413","NoChange","Nonproduction"
"3758","3758","3758",1786751,1786834,83,"d","d","2087","413","hate => d","Replace"
"3759","3759","3759",1786832,1786891,59,"i","i","2088","413","i","Input"
"3760","3760","3760",1786932,1787015,83,"s","s","2089","413","s","Input"
"3761","3761","3761",1787024,1787079,55,"k","k","2090","413","k","Input"
"3762","3762","3762",1787163,1787237,74,"l","l","2091","413","l","Input"
"3763","3763","3763",1787341,1787404,63,"i","i","2092","413","i","Input"
"3764","3764","3764",1787498,1787571,73,"k","k","2093","413","k","Input"
"3765","3765","3765",1787620,1787667,47,"e","e","2094","413","e","Input"
